time,method,x,y,temperature
1.0,explicit,0.0,0.0,0.06476885381006925
1.0,explicit,0.0,0.07142857142857142,0.06476885381006925
1.0,explicit,0.0,0.14285714285714285,0.06476885381006925
1.0,explicit,0.0,0.21428571428571427,0.06476885381006925
1.0,explicit,0.0,0.2857142857142857,0.06476885381006925
1.0,explicit,0.0,0.3571428571428571,0.06476885381006925
1.0,explicit,0.0,0.42857142857142855,0.06476885381006925
1.0,explicit,0.0,0.5,0.06476885381006925
1.0,explicit,0.0,0.5714285714285714,0.06476885381006925
1.0,explicit,0.0,0.6428571428571428,0.06476885381006925
1.0,explicit,0.0,0.7142857142857142,0.06476885381006925
1.0,explicit,0.0,0.7857142857142857,0.06476885381006925
1.0,explicit,0.0,0.8571428571428571,0.06476885381006925
1.0,explicit,0.0,0.9285714285714285,0.06476885381006925
1.0,explicit,0.0,1.0,0.06476885381006925
1.0,explicit,0.07142857142857142,0.0,0.06476885381006925
1.0,explicit,0.07142857142857142,0.07142857142857142,0.021333956062841896
1.0,explicit,0.07142857142857142,0.14285714285714285,0.04129785047206786
1.0,explicit,0.07142857142857142,0.21428571428571427,0.06169669996603011
1.0,explicit,0.07142857142857142,0.2857142857142857,0.08210486323133623
1.0,explicit,0.07142857142857142,0.3571428571428571,0.10251292169635554
1.0,explicit,0.07142857142857142,0.42857142857142855,0.12289864884025048
1.0,explicit,0.07142857142857142,0.5,0.14169790847122418
1.0,explicit,0.07142857142857142,0.5714285714285714,0.1228986488402505
1.0,explicit,0.07142857142857142,0.6428571428571428,0.10251292169635558
1.0,explicit,0.07142857142857142,0.7142857142857142,0.08210486323133626
1.0,explicit,0.07142857142857142,0.7857142857142857,0.06169669996603012
1.0,explicit,0.07142857142857142,0.8571428571428571,0.041297850472067875
1.0,explicit,0.07142857142857142,0.9285714285714285,0.02133395606284192
1.0,explicit,0.07142857142857142,1.0,0.06476885381006925
1.0,explicit,0.14285714285714285,0.0,0.06476885381006925
1.0,explicit,0.14285714285714285,0.07142857142857142,0.04129785047206786
1.0,explicit,0.14285714285714285,0.14285714285714285,0.0816512806039122
1.0,explicit,0.14285714285714285,0.21428571428571427,0.12245829336318058
1.0,explicit,0.14285714285714285,0.2857142857142857,0.16327461989379283
1.0,explicit,0.14285714285714285,0.3571428571428571,0.20409073682383144
1.0,explicit,0.14285714285714285,0.42857142857142855,0.24486219111162133
1.0,explicit,0.14285714285714285,0.5,0.28246071037356874
1.0,explicit,0.14285714285714285,0.5714285714285714,0.24486219111162136
1.0,explicit,0.14285714285714285,0.6428571428571428,0.20409073682383153
1.0,explicit,0.14285714285714285,0.7142857142857142,0.16327461989379288
1.0,explicit,0.14285714285714285,0.7857142857142857,0.12245829336318059
1.0,explicit,0.14285714285714285,0.8571428571428571,0.08165128060391223
1.0,explicit,0.14285714285714285,0.9285714285714285,0.0412978504720679
1.0,explicit,0.14285714285714285,1.0,0.06476885381006925
1.0,explicit,0.21428571428571427,0.0,0.06476885381006925
1.0,explicit,0.21428571428571427,0.07142857142857142,0.06169669996603011
1.0,explicit,0.21428571428571427,0.14285714285714285,0.12245829336318058
1.0,explicit,0.21428571428571427,0.21428571428571427,0.18367346938775508
1.0,explicit,0.21428571428571427,0.2857142857142857,0.24489795918367344
1.0,explicit,0.21428571428571427,0.3571428571428571,0.3061221345787314
1.0,explicit,0.21428571428571427,0.42857142857142855,0.3672793160104162
1.0,explicit,0.21428571428571427,0.5,0.4236770949033372
1.0,explicit,0.21428571428571427,0.5714285714285714,0.36727931601041625
1.0,explicit,0.21428571428571427,0.6428571428571428,0.3061221345787315
1.0,explicit,0.21428571428571427,0.7142857142857142,0.24489795918367355
1.0,explicit,0.21428571428571427,0.7857142857142857,0.1836734693877551
1.0,explicit,0.21428571428571427,0.8571428571428571,0.12245829336318063
1.0,explicit,0.21428571428571427,0.9285714285714285,0.06169669996603018
1.0,explicit,0.21428571428571427,1.0,0.06476885381006925
1.0,explicit,0.2857142857142857,0.0,0.06476885381006925
1.0,explicit,0.2857142857142857,0.07142857142857142,0.08210486323133623
1.0,explicit,0.2857142857142857,0.14285714285714285,0.16327461989379283
1.0,explicit,0.2857142857142857,0.21428571428571427,0.24489795918367344
1.0,explicit,0.2857142857142857,0.2857142857142857,0.32653061224489793
1.0,explicit,0.2857142857142857,0.3571428571428571,0.40816284610497516
1.0,explicit,0.2857142857142857,0.42857142857142855,0.48970575468055494
1.0,explicit,0.2857142857142857,0.5,0.5649027932044497
1.0,explicit,0.2857142857142857,0.5714285714285714,0.489705754680555
1.0,explicit,0.2857142857142857,0.6428571428571428,0.40816284610497533
1.0,explicit,0.2857142857142857,0.7142857142857142,0.32653061224489804
1.0,explicit,0.2857142857142857,0.7857142857142857,0.24489795918367346
1.0,explicit,0.2857142857142857,0.8571428571428571,0.16327461989379288
1.0,explicit,0.2857142857142857,0.9285714285714285,0.08210486323133633
1.0,explicit,0.2857142857142857,1.0,0.06476885381006925
1.0,explicit,0.3571428571428571,0.0,0.06476885381006925
1.0,explicit,0.3571428571428571,0.07142857142857142,0.10251292169635554
1.0,explicit,0.3571428571428571,0.14285714285714285,0.20409073682383144
1.0,explicit,0.3571428571428571,0.21428571428571427,0.3061221345787314
1.0,explicit,0.3571428571428571,0.2857142857142857,0.40816284610497516
1.0,explicit,0.3571428571428571,0.3571428571428571,0.5102030336297849
1.0,explicit,0.3571428571428571,0.42857142857142855,0.6121315645489729
1.0,explicit,0.3571428571428571,0.5,0.7061277579035544
1.0,explicit,0.3571428571428571,0.5714285714285714,0.612131564548973
1.0,explicit,0.3571428571428571,0.6428571428571428,0.510203033629785
1.0,explicit,0.3571428571428571,0.7142857142857142,0.40816284610497533
1.0,explicit,0.3571428571428571,0.7857142857142857,0.30612213457873144
1.0,explicit,0.3571428571428571,0.8571428571428571,0.20409073682383153
1.0,explicit,0.3571428571428571,0.9285714285714285,0.10251292169635566
1.0,explicit,0.3571428571428571,1.0,0.06476885381006925
1.0,explicit,0.42857142857142855,0.0,0.06476885381006925
1.0,explicit,0.42857142857142855,0.07142857142857142,0.12289864884025048
1.0,explicit,0.42857142857142855,0.14285714285714285,0.24486219111162133
1.0,explicit,0.42857142857142855,0.21428571428571427,0.3672793160104162
1.0,explicit,0.42857142857142855,0.2857142857142857,0.48970575468055494
1.0,explicit,0.42857142857142855,0.3571428571428571,0.6121315645489729
1.0,explicit,0.42857142857142855,0.42857142857142855,0.7344233864906444
1.0,explicit,0.42857142857142855,0.5,0.8471970321565094
1.0,explicit,0.42857142857142855,0.5714285714285714,0.7344233864906445
1.0,explicit,0.42857142857142855,0.6428571428571428,0.6121315645489731
1.0,explicit,0.42857142857142855,0.7142857142857142,0.48970575468055516
1.0,explicit,0.42857142857142855,0.7857142857142857,0.36727931601041625
1.0,explicit,0.42857142857142855,0.8571428571428571,0.24486219111162144
1.0,explicit,0.42857142857142855,0.9285714285714285,0.12289864884025063
1.0,explicit,0.42857142857142855,1.0,0.06476885381006925
1.0,explicit,0.5,0.0,0.06476885381006925
1.0,explicit,0.5,0.07142857142857142,0.14169790847122418
1.0,explicit,0.5,0.14285714285714285,0.28246071037356874
1.0,explicit,0.5,0.21428571428571427,0.4236770949033372
1.0,explicit,0.5,0.2857142857142857,0.5649027932044497
1.0,explicit,0.5,0.3571428571428571,0.7061277579035544
1.0,explicit,0.5,0.42857142857142855,0.8471970321565094
1.0,explicit,0.5,0.5,0.9772491015000715
1.0,explicit,0.5,0.5714285714285714,0.8471970321565095
1.0,explicit,0.5,0.6428571428571428,0.7061277579035546
1.0,explicit,0.5,0.7142857142857142,0.5649027932044499
1.0,explicit,0.5,0.7857142857142857,0.42367709490333727
1.0,explicit,0.5,0.8571428571428571,0.28246071037356885
1.0,explicit,0.5,0.9285714285714285,0.14169790847122435
1.0,explicit,0.5,1.0,0.06476885381006925
1.0,explicit,0.5714285714285714,0.0,0.06476885381006925
1.0,explicit,0.5714285714285714,0.07142857142857142,0.1228986488402505
1.0,explicit,0.5714285714285714,0.14285714285714285,0.24486219111162136
1.0,explicit,0.5714285714285714,0.21428571428571427,0.36727931601041625
1.0,explicit,0.5714285714285714,0.2857142857142857,0.489705754680555
1.0,explicit,0.5714285714285714,0.3571428571428571,0.612131564548973
1.0,explicit,0.5714285714285714,0.42857142857142855,0.7344233864906445
1.0,explicit,0.5714285714285714,0.5,0.8471970321565095
1.0,explicit,0.5714285714285714,0.5714285714285714,0.7344233864906446
1.0,explicit,0.5714285714285714,0.6428571428571428,0.6121315645489731
1.0,explicit,0.5714285714285714,0.7142857142857142,0.4897057546805552
1.0,explicit,0.5714285714285714,0.7857142857142857,0.3672793160104163
1.0,explicit,0.5714285714285714,0.8571428571428571,0.24486219111162147
1.0,explicit,0.5714285714285714,0.9285714285714285,0.12289864884025065
1.0,explicit,0.5714285714285714,1.0,0.06476885381006925
1.0,explicit,0.6428571428571428,0.0,0.06476885381006925
1.0,explicit,0.6428571428571428,0.07142857142857142,0.10251292169635558
1.0,explicit,0.6428571428571428,0.14285714285714285,0.20409073682383153
1.0,explicit,0.6428571428571428,0.21428571428571427,0.3061221345787315
1.0,explicit,0.6428571428571428,0.2857142857142857,0.40816284610497533
1.0,explicit,0.6428571428571428,0.3571428571428571,0.510203033629785
1.0,explicit,0.6428571428571428,0.42857142857142855,0.6121315645489731
1.0,explicit,0.6428571428571428,0.5,0.7061277579035546
1.0,explicit,0.6428571428571428,0.5714285714285714,0.6121315645489731
1.0,explicit,0.6428571428571428,0.6428571428571428,0.5102030336297853
1.0,explicit,0.6428571428571428,0.7142857142857142,0.4081628461049755
1.0,explicit,0.6428571428571428,0.7857142857142857,0.3061221345787315
1.0,explicit,0.6428571428571428,0.8571428571428571,0.2040907368238316
1.0,explicit,0.6428571428571428,0.9285714285714285,0.10251292169635569
1.0,explicit,0.6428571428571428,1.0,0.06476885381006925
1.0,explicit,0.7142857142857142,0.0,0.06476885381006925
1.0,explicit,0.7142857142857142,0.07142857142857142,0.08210486323133626
1.0,explicit,0.7142857142857142,0.14285714285714285,0.16327461989379288
1.0,explicit,0.7142857142857142,0.21428571428571427,0.24489795918367355
1.0,explicit,0.7142857142857142,0.2857142857142857,0.32653061224489804
1.0,explicit,0.7142857142857142,0.3571428571428571,0.40816284610497533
1.0,explicit,0.7142857142857142,0.42857142857142855,0.48970575468055516
1.0,explicit,0.7142857142857142,0.5,0.5649027932044499
1.0,explicit,0.7142857142857142,0.5714285714285714,0.4897057546805552
1.0,explicit,0.7142857142857142,0.6428571428571428,0.4081628461049755
1.0,explicit,0.7142857142857142,0.7142857142857142,0.32653061224489816
1.0,explicit,0.7142857142857142,0.7857142857142857,0.24489795918367357
1.0,explicit,0.7142857142857142,0.8571428571428571,0.16327461989379294
1.0,explicit,0.7142857142857142,0.9285714285714285,0.08210486323133635
1.0,explicit,0.7142857142857142,1.0,0.06476885381006925
1.0,explicit,0.7857142857142857,0.0,0.06476885381006925
1.0,explicit,0.7857142857142857,0.07142857142857142,0.06169669996603012
1.0,explicit,0.7857142857142857,0.14285714285714285,0.12245829336318059
1.0,explicit,0.7857142857142857,0.21428571428571427,0.1836734693877551
1.0,explicit,0.7857142857142857,0.2857142857142857,0.24489795918367346
1.0,explicit,0.7857142857142857,0.3571428571428571,0.30612213457873144
1.0,explicit,0.7857142857142857,0.42857142857142855,0.36727931601041625
1.0,explicit,0.7857142857142857,0.5,0.42367709490333727
1.0,explicit,0.7857142857142857,0.5714285714285714,0.3672793160104163
1.0,explicit,0.7857142857142857,0.6428571428571428,0.3061221345787315
1.0,explicit,0.7857142857142857,0.7142857142857142,0.24489795918367357
1.0,explicit,0.7857142857142857,0.7857142857142857,0.18367346938775514
1.0,explicit,0.7857142857142857,0.8571428571428571,0.12245829336318065
1.0,explicit,0.7857142857142857,0.9285714285714285,0.06169669996603019
1.0,explicit,0.7857142857142857,1.0,0.06476885381006925
1.0,explicit,0.8571428571428571,0.0,0.06476885381006925
1.0,explicit,0.8571428571428571,0.07142857142857142,0.041297850472067875
1.0,explicit,0.8571428571428571,0.14285714285714285,0.08165128060391223
1.0,explicit,0.8571428571428571,0.21428571428571427,0.12245829336318063
1.0,explicit,0.8571428571428571,0.2857142857142857,0.16327461989379288
1.0,explicit,0.8571428571428571,0.3571428571428571,0.20409073682383153
1.0,explicit,0.8571428571428571,0.42857142857142855,0.24486219111162144
1.0,explicit,0.8571428571428571,0.5,0.28246071037356885
1.0,explicit,0.8571428571428571,0.5714285714285714,0.24486219111162147
1.0,explicit,0.8571428571428571,0.6428571428571428,0.2040907368238316
1.0,explicit,0.8571428571428571,0.7142857142857142,0.16327461989379294
1.0,explicit,0.8571428571428571,0.7857142857142857,0.12245829336318065
1.0,explicit,0.8571428571428571,0.8571428571428571,0.08165128060391226
1.0,explicit,0.8571428571428571,0.9285714285714285,0.04129785047206792
1.0,explicit,0.8571428571428571,1.0,0.06476885381006925
1.0,explicit,0.9285714285714285,0.0,0.06476885381006925
1.0,explicit,0.9285714285714285,0.07142857142857142,0.02133395606284192
1.0,explicit,0.9285714285714285,0.14285714285714285,0.0412978504720679
1.0,explicit,0.9285714285714285,0.21428571428571427,0.06169669996603018
1.0,explicit,0.9285714285714285,0.2857142857142857,0.08210486323133633
1.0,explicit,0.9285714285714285,0.3571428571428571,0.10251292169635566
1.0,explicit,0.9285714285714285,0.42857142857142855,0.12289864884025063
1.0,explicit,0.9285714285714285,0.5,0.14169790847122435
1.0,explicit,0.9285714285714285,0.5714285714285714,0.12289864884025065
1.0,explicit,0.9285714285714285,0.6428571428571428,0.10251292169635569
1.0,explicit,0.9285714285714285,0.7142857142857142,0.08210486323133635
1.0,explicit,0.9285714285714285,0.7857142857142857,0.06169669996603019
1.0,explicit,0.9285714285714285,0.8571428571428571,0.04129785047206792
1.0,explicit,0.9285714285714285,0.9285714285714285,0.021333956062841945
1.0,explicit,0.9285714285714285,1.0,0.06476885381006925
1.0,explicit,1.0,0.0,0.06476885381006925
1.0,explicit,1.0,0.07142857142857142,0.06476885381006925
1.0,explicit,1.0,0.14285714285714285,0.06476885381006925
1.0,explicit,1.0,0.21428571428571427,0.06476885381006925
1.0,explicit,1.0,0.2857142857142857,0.06476885381006925
1.0,explicit,1.0,0.3571428571428571,0.06476885381006925
1.0,explicit,1.0,0.42857142857142855,0.06476885381006925
1.0,explicit,1.0,0.5,0.06476885381006925
1.0,explicit,1.0,0.5714285714285714,0.06476885381006925
1.0,explicit,1.0,0.6428571428571428,0.06476885381006925
1.0,explicit,1.0,0.7142857142857142,0.06476885381006925
1.0,explicit,1.0,0.7857142857142857,0.06476885381006925
1.0,explicit,1.0,0.8571428571428571,0.06476885381006925
1.0,explicit,1.0,0.9285714285714285,0.06476885381006925
1.0,explicit,1.0,1.0,0.06476885381006925
2.0,explicit,0.0,0.0,0.15230298564080255
2.0,explicit,0.0,0.07142857142857142,0.15230298564080255
2.0,explicit,0.0,0.14285714285714285,0.15230298564080255
2.0,explicit,0.0,0.21428571428571427,0.15230298564080255
2.0,explicit,0.0,0.2857142857142857,0.15230298564080255
2.0,explicit,0.0,0.3571428571428571,0.15230298564080255
2.0,explicit,0.0,0.42857142857142855,0.15230298564080255
2.0,explicit,0.0,0.5,0.15230298564080255
2.0,explicit,0.0,0.5714285714285714,0.15230298564080255
2.0,explicit,0.0,0.6428571428571428,0.15230298564080255
2.0,explicit,0.0,0.7142857142857142,0.15230298564080255
2.0,explicit,0.0,0.7857142857142857,0.15230298564080255
2.0,explicit,0.0,0.8571428571428571,0.15230298564080255
2.0,explicit,0.0,0.9285714285714285,0.15230298564080255
2.0,explicit,0.0,1.0,0.15230298564080255
2.0,explicit,0.07142857142857142,0.0,0.15230298564080255
2.0,explicit,0.07142857142857142,0.07142857142857142,0.023070239003207527
2.0,explicit,0.07142857142857142,0.14285714285714285,0.04217777638477541
2.0,explicit,0.07142857142857142,0.21428571428571427,0.06257092496248771
2.0,explicit,0.07142857142857142,0.2857142857142857,0.0829789592560525
2.0,explicit,0.07142857142857142,0.3571428571428571,0.10338671336567606
2.0,explicit,0.07142857142857142,0.42857142857142855,0.12375102225463389
2.0,explicit,0.07142857142857142,0.5,0.14205715647286235
2.0,explicit,0.07142857142857142,0.5714285714285714,0.1237510222546339
2.0,explicit,0.07142857142857142,0.6428571428571428,0.1033867133656761
2.0,explicit,0.07142857142857142,0.7142857142857142,0.08297895925605253
2.0,explicit,0.07142857142857142,0.7857142857142857,0.06257092496248771
2.0,explicit,0.07142857142857142,0.8571428571428571,0.04217777638477543
2.0,explicit,0.07142857142857142,0.9285714285714285,0.02307023900320755
2.0,explicit,0.07142857142857142,1.0,0.15230298564080255
2.0,explicit,0.14285714285714285,0.0,0.15230298564080255
2.0,explicit,0.14285714285714285,0.07142857142857142,0.04217777638477541
2.0,explicit,0.14285714285714285,0.14285714285714285,0.08166370272981167
2.0,explicit,0.14285714285714285,0.21428571428571427,0.12246463196280526
2.0,explicit,0.14285714285714285,0.2857142857142857,0.1632808280866098
2.0,explicit,0.14285714285714285,0.3571428571428571,0.2040963363058569
2.0,explicit,0.14285714285714285,0.42857142857142855,0.24482495408377256
2.0,explicit,0.14285714285714285,0.5,0.2814372225202295
2.0,explicit,0.14285714285714285,0.5714285714285714,0.24482495408377258
2.0,explicit,0.14285714285714285,0.6428571428571428,0.204096336305857
2.0,explicit,0.14285714285714285,0.7142857142857142,0.16328082808660985
2.0,explicit,0.14285714285714285,0.7857142857142857,0.12246463196280527
2.0,explicit,0.14285714285714285,0.8571428571428571,0.0816637027298117
2.0,explicit,0.14285714285714285,0.9285714285714285,0.042177776384775455
2.0,explicit,0.14285714285714285,1.0,0.15230298564080255
2.0,explicit,0.21428571428571427,0.0,0.15230298564080255
2.0,explicit,0.21428571428571427,0.07142857142857142,0.06257092496248771
2.0,explicit,0.21428571428571427,0.14285714285714285,0.12246463196280526
2.0,explicit,0.21428571428571427,0.21428571428571427,0.18367372446110497
2.0,explicit,0.21428571428571427,0.2857142857142857,0.24489808241514924
2.0,explicit,0.21428571428571427,0.3571428571428571,0.3061213447440199
2.0,explicit,0.21428571428571427,0.42857142857142855,0.36721427141089336
2.0,explicit,0.21428571428571427,0.5,0.42213267406557875
2.0,explicit,0.21428571428571427,0.5714285714285714,0.3672142714108934
2.0,explicit,0.21428571428571427,0.6428571428571428,0.30612134474402003
2.0,explicit,0.21428571428571427,0.7142857142857142,0.24489808241514935
2.0,explicit,0.21428571428571427,0.7857142857142857,0.183673724461105
2.0,explicit,0.21428571428571427,0.8571428571428571,0.12246463196280531
2.0,explicit,0.21428571428571427,0.9285714285714285,0.06257092496248778
2.0,explicit,0.21428571428571427,1.0,0.15230298564080255
2.0,explicit,0.2857142857142857,0.0,0.15230298564080255
2.0,explicit,0.2857142857142857,0.07142857142857142,0.0829789592560525
2.0,explicit,0.2857142857142857,0.14285714285714285,0.1632808280866098
2.0,explicit,0.2857142857142857,0.21428571428571427,0.24489808241514924
2.0,explicit,0.2857142857142857,0.2857142857142857,0.32653060076436685
2.0,explicit,0.2857142857142857,0.3571428571428571,0.40816161576779475
2.0,explicit,0.2857142857142857,0.42857142857142855,0.48961884988855964
2.0,explicit,0.2857142857142857,0.5,0.5628433853264071
2.0,explicit,0.2857142857142857,0.5714285714285714,0.4896188498885597
2.0,explicit,0.2857142857142857,0.6428571428571428,0.4081616157677949
2.0,explicit,0.2857142857142857,0.7142857142857142,0.32653060076436696
2.0,explicit,0.2857142857142857,0.7857142857142857,0.24489808241514927
2.0,explicit,0.2857142857142857,0.8571428571428571,0.16328082808660985
2.0,explicit,0.2857142857142857,0.9285714285714285,0.0829789592560526
2.0,explicit,0.2857142857142857,1.0,0.15230298564080255
2.0,explicit,0.3571428571428571,0.0,0.15230298564080255
2.0,explicit,0.3571428571428571,0.07142857142857142,0.10338671336567606
2.0,explicit,0.3571428571428571,0.14285714285714285,0.2040963363058569
2.0,explicit,0.3571428571428571,0.21428571428571427,0.3061213447440199
2.0,explicit,0.3571428571428571,0.2857142857142857,0.40816161576779475
2.0,explicit,0.3571428571428571,0.3571428571428571,0.5101999757251636
2.0,explicit,0.3571428571428571,0.42857142857142855,0.6120211095792037
2.0,explicit,0.3571428571428571,0.5,0.7035513815601282
2.0,explicit,0.3571428571428571,0.5714285714285714,0.6120211095792039
2.0,explicit,0.3571428571428571,0.6428571428571428,0.5101999757251637
2.0,explicit,0.3571428571428571,0.7142857142857142,0.4081616157677949
2.0,explicit,0.3571428571428571,0.7857142857142857,0.30612134474402
2.0,explicit,0.3571428571428571,0.8571428571428571,0.204096336305857
2.0,explicit,0.3571428571428571,0.9285714285714285,0.10338671336567619
2.0,explicit,0.3571428571428571,1.0,0.15230298564080255
2.0,explicit,0.42857142857142855,0.0,0.15230298564080255
2.0,explicit,0.42857142857142855,0.07142857142857142,0.12375102225463389
2.0,explicit,0.42857142857142855,0.14285714285714285,0.24482495408377256
2.0,explicit,0.42857142857142855,0.21428571428571427,0.36721427141089336
2.0,explicit,0.42857142857142855,0.2857142857142857,0.48961884988855964
2.0,explicit,0.42857142857142855,0.3571428571428571,0.6120211095792037
2.0,explicit,0.42857142857142855,0.42857142857142855,0.7341627151666499
2.0,explicit,0.42857142857142855,0.5,0.8439576731312931
2.0,explicit,0.42857142857142855,0.5714285714285714,0.73416271516665
2.0,explicit,0.42857142857142855,0.6428571428571428,0.612021109579204
2.0,explicit,0.42857142857142855,0.7142857142857142,0.48961884988855986
2.0,explicit,0.42857142857142855,0.7857142857142857,0.3672142714108934
2.0,explicit,0.42857142857142855,0.8571428571428571,0.24482495408377267
2.0,explicit,0.42857142857142855,0.9285714285714285,0.12375102225463404
2.0,explicit,0.42857142857142855,1.0,0.15230298564080255
2.0,explicit,0.5,0.0,0.15230298564080255
2.0,explicit,0.5,0.07142857142857142,0.14205715647286235
2.0,explicit,0.5,0.14285714285714285,0.2814372225202295
2.0,explicit,0.5,0.21428571428571427,0.42213267406557875
2.0,explicit,0.5,0.2857142857142857,0.5628433853264071
2.0,explicit,0.5,0.3571428571428571,0.7035513815601282
2.0,explicit,0.5,0.42857142857142855,0.8439576731312931
2.0,explicit,0.5,0.5,0.9701257106063386
2.0,explicit,0.5,0.5714285714285714,0.8439576731312932
2.0,explicit,0.5,0.6428571428571428,0.7035513815601284
2.0,explicit,0.5,0.7142857142857142,0.5628433853264073
2.0,explicit,0.5,0.7857142857142857,0.4221326740655788
2.0,explicit,0.5,0.8571428571428571,0.2814372225202296
2.0,explicit,0.5,0.9285714285714285,0.14205715647286252
2.0,explicit,0.5,1.0,0.15230298564080255
2.0,explicit,0.5714285714285714,0.0,0.15230298564080255
2.0,explicit,0.5714285714285714,0.07142857142857142,0.1237510222546339
2.0,explicit,0.5714285714285714,0.14285714285714285,0.24482495408377258
2.0,explicit,0.5714285714285714,0.21428571428571427,0.3672142714108934
2.0,explicit,0.5714285714285714,0.2857142857142857,0.4896188498885597
2.0,explicit,0.5714285714285714,0.3571428571428571,0.6120211095792039
2.0,explicit,0.5714285714285714,0.42857142857142855,0.73416271516665
2.0,explicit,0.5714285714285714,0.5,0.8439576731312932
2.0,explicit,0.5714285714285714,0.5714285714285714,0.7341627151666501
2.0,explicit,0.5714285714285714,0.6428571428571428,0.612021109579204
2.0,explicit,0.5714285714285714,0.7142857142857142,0.4896188498885599
2.0,explicit,0.5714285714285714,0.7857142857142857,0.36721427141089347
2.0,explicit,0.5714285714285714,0.8571428571428571,0.2448249540837727
2.0,explicit,0.5714285714285714,0.9285714285714285,0.12375102225463405
2.0,explicit,0.5714285714285714,1.0,0.15230298564080255
2.0,explicit,0.6428571428571428,0.0,0.15230298564080255
2.0,explicit,0.6428571428571428,0.07142857142857142,0.1033867133656761
2.0,explicit,0.6428571428571428,0.14285714285714285,0.204096336305857
2.0,explicit,0.6428571428571428,0.21428571428571427,0.30612134474402003
2.0,explicit,0.6428571428571428,0.2857142857142857,0.4081616157677949
2.0,explicit,0.6428571428571428,0.3571428571428571,0.5101999757251637
2.0,explicit,0.6428571428571428,0.42857142857142855,0.612021109579204
2.0,explicit,0.6428571428571428,0.5,0.7035513815601284
2.0,explicit,0.6428571428571428,0.5714285714285714,0.612021109579204
2.0,explicit,0.6428571428571428,0.6428571428571428,0.510199975725164
2.0,explicit,0.6428571428571428,0.7142857142857142,0.4081616157677951
2.0,explicit,0.6428571428571428,0.7857142857142857,0.30612134474402003
2.0,explicit,0.6428571428571428,0.8571428571428571,0.20409633630585708
2.0,explicit,0.6428571428571428,0.9285714285714285,0.10338671336567622
2.0,explicit,0.6428571428571428,1.0,0.15230298564080255
2.0,explicit,0.7142857142857142,0.0,0.15230298564080255
2.0,explicit,0.7142857142857142,0.07142857142857142,0.08297895925605253
2.0,explicit,0.7142857142857142,0.14285714285714285,0.16328082808660985
2.0,explicit,0.7142857142857142,0.21428571428571427,0.24489808241514935
2.0,explicit,0.7142857142857142,0.2857142857142857,0.32653060076436696
2.0,explicit,0.7142857142857142,0.3571428571428571,0.4081616157677949
2.0,explicit,0.7142857142857142,0.42857142857142855,0.48961884988855986
2.0,explicit,0.7142857142857142,0.5,0.5628433853264073
2.0,explicit,0.7142857142857142,0.5714285714285714,0.4896188498885599
2.0,explicit,0.7142857142857142,0.6428571428571428,0.4081616157677951
2.0,explicit,0.7142857142857142,0.7142857142857142,0.3265306007643671
2.0,explicit,0.7142857142857142,0.7857142857142857,0.24489808241514938
2.0,explicit,0.7142857142857142,0.8571428571428571,0.1632808280866099
2.0,explicit,0.7142857142857142,0.9285714285714285,0.08297895925605263
2.0,explicit,0.7142857142857142,1.0,0.15230298564080255
2.0,explicit,0.7857142857142857,0.0,0.15230298564080255
2.0,explicit,0.7857142857142857,0.07142857142857142,0.06257092496248773
2.0,explicit,0.7857142857142857,0.14285714285714285,0.12246463196280527
2.0,explicit,0.7857142857142857,0.21428571428571427,0.183673724461105
2.0,explicit,0.7857142857142857,0.2857142857142857,0.24489808241514927
2.0,explicit,0.7857142857142857,0.3571428571428571,0.30612134474402
2.0,explicit,0.7857142857142857,0.42857142857142855,0.3672142714108934
2.0,explicit,0.7857142857142857,0.5,0.4221326740655788
2.0,explicit,0.7857142857142857,0.5714285714285714,0.36721427141089347
2.0,explicit,0.7857142857142857,0.6428571428571428,0.30612134474402003
2.0,explicit,0.7857142857142857,0.7142857142857142,0.24489808241514938
2.0,explicit,0.7857142857142857,0.7857142857142857,0.18367372446110503
2.0,explicit,0.7857142857142857,0.8571428571428571,0.12246463196280533
2.0,explicit,0.7857142857142857,0.9285714285714285,0.0625709249624878
2.0,explicit,0.7857142857142857,1.0,0.15230298564080255
2.0,explicit,0.8571428571428571,0.0,0.15230298564080255
2.0,explicit,0.8571428571428571,0.07142857142857142,0.04217777638477543
2.0,explicit,0.8571428571428571,0.14285714285714285,0.0816637027298117
2.0,explicit,0.8571428571428571,0.21428571428571427,0.12246463196280531
2.0,explicit,0.8571428571428571,0.2857142857142857,0.16328082808660985
2.0,explicit,0.8571428571428571,0.3571428571428571,0.204096336305857
2.0,explicit,0.8571428571428571,0.42857142857142855,0.24482495408377267
2.0,explicit,0.8571428571428571,0.5,0.2814372225202296
2.0,explicit,0.8571428571428571,0.5714285714285714,0.2448249540837727
2.0,explicit,0.8571428571428571,0.6428571428571428,0.20409633630585708
2.0,explicit,0.8571428571428571,0.7142857142857142,0.1632808280866099
2.0,explicit,0.8571428571428571,0.7857142857142857,0.12246463196280533
2.0,explicit,0.8571428571428571,0.8571428571428571,0.08166370272981173
2.0,explicit,0.8571428571428571,0.9285714285714285,0.04217777638477547
2.0,explicit,0.8571428571428571,1.0,0.15230298564080255
2.0,explicit,0.9285714285714285,0.0,0.15230298564080255
2.0,explicit,0.9285714285714285,0.07142857142857142,0.02307023900320755
2.0,explicit,0.9285714285714285,0.14285714285714285,0.042177776384775455
2.0,explicit,0.9285714285714285,0.21428571428571427,0.06257092496248778
2.0,explicit,0.9285714285714285,0.2857142857142857,0.0829789592560526
2.0,explicit,0.9285714285714285,0.3571428571428571,0.10338671336567619
2.0,explicit,0.9285714285714285,0.42857142857142855,0.12375102225463404
2.0,explicit,0.9285714285714285,0.5,0.14205715647286252
2.0,explicit,0.9285714285714285,0.5714285714285714,0.12375102225463405
2.0,explicit,0.9285714285714285,0.6428571428571428,0.10338671336567622
2.0,explicit,0.9285714285714285,0.7142857142857142,0.08297895925605263
2.0,explicit,0.9285714285714285,0.7857142857142857,0.06257092496248778
2.0,explicit,0.9285714285714285,0.8571428571428571,0.04217777638477547
2.0,explicit,0.9285714285714285,0.9285714285714285,0.023070239003207576
2.0,explicit,0.9285714285714285,1.0,0.15230298564080255
2.0,explicit,1.0,0.0,0.15230298564080255
2.0,explicit,1.0,0.07142857142857142,0.15230298564080255
2.0,explicit,1.0,0.14285714285714285,0.15230298564080255
2.0,explicit,1.0,0.21428571428571427,0.15230298564080255
2.0,explicit,1.0,0.2857142857142857,0.15230298564080255
2.0,explicit,1.0,0.3571428571428571,0.15230298564080255
2.0,explicit,1.0,0.42857142857142855,0.15230298564080255
2.0,explicit,1.0,0.5,0.15230298564080255
2.0,explicit,1.0,0.5714285714285714,0.15230298564080255
2.0,explicit,1.0,0.6428571428571428,0.15230298564080255
2.0,explicit,1.0,0.7142857142857142,0.15230298564080255
2.0,explicit,1.0,0.7857142857142857,0.15230298564080255
2.0,explicit,1.0,0.8571428571428571,0.15230298564080255
2.0,explicit,1.0,0.9285714285714285,0.15230298564080255
2.0,explicit,1.0,1.0,0.15230298564080255
3.0,explicit,0.0,0.0,-0.023413695694918055
3.0,explicit,0.0,0.07142857142857142,-0.023413695694918055
3.0,explicit,0.0,0.14285714285714285,-0.023413695694918055
3.0,explicit,0.0,0.21428571428571427,-0.023413695694918055
3.0,explicit,0.0,0.2857142857142857,-0.023413695694918055
3.0,explicit,0.0,0.3571428571428571,-0.023413695694918055
3.0,explicit,0.0,0.42857142857142855,-0.023413695694918055
3.0,explicit,0.0,0.5,-0.023413695694918055
3.0,explicit,0.0,0.5714285714285714,-0.023413695694918055
3.0,explicit,0.0,0.6428571428571428,-0.023413695694918055
3.0,explicit,0.0,0.7142857142857142,-0.023413695694918055
3.0,explicit,0.0,0.7857142857142857,-0.023413695694918055
3.0,explicit,0.0,0.8571428571428571,-0.023413695694918055
3.0,explicit,0.0,0.9285714285714285,-0.023413695694918055
3.0,explicit,0.0,1.0,-0.023413695694918055
3.0,explicit,0.07142857142857142,0.0,-0.023413695694918055
3.0,explicit,0.07142857142857142,0.07142857142857142,0.026217063331456184
3.0,explicit,0.07142857142857142,0.14285714285714285,0.04387517167299677
3.0,explicit,0.07142857142857142,0.21428571428571427,0.06420728007801353
3.0,explicit,0.07142857142857142,0.2857142857142857,0.08461466718728419
3.0,explicit,0.07142857142857142,0.3571428571428571,0.10502087476394639
3.0,explicit,0.07142857142857142,0.42857142857142855,0.12532427518911718
3.0,explicit,0.07142857142857142,0.5,0.14270314691785904
3.0,explicit,0.07142857142857142,0.5714285714285714,0.1253242751891172
3.0,explicit,0.07142857142857142,0.6428571428571428,0.10502087476394643
3.0,explicit,0.07142857142857142,0.7142857142857142,0.08461466718728422
3.0,explicit,0.07142857142857142,0.7857142857142857,0.06420728007801353
3.0,explicit,0.07142857142857142,0.8571428571428571,0.04387517167299678
3.0,explicit,0.07142857142857142,0.9285714285714285,0.02621706333145621
3.0,explicit,0.07142857142857142,1.0,-0.023413695694918055
3.0,explicit,0.14285714285714285,0.0,-0.023413695694918055
3.0,explicit,0.14285714285714285,0.07142857142857142,0.04387517167299677
3.0,explicit,0.14285714285714285,0.14285714285714285,0.08179084490224868
3.0,explicit,0.14285714285714285,0.21428571428571427,0.12252888025165608
3.0,explicit,0.14285714285714285,0.2857142857142857,0.1633443857027753
3.0,explicit,0.14285714285714285,0.3571428571428571,0.20415680690095167
3.0,explicit,0.14285714285714285,0.42857142857142855,0.24476360777493827
3.0,explicit,0.14285714285714285,0.5,0.27952135123215294
3.0,explicit,0.14285714285714285,0.5714285714285714,0.2447636077749383
3.0,explicit,0.14285714285714285,0.6428571428571428,0.20415680690095175
3.0,explicit,0.14285714285714285,0.7142857142857142,0.16334438570277535
3.0,explicit,0.14285714285714285,0.7857142857142857,0.12252888025165609
3.0,explicit,0.14285714285714285,0.8571428571428571,0.08179084490224871
3.0,explicit,0.14285714285714285,0.9285714285714285,0.04387517167299681
3.0,explicit,0.14285714285714285,1.0,-0.023413695694918055
3.0,explicit,0.21428571428571427,0.0,-0.023413695694918055
3.0,explicit,0.21428571428571427,0.07142857142857142,0.06420728007801353
3.0,explicit,0.21428571428571427,0.14285714285714285,0.12252888025165608
3.0,explicit,0.21428571428571427,0.21428571428571427,0.18367504203095542
3.0,explicit,0.21428571428571427,0.2857142857142857,0.24489868991364538
3.0,explicit,0.21428571428571427,0.3571428571428571,0.30611732473823033
3.0,explicit,0.21428571428571427,0.42857142857142855,0.36702752594635657
3.0,explicit,0.21428571428571427,0.5,0.41916414102059696
3.0,explicit,0.21428571428571427,0.5714285714285714,0.3670275259463566
3.0,explicit,0.21428571428571427,0.6428571428571428,0.30611732473823045
3.0,explicit,0.21428571428571427,0.7142857142857142,0.24489868991364547
3.0,explicit,0.21428571428571427,0.7857142857142857,0.18367504203095544
3.0,explicit,0.21428571428571427,0.8571428571428571,0.12252888025165613
3.0,explicit,0.21428571428571427,0.9285714285714285,0.0642072800780136
3.0,explicit,0.21428571428571427,1.0,-0.023413695694918055
3.0,explicit,0.2857142857142857,0.0,-0.023413695694918055
3.0,explicit,0.2857142857142857,0.07142857142857142,0.08461466718728419
3.0,explicit,0.2857142857142857,0.14285714285714285,0.1633443857027753
3.0,explicit,0.2857142857142857,0.21428571428571427,0.24489868991364538
3.0,explicit,0.2857142857142857,0.2857142857142857,0.32653046010234327
3.0,explicit,0.2857142857142857,0.3571428571428571,0.40815528818863295
3.0,explicit,0.2857142857142857,0.42857142857142855,0.4893688693742676
3.0,explicit,0.2857142857142857,0.5,0.5588843368233731
3.0,explicit,0.2857142857142857,0.5714285714285714,0.48936886937426766
3.0,explicit,0.2857142857142857,0.6428571428571428,0.4081552881886331
3.0,explicit,0.2857142857142857,0.7142857142857142,0.3265304601023434
3.0,explicit,0.2857142857142857,0.7857142857142857,0.2448986899136454
3.0,explicit,0.2857142857142857,0.8571428571428571,0.16334438570277535
3.0,explicit,0.2857142857142857,0.9285714285714285,0.08461466718728428
3.0,explicit,0.2857142857142857,1.0,-0.023413695694918055
3.0,explicit,0.3571428571428571,0.0,-0.023413695694918055
3.0,explicit,0.3571428571428571,0.07142857142857142,0.10502087476394639
3.0,explicit,0.3571428571428571,0.14285714285714285,0.20415680690095167
3.0,explicit,0.3571428571428571,0.21428571428571427,0.30611732473823033
3.0,explicit,0.3571428571428571,0.2857142857142857,0.40815528818863295
3.0,explicit,0.3571428571428571,0.3571428571428571,0.5101843805030875
3.0,explicit,0.3571428571428571,0.42857142857142855,0.6116994148616325
3.0,explicit,0.3571428571428571,0.5,0.6985919617892277
3.0,explicit,0.3571428571428571,0.5714285714285714,0.6116994148616325
3.0,explicit,0.3571428571428571,0.6428571428571428,0.5101843805030876
3.0,explicit,0.3571428571428571,0.7142857142857142,0.4081552881886331
3.0,explicit,0.3571428571428571,0.7857142857142857,0.3061173247382304
3.0,explicit,0.3571428571428571,0.8571428571428571,0.20415680690095175
3.0,explicit,0.3571428571428571,0.9285714285714285,0.10502087476394649
3.0,explicit,0.3571428571428571,1.0,-0.023413695694918055
3.0,explicit,0.42857142857142855,0.0,-0.023413695694918055
3.0,explicit,0.42857142857142855,0.07142857142857142,0.12532427518911718
3.0,explicit,0.42857142857142855,0.14285714285714285,0.24476360777493827
3.0,explicit,0.42857142857142855,0.21428571428571427,0.36702752594635657
3.0,explicit,0.42857142857142855,0.2857142857142857,0.4893688693742676
3.0,explicit,0.42857142857142855,0.3571428571428571,0.6116994148616325
3.0,explicit,0.42857142857142855,0.42857142857142855,0.7334133221920942
3.0,explicit,0.42857142857142855,0.5,0.8375910002030849
3.0,explicit,0.42857142857142855,0.5714285714285714,0.7334133221920943
3.0,explicit,0.42857142857142855,0.6428571428571428,0.6116994148616326
3.0,explicit,0.42857142857142855,0.7142857142857142,0.4893688693742678
3.0,explicit,0.42857142857142855,0.7857142857142857,0.3670275259463566
3.0,explicit,0.42857142857142855,0.8571428571428571,0.24476360777493839
3.0,explicit,0.42857142857142855,0.9285714285714285,0.12532427518911735
3.0,explicit,0.42857142857142855,1.0,-0.023413695694918055
3.0,explicit,0.5,0.0,-0.023413695694918055
3.0,explicit,0.5,0.07142857142857142,0.14270314691785904
3.0,explicit,0.5,0.14285714285714285,0.27952135123215294
3.0,explicit,0.5,0.21428571428571427,0.41916414102059696
3.0,explicit,0.5,0.2857142857142857,0.5588843368233731
3.0,explicit,0.5,0.3571428571428571,0.6985919617892277
3.0,explicit,0.5,0.42857142857142855,0.8375910002030849
3.0,explicit,0.5,0.5,0.9565075531890268
3.0,explicit,0.5,0.5714285714285714,0.837591000203085
3.0,explicit,0.5,0.6428571428571428,0.6985919617892279
3.0,explicit,0.5,0.7142857142857142,0.5588843368233734
3.0,explicit,0.5,0.7857142857142857,0.419164141020597
3.0,explicit,0.5,0.8571428571428571,0.27952135123215305
3.0,explicit,0.5,0.9285714285714285,0.1427031469178592
3.0,explicit,0.5,1.0,-0.023413695694918055
3.0,explicit,0.5714285714285714,0.0,-0.023413695694918055
3.0,explicit,0.5714285714285714,0.07142857142857142,0.1253242751891172
3.0,explicit,0.5714285714285714,0.14285714285714285,0.2447636077749383
3.0,explicit,0.5714285714285714,0.21428571428571427,0.3670275259463566
3.0,explicit,0.5714285714285714,0.2857142857142857,0.48936886937426766
3.0,explicit,0.5714285714285714,0.3571428571428571,0.6116994148616325
3.0,explicit,0.5714285714285714,0.42857142857142855,0.7334133221920943
3.0,explicit,0.5714285714285714,0.5,0.837591000203085
3.0,explicit,0.5714285714285714,0.5714285714285714,0.7334133221920944
3.0,explicit,0.5714285714285714,0.6428571428571428,0.6116994148616327
3.0,explicit,0.5714285714285714,0.7142857142857142,0.4893688693742679
3.0,explicit,0.5714285714285714,0.7857142857142857,0.3670275259463567
3.0,explicit,0.5714285714285714,0.8571428571428571,0.2447636077749384
3.0,explicit,0.5714285714285714,0.9285714285714285,0.12532427518911735
3.0,explicit,0.5714285714285714,1.0,-0.023413695694918055
3.0,explicit,0.6428571428571428,0.0,-0.023413695694918055
3.0,explicit,0.6428571428571428,0.07142857142857142,0.10502087476394643
3.0,explicit,0.6428571428571428,0.14285714285714285,0.20415680690095175
3.0,explicit,0.6428571428571428,0.21428571428571427,0.30611732473823045
3.0,explicit,0.6428571428571428,0.2857142857142857,0.4081552881886331
3.0,explicit,0.6428571428571428,0.3571428571428571,0.5101843805030876
3.0,explicit,0.6428571428571428,0.42857142857142855,0.6116994148616326
3.0,explicit,0.6428571428571428,0.5,0.6985919617892279
3.0,explicit,0.6428571428571428,0.5714285714285714,0.6116994148616327
3.0,explicit,0.6428571428571428,0.6428571428571428,0.5101843805030878
3.0,explicit,0.6428571428571428,0.7142857142857142,0.4081552881886333
3.0,explicit,0.6428571428571428,0.7857142857142857,0.30611732473823045
3.0,explicit,0.6428571428571428,0.8571428571428571,0.20415680690095184
3.0,explicit,0.6428571428571428,0.9285714285714285,0.10502087476394653
3.0,explicit,0.6428571428571428,1.0,-0.023413695694918055
3.0,explicit,0.7142857142857142,0.0,-0.023413695694918055
3.0,explicit,0.7142857142857142,0.07142857142857142,0.08461466718728422
3.0,explicit,0.7142857142857142,0.14285714285714285,0.16334438570277535
3.0,explicit,0.7142857142857142,0.21428571428571427,0.24489868991364547
3.0,explicit,0.7142857142857142,0.2857142857142857,0.3265304601023434
3.0,explicit,0.7142857142857142,0.3571428571428571,0.4081552881886331
3.0,explicit,0.7142857142857142,0.42857142857142855,0.4893688693742678
3.0,explicit,0.7142857142857142,0.5,0.5588843368233734
3.0,explicit,0.7142857142857142,0.5714285714285714,0.4893688693742679
3.0,explicit,0.7142857142857142,0.6428571428571428,0.4081552881886333
3.0,explicit,0.7142857142857142,0.7142857142857142,0.3265304601023435
3.0,explicit,0.7142857142857142,0.7857142857142857,0.24489868991364552
3.0,explicit,0.7142857142857142,0.8571428571428571,0.1633443857027754
3.0,explicit,0.7142857142857142,0.9285714285714285,0.0846146671872843
3.0,explicit,0.7142857142857142,1.0,-0.023413695694918055
3.0,explicit,0.7857142857142857,0.0,-0.023413695694918055
3.0,explicit,0.7857142857142857,0.07142857142857142,0.06420728007801355
3.0,explicit,0.7857142857142857,0.14285714285714285,0.12252888025165609
3.0,explicit,0.7857142857142857,0.21428571428571427,0.18367504203095544
3.0,explicit,0.7857142857142857,0.2857142857142857,0.2448986899136454
3.0,explicit,0.7857142857142857,0.3571428571428571,0.3061173247382304
3.0,explicit,0.7857142857142857,0.42857142857142855,0.3670275259463566
3.0,explicit,0.7857142857142857,0.5,0.419164141020597
3.0,explicit,0.7857142857142857,0.5714285714285714,0.3670275259463567
3.0,explicit,0.7857142857142857,0.6428571428571428,0.30611732473823045
3.0,explicit,0.7857142857142857,0.7142857142857142,0.24489868991364552
3.0,explicit,0.7857142857142857,0.7857142857142857,0.18367504203095547
3.0,explicit,0.7857142857142857,0.8571428571428571,0.12252888025165615
3.0,explicit,0.7857142857142857,0.9285714285714285,0.06420728007801361
3.0,explicit,0.7857142857142857,1.0,-0.023413695694918055
3.0,explicit,0.8571428571428571,0.0,-0.023413695694918055
3.0,explicit,0.8571428571428571,0.07142857142857142,0.04387517167299678
3.0,explicit,0.8571428571428571,0.14285714285714285,0.08179084490224871
3.0,explicit,0.8571428571428571,0.21428571428571427,0.12252888025165613
3.0,explicit,0.8571428571428571,0.2857142857142857,0.16334438570277535
3.0,explicit,0.8571428571428571,0.3571428571428571,0.20415680690095175
3.0,explicit,0.8571428571428571,0.42857142857142855,0.24476360777493839
3.0,explicit,0.8571428571428571,0.5,0.27952135123215305
3.0,explicit,0.8571428571428571,0.5714285714285714,0.2447636077749384
3.0,explicit,0.8571428571428571,0.6428571428571428,0.20415680690095184
3.0,explicit,0.8571428571428571,0.7142857142857142,0.1633443857027754
3.0,explicit,0.8571428571428571,0.7857142857142857,0.12252888025165615
3.0,explicit,0.8571428571428571,0.8571428571428571,0.08179084490224874
3.0,explicit,0.8571428571428571,0.9285714285714285,0.04387517167299682
3.0,explicit,0.8571428571428571,1.0,-0.023413695694918055
3.0,explicit,0.9285714285714285,0.0,-0.023413695694918055
3.0,explicit,0.9285714285714285,0.07142857142857142,0.02621706333145621
3.0,explicit,0.9285714285714285,0.14285714285714285,0.04387517167299681
3.0,explicit,0.9285714285714285,0.21428571428571427,0.0642072800780136
3.0,explicit,0.9285714285714285,0.2857142857142857,0.08461466718728429
3.0,explicit,0.9285714285714285,0.3571428571428571,0.10502087476394649
3.0,explicit,0.9285714285714285,0.42857142857142855,0.12532427518911735
3.0,explicit,0.9285714285714285,0.5,0.1427031469178592
3.0,explicit,0.9285714285714285,0.5714285714285714,0.12532427518911735
3.0,explicit,0.9285714285714285,0.6428571428571428,0.10502087476394653
3.0,explicit,0.9285714285714285,0.7142857142857142,0.08461466718728432
3.0,explicit,0.9285714285714285,0.7857142857142857,0.0642072800780136
3.0,explicit,0.9285714285714285,0.8571428571428571,0.04387517167299682
3.0,explicit,0.9285714285714285,0.9285714285714285,0.026217063331456233
3.0,explicit,0.9285714285714285,1.0,-0.023413695694918055
3.0,explicit,1.0,0.0,-0.023413695694918055
3.0,explicit,1.0,0.07142857142857142,-0.023413695694918055
3.0,explicit,1.0,0.14285714285714285,-0.023413695694918055
3.0,explicit,1.0,0.21428571428571427,-0.023413695694918055
3.0,explicit,1.0,0.2857142857142857,-0.023413695694918055
3.0,explicit,1.0,0.3571428571428571,-0.023413695694918055
3.0,explicit,1.0,0.42857142857142855,-0.023413695694918055
3.0,explicit,1.0,0.5,-0.023413695694918055
3.0,explicit,1.0,0.5714285714285714,-0.023413695694918055
3.0,explicit,1.0,0.6428571428571428,-0.023413695694918055
3.0,explicit,1.0,0.7142857142857142,-0.023413695694918055
3.0,explicit,1.0,0.7857142857142857,-0.023413695694918055
3.0,explicit,1.0,0.8571428571428571,-0.023413695694918055
3.0,explicit,1.0,0.9285714285714285,-0.023413695694918055
3.0,explicit,1.0,1.0,-0.023413695694918055
4.0,explicit,0.0,0.0,0.07674347291529088
4.0,explicit,0.0,0.07142857142857142,0.07674347291529088
4.0,explicit,0.0,0.14285714285714285,0.07674347291529088
4.0,explicit,0.0,0.21428571428571427,0.07674347291529088
4.0,explicit,0.0,0.2857142857142857,0.07674347291529088
4.0,explicit,0.0,0.3571428571428571,0.07674347291529088
4.0,explicit,0.0,0.42857142857142855,0.07674347291529088
4.0,explicit,0.0,0.5,0.07674347291529088
4.0,explicit,0.0,0.5714285714285714,0.07674347291529088
4.0,explicit,0.0,0.6428571428571428,0.07674347291529088
4.0,explicit,0.0,0.7142857142857142,0.07674347291529088
4.0,explicit,0.0,0.7857142857142857,0.07674347291529088
4.0,explicit,0.0,0.8571428571428571,0.07674347291529088
4.0,explicit,0.0,0.9285714285714285,0.07674347291529088
4.0,explicit,0.0,1.0,0.07674347291529088
4.0,explicit,0.07142857142857142,0.0,0.07674347291529088
4.0,explicit,0.07142857142857142,0.07142857142857142,0.029469926089598548
4.0,explicit,0.07142857142857142,0.14285714285714285,0.045630665064657086
4.0,explicit,0.07142857142857142,0.21428571428571427,0.06590197395400577
4.0,explicit,0.07142857142857142,0.2857142857142857,0.08630683635550203
4.0,explicit,0.07142857142857142,0.3571428571428571,0.10670975580223283
4.0,explicit,0.07142857142857142,0.42857142857142855,0.12693094878367644
4.0,explicit,0.07142857142857142,0.5,0.14345539201304533
4.0,explicit,0.07142857142857142,0.5714285714285714,0.12693094878367647
4.0,explicit,0.07142857142857142,0.6428571428571428,0.10670975580223287
4.0,explicit,0.07142857142857142,0.7142857142857142,0.08630683635550206
4.0,explicit,0.07142857142857142,0.7857142857142857,0.06590197395400577
4.0,explicit,0.07142857142857142,0.8571428571428571,0.0456306650646571
4.0,explicit,0.07142857142857142,0.9285714285714285,0.029469926089598572
4.0,explicit,0.07142857142857142,1.0,0.07674347291529088
4.0,explicit,0.14285714285714285,0.0,0.07674347291529088
4.0,explicit,0.14285714285714285,0.07142857142857142,0.045630665064657086
4.0,explicit,0.14285714285714285,0.14285714285714285,0.08193227718657418
4.0,explicit,0.14285714285714285,0.21428571428571427,0.12260231747419241
4.0,explicit,0.14285714285714285,0.2857142857142857,0.16341509594289536
4.0,explicit,0.14285714285714285,0.3571428571428571,0.20422097301714898
4.0,explicit,0.14285714285714285,0.42857142857142855,0.24466335928793528
4.0,explicit,0.14285714285714285,0.5,0.2777122457416864
4.0,explicit,0.14285714285714285,0.5714285714285714,0.2446633592879353
4.0,explicit,0.14285714285714285,0.6428571428571428,0.20422097301714903
4.0,explicit,0.14285714285714285,0.7142857142857142,0.1634150959428954
4.0,explicit,0.14285714285714285,0.7857142857142857,0.12260231747419242
4.0,explicit,0.14285714285714285,0.8571428571428571,0.08193227718657421
4.0,explicit,0.14285714285714285,0.9285714285714285,0.04563066506465713
4.0,explicit,0.14285714285714285,1.0,0.07674347291529088
4.0,explicit,0.21428571428571427,0.0,0.07674347291529088
4.0,explicit,0.21428571428571427,0.07142857142857142,0.06590197395400577
4.0,explicit,0.21428571428571427,0.14285714285714285,0.12260231747419241
4.0,explicit,0.21428571428571427,0.21428571428571427,0.18368028544988485
4.0,explicit,0.21428571428571427,0.2857142857142857,0.24490113201346123
4.0,explicit,0.21428571428571427,0.3571428571428571,0.3061099672792964
4.0,explicit,0.21428571428571427,0.42857142857142855,0.36677354583843186
4.0,explicit,0.21428571428571427,0.5,0.41634687458588526
4.0,explicit,0.21428571428571427,0.5714285714285714,0.3667735458384319
4.0,explicit,0.21428571428571427,0.6428571428571428,0.3061099672792965
4.0,explicit,0.21428571428571427,0.7142857142857142,0.2449011320134613
4.0,explicit,0.21428571428571427,0.7857142857142857,0.18368028544988488
4.0,explicit,0.21428571428571427,0.8571428571428571,0.12260231747419247
4.0,explicit,0.21428571428571427,0.9285714285714285,0.06590197395400584
4.0,explicit,0.21428571428571427,1.0,0.07674347291529088
4.0,explicit,0.2857142857142857,0.0,0.07674347291529088
4.0,explicit,0.2857142857142857,0.07142857142857142,0.08630683635550203
4.0,explicit,0.2857142857142857,0.14285714285714285,0.16341509594289536
4.0,explicit,0.2857142857142857,0.21428571428571427,0.24490113201346123
4.0,explicit,0.2857142857142857,0.2857142857142857,0.32652995989378547
4.0,explicit,0.2857142857142857,0.3571428571428571,0.408141663442676
4.0,explicit,0.2857142857142857,0.42857142857142855,0.48902634455740757
4.0,explicit,0.2857142857142857,0.5,0.5551240351673665
4.0,explicit,0.2857142857142857,0.5714285714285714,0.4890263445574076
4.0,explicit,0.2857142857142857,0.6428571428571428,0.40814166344267616
4.0,explicit,0.2857142857142857,0.7142857142857142,0.3265299598937856
4.0,explicit,0.2857142857142857,0.7857142857142857,0.24490113201346125
4.0,explicit,0.2857142857142857,0.8571428571428571,0.1634150959428954
4.0,explicit,0.2857142857142857,0.9285714285714285,0.08630683635550211
4.0,explicit,0.2857142857142857,1.0,0.07674347291529088
4.0,explicit,0.3571428571428571,0.0,0.07674347291529088
4.0,explicit,0.3571428571428571,0.07142857142857142,0.10670975580223283
4.0,explicit,0.3571428571428571,0.14285714285714285,0.20422097301714898
4.0,explicit,0.3571428571428571,0.21428571428571427,0.3061099672792964
4.0,explicit,0.3571428571428571,0.2857142857142857,0.408141663442676
4.0,explicit,0.3571428571428571,0.3571428571428571,0.5101511224752899
4.0,explicit,0.3571428571428571,0.42857142857142855,0.6112518119466988
4.0,explicit,0.3571428571428571,0.5,0.6938694129426437
4.0,explicit,0.3571428571428571,0.5714285714285714,0.6112518119466988
4.0,explicit,0.3571428571428571,0.6428571428571428,0.51015112247529
4.0,explicit,0.3571428571428571,0.7142857142857142,0.40814166344267616
4.0,explicit,0.3571428571428571,0.7857142857142857,0.30610996727929646
4.0,explicit,0.3571428571428571,0.8571428571428571,0.20422097301714906
4.0,explicit,0.3571428571428571,0.9285714285714285,0.10670975580223292
4.0,explicit,0.3571428571428571,1.0,0.07674347291529088
4.0,explicit,0.42857142857142855,0.0,0.07674347291529088
4.0,explicit,0.42857142857142855,0.07142857142857142,0.12693094878367644
4.0,explicit,0.42857142857142855,0.14285714285714285,0.24466335928793528
4.0,explicit,0.42857142857142855,0.21428571428571427,0.36677354583843186
4.0,explicit,0.42857142857142855,0.2857142857142857,0.48902634455740757
4.0,explicit,0.42857142857142855,0.3571428571428571,0.6112518119466988
4.0,explicit,0.42857142857142855,0.42857142857142855,0.7323877265293488
4.0,explicit,0.42857142857142855,0.5,0.8313711170249012
4.0,explicit,0.42857142857142855,0.5714285714285714,0.7323877265293489
4.0,explicit,0.42857142857142855,0.6428571428571428,0.6112518119466989
4.0,explicit,0.42857142857142855,0.7142857142857142,0.4890263445574078
4.0,explicit,0.42857142857142855,0.7857142857142857,0.3667735458384319
4.0,explicit,0.42857142857142855,0.8571428571428571,0.2446633592879354
4.0,explicit,0.42857142857142855,0.9285714285714285,0.1269309487836766
4.0,explicit,0.42857142857142855,1.0,0.07674347291529088
4.0,explicit,0.5,0.0,0.07674347291529088
4.0,explicit,0.5,0.07142857142857142,0.14345539201304533
4.0,explicit,0.5,0.14285714285714285,0.2777122457416864
4.0,explicit,0.5,0.21428571428571427,0.41634687458588526
4.0,explicit,0.5,0.2857142857142857,0.5551240351673665
4.0,explicit,0.5,0.3571428571428571,0.6938694129426437
4.0,explicit,0.5,0.42857142857142855,0.8313711170249012
4.0,explicit,0.5,0.5,0.9436660599131212
4.0,explicit,0.5,0.5714285714285714,0.8313711170249013
4.0,explicit,0.5,0.6428571428571428,0.6938694129426439
4.0,explicit,0.5,0.7142857142857142,0.5551240351673667
4.0,explicit,0.5,0.7857142857142857,0.4163468745858853
4.0,explicit,0.5,0.8571428571428571,0.2777122457416865
4.0,explicit,0.5,0.9285714285714285,0.1434553920130455
4.0,explicit,0.5,1.0,0.07674347291529088
4.0,explicit,0.5714285714285714,0.0,0.07674347291529088
4.0,explicit,0.5714285714285714,0.07142857142857142,0.12693094878367647
4.0,explicit,0.5714285714285714,0.14285714285714285,0.2446633592879353
4.0,explicit,0.5714285714285714,0.21428571428571427,0.3667735458384319
4.0,explicit,0.5714285714285714,0.2857142857142857,0.4890263445574076
4.0,explicit,0.5714285714285714,0.3571428571428571,0.6112518119466988
4.0,explicit,0.5714285714285714,0.42857142857142855,0.7323877265293489
4.0,explicit,0.5714285714285714,0.5,0.8313711170249013
4.0,explicit,0.5714285714285714,0.5714285714285714,0.732387726529349
4.0,explicit,0.5714285714285714,0.6428571428571428,0.611251811946699
4.0,explicit,0.5714285714285714,0.7142857142857142,0.48902634455740784
4.0,explicit,0.5714285714285714,0.7857142857142857,0.36677354583843197
4.0,explicit,0.5714285714285714,0.8571428571428571,0.24466335928793542
4.0,explicit,0.5714285714285714,0.9285714285714285,0.1269309487836766
4.0,explicit,0.5714285714285714,1.0,0.07674347291529088
4.0,explicit,0.6428571428571428,0.0,0.07674347291529088
4.0,explicit,0.6428571428571428,0.07142857142857142,0.10670975580223287
4.0,explicit,0.6428571428571428,0.14285714285714285,0.20422097301714903
4.0,explicit,0.6428571428571428,0.21428571428571427,0.3061099672792965
4.0,explicit,0.6428571428571428,0.2857142857142857,0.40814166344267616
4.0,explicit,0.6428571428571428,0.3571428571428571,0.51015112247529
4.0,explicit,0.6428571428571428,0.42857142857142855,0.6112518119466989
4.0,explicit,0.6428571428571428,0.5,0.6938694129426439
4.0,explicit,0.6428571428571428,0.5714285714285714,0.611251811946699
4.0,explicit,0.6428571428571428,0.6428571428571428,0.5101511224752903
4.0,explicit,0.6428571428571428,0.7142857142857142,0.40814166344267633
4.0,explicit,0.6428571428571428,0.7857142857142857,0.30610996727929657
4.0,explicit,0.6428571428571428,0.8571428571428571,0.20422097301714912
4.0,explicit,0.6428571428571428,0.9285714285714285,0.10670975580223296
4.0,explicit,0.6428571428571428,1.0,0.07674347291529088
4.0,explicit,0.7142857142857142,0.0,0.07674347291529088
4.0,explicit,0.7142857142857142,0.07142857142857142,0.08630683635550206
4.0,explicit,0.7142857142857142,0.14285714285714285,0.1634150959428954
4.0,explicit,0.7142857142857142,0.21428571428571427,0.2449011320134613
4.0,explicit,0.7142857142857142,0.2857142857142857,0.3265299598937856
4.0,explicit,0.7142857142857142,0.3571428571428571,0.40814166344267616
4.0,explicit,0.7142857142857142,0.42857142857142855,0.4890263445574078
4.0,explicit,0.7142857142857142,0.5,0.5551240351673667
4.0,explicit,0.7142857142857142,0.5714285714285714,0.48902634455740784
4.0,explicit,0.7142857142857142,0.6428571428571428,0.40814166344267633
4.0,explicit,0.7142857142857142,0.7142857142857142,0.3265299598937857
4.0,explicit,0.7142857142857142,0.7857142857142857,0.24490113201346136
4.0,explicit,0.7142857142857142,0.8571428571428571,0.16341509594289547
4.0,explicit,0.7142857142857142,0.9285714285714285,0.08630683635550214
4.0,explicit,0.7142857142857142,1.0,0.07674347291529088
4.0,explicit,0.7857142857142857,0.0,0.07674347291529088
4.0,explicit,0.7857142857142857,0.07142857142857142,0.06590197395400578
4.0,explicit,0.7857142857142857,0.14285714285714285,0.12260231747419242
4.0,explicit,0.7857142857142857,0.21428571428571427,0.18368028544988488
4.0,explicit,0.7857142857142857,0.2857142857142857,0.24490113201346125
4.0,explicit,0.7857142857142857,0.3571428571428571,0.30610996727929646
4.0,explicit,0.7857142857142857,0.42857142857142855,0.3667735458384319
4.0,explicit,0.7857142857142857,0.5,0.4163468745858853
4.0,explicit,0.7857142857142857,0.5714285714285714,0.36677354583843197
4.0,explicit,0.7857142857142857,0.6428571428571428,0.30610996727929657
4.0,explicit,0.7857142857142857,0.7142857142857142,0.24490113201346136
4.0,explicit,0.7857142857142857,0.7857142857142857,0.1836802854498849
4.0,explicit,0.7857142857142857,0.8571428571428571,0.12260231747419248
4.0,explicit,0.7857142857142857,0.9285714285714285,0.06590197395400585
4.0,explicit,0.7857142857142857,1.0,0.07674347291529088
4.0,explicit,0.8571428571428571,0.0,0.07674347291529088
4.0,explicit,0.8571428571428571,0.07142857142857142,0.0456306650646571
4.0,explicit,0.8571428571428571,0.14285714285714285,0.08193227718657421
4.0,explicit,0.8571428571428571,0.21428571428571427,0.12260231747419247
4.0,explicit,0.8571428571428571,0.2857142857142857,0.1634150959428954
4.0,explicit,0.8571428571428571,0.3571428571428571,0.20422097301714906
4.0,explicit,0.8571428571428571,0.42857142857142855,0.2446633592879354
4.0,explicit,0.8571428571428571,0.5,0.2777122457416865
4.0,explicit,0.8571428571428571,0.5714285714285714,0.24466335928793542
4.0,explicit,0.8571428571428571,0.6428571428571428,0.20422097301714912
4.0,explicit,0.8571428571428571,0.7142857142857142,0.16341509594289547
4.0,explicit,0.8571428571428571,0.7857142857142857,0.12260231747419248
4.0,explicit,0.8571428571428571,0.8571428571428571,0.08193227718657424
4.0,explicit,0.8571428571428571,0.9285714285714285,0.04563066506465714
4.0,explicit,0.8571428571428571,1.0,0.07674347291529088
4.0,explicit,0.9285714285714285,0.0,0.07674347291529088
4.0,explicit,0.9285714285714285,0.07142857142857142,0.02946992608959857
4.0,explicit,0.9285714285714285,0.14285714285714285,0.04563066506465713
4.0,explicit,0.9285714285714285,0.21428571428571427,0.06590197395400584
4.0,explicit,0.9285714285714285,0.2857142857142857,0.08630683635550211
4.0,explicit,0.9285714285714285,0.3571428571428571,0.10670975580223292
4.0,explicit,0.9285714285714285,0.42857142857142855,0.1269309487836766
4.0,explicit,0.9285714285714285,0.5,0.1434553920130455
4.0,explicit,0.9285714285714285,0.5714285714285714,0.1269309487836766
4.0,explicit,0.9285714285714285,0.6428571428571428,0.10670975580223296
4.0,explicit,0.9285714285714285,0.7142857142857142,0.08630683635550214
4.0,explicit,0.9285714285714285,0.7857142857142857,0.06590197395400584
4.0,explicit,0.9285714285714285,0.8571428571428571,0.04563066506465714
4.0,explicit,0.9285714285714285,0.9285714285714285,0.029469926089598593
4.0,explicit,0.9285714285714285,1.0,0.07674347291529088
4.0,explicit,1.0,0.0,0.07674347291529088
4.0,explicit,1.0,0.07142857142857142,0.07674347291529088
4.0,explicit,1.0,0.14285714285714285,0.07674347291529088
4.0,explicit,1.0,0.21428571428571427,0.07674347291529088
4.0,explicit,1.0,0.2857142857142857,0.07674347291529088
4.0,explicit,1.0,0.3571428571428571,0.07674347291529088
4.0,explicit,1.0,0.42857142857142855,0.07674347291529088
4.0,explicit,1.0,0.5,0.07674347291529088
4.0,explicit,1.0,0.5714285714285714,0.07674347291529088
4.0,explicit,1.0,0.6428571428571428,0.07674347291529088
4.0,explicit,1.0,0.7142857142857142,0.07674347291529088
4.0,explicit,1.0,0.7857142857142857,0.07674347291529088
4.0,explicit,1.0,0.8571428571428571,0.07674347291529088
4.0,explicit,1.0,0.9285714285714285,0.07674347291529088
4.0,explicit,1.0,1.0,0.07674347291529088
5.0,explicit,0.0,0.0,-0.04694743859349521
5.0,explicit,0.0,0.07142857142857142,-0.04694743859349521
5.0,explicit,0.0,0.14285714285714285,-0.04694743859349521
5.0,explicit,0.0,0.21428571428571427,-0.04694743859349521
5.0,explicit,0.0,0.2857142857142857,-0.04694743859349521
5.0,explicit,0.0,0.3571428571428571,-0.04694743859349521
5.0,explicit,0.0,0.42857142857142855,-0.04694743859349521
5.0,explicit,0.0,0.5,-0.04694743859349521
5.0,explicit,0.0,0.5714285714285714,-0.04694743859349521
5.0,explicit,0.0,0.6428571428571428,-0.04694743859349521
5.0,explicit,0.0,0.7142857142857142,-0.04694743859349521
5.0,explicit,0.0,0.7857142857142857,-0.04694743859349521
5.0,explicit,0.0,0.8571428571428571,-0.04694743859349521
5.0,explicit,0.0,0.9285714285714285,-0.04694743859349521
5.0,explicit,0.0,1.0,-0.04694743859349521
5.0,explicit,0.07142857142857142,0.0,-0.04694743859349521
5.0,explicit,0.07142857142857142,0.07142857142857142,0.031207181083326544
5.0,explicit,0.07142857142857142,0.14285714285714285,0.04661008135577412
5.0,explicit,0.07142857142857142,0.21428571428571427,0.06682867643168261
5.0,explicit,0.07142857142857142,0.2857142857142857,0.08723172524834169
5.0,explicit,0.07142857142857142,0.3571428571428571,0.1076321833804401
5.0,explicit,0.07142857142857142,0.42857142857142855,0.1278052439430659
5.0,explicit,0.07142857142857142,0.5,0.14392775826730714
5.0,explicit,0.07142857142857142,0.5714285714285714,0.12780524394306592
5.0,explicit,0.07142857142857142,0.6428571428571428,0.10763218338044014
5.0,explicit,0.07142857142857142,0.7142857142857142,0.0872317252483417
5.0,explicit,0.07142857142857142,0.7857142857142857,0.06682867643168261
5.0,explicit,0.07142857142857142,0.8571428571428571,0.04661008135577414
5.0,explicit,0.07142857142857142,0.9285714285714285,0.03120718108332657
5.0,explicit,0.07142857142857142,1.0,-0.04694743859349521
5.0,explicit,0.14285714285714285,0.0,-0.04694743859349521
5.0,explicit,0.14285714285714285,0.07142857142857142,0.04661008135577412
5.0,explicit,0.14285714285714285,0.14285714285714285,0.08205191396579865
5.0,explicit,0.14285714285714285,0.21428571428571427,0.12266421635477999
5.0,explicit,0.14285714285714285,0.2857142857142857,0.16347494783906627
5.0,explicit,0.14285714285714285,0.3571428571428571,0.2042759420195993
5.0,explicit,0.14285714285714285,0.42857142857142855,0.2446220639449328
5.0,explicit,0.14285714285714285,0.5,0.27686709258024206
5.0,explicit,0.14285714285714285,0.5714285714285714,0.24462206394493283
5.0,explicit,0.14285714285714285,0.6428571428571428,0.20427594201959937
5.0,explicit,0.14285714285714285,0.7142857142857142,0.16347494783906633
5.0,explicit,0.14285714285714285,0.7857142857142857,0.12266421635478
5.0,explicit,0.14285714285714285,0.8571428571428571,0.08205191396579868
5.0,explicit,0.14285714285714285,0.9285714285714285,0.046610081355774165
5.0,explicit,0.14285714285714285,1.0,-0.04694743859349521
5.0,explicit,0.21428571428571427,0.0,-0.04694743859349521
5.0,explicit,0.21428571428571427,0.07142857142857142,0.06682867643168261
5.0,explicit,0.21428571428571427,0.14285714285714285,0.12266421635477999
5.0,explicit,0.21428571428571427,0.21428571428571427,0.1836841984211931
5.0,explicit,0.21428571428571427,0.2857142857142857,0.24490292283600076
5.0,explicit,0.21428571428571427,0.3571428571428571,0.3061044549578663
5.0,explicit,0.21428571428571427,0.42857142857142855,0.3666236360701961
5.0,explicit,0.21428571428571427,0.5,0.4149911770344668
5.0,explicit,0.21428571428571427,0.5714285714285714,0.36662363607019616
5.0,explicit,0.21428571428571427,0.6428571428571428,0.3061044549578664
5.0,explicit,0.21428571428571427,0.7142857142857142,0.24490292283600085
5.0,explicit,0.21428571428571427,0.7857142857142857,0.18368419842119313
5.0,explicit,0.21428571428571427,0.8571428571428571,0.12266421635478005
5.0,explicit,0.21428571428571427,0.9285714285714285,0.06682867643168268
5.0,explicit,0.21428571428571427,1.0,-0.04694743859349521
5.0,explicit,0.2857142857142857,0.0,-0.04694743859349521
5.0,explicit,0.2857142857142857,0.07142857142857142,0.08723172524834169
5.0,explicit,0.2857142857142857,0.14285714285714285,0.16347494783906627
5.0,explicit,0.2857142857142857,0.21428571428571427,0.24490292283600076
5.0,explicit,0.2857142857142857,0.2857142857142857,0.3265294909150633
5.0,explicit,0.2857142857142857,0.3571428571428571,0.4081314035737082
5.0,explicit,0.2857142857142857,0.42857142857142855,0.48882348695240163
5.0,explicit,0.2857142857142857,0.5,0.5533134031242124
5.0,explicit,0.2857142857142857,0.5714285714285714,0.4888234869524017
5.0,explicit,0.2857142857142857,0.6428571428571428,0.4081314035737083
5.0,explicit,0.2857142857142857,0.7142857142857142,0.3265294909150634
5.0,explicit,0.2857142857142857,0.7857142857142857,0.2449029228360008
5.0,explicit,0.2857142857142857,0.8571428571428571,0.16347494783906635
5.0,explicit,0.2857142857142857,0.9285714285714285,0.08723172524834177
5.0,explicit,0.2857142857142857,1.0,-0.04694743859349521
5.0,explicit,0.3571428571428571,0.0,-0.04694743859349521
5.0,explicit,0.3571428571428571,0.07142857142857142,0.1076321833804401
5.0,explicit,0.3571428571428571,0.14285714285714285,0.2042759420195993
5.0,explicit,0.3571428571428571,0.21428571428571427,0.3061044549578663
5.0,explicit,0.3571428571428571,0.2857142857142857,0.4081314035737082
5.0,explicit,0.3571428571428571,0.3571428571428571,0.5101262342868533
5.0,explicit,0.3571428571428571,0.42857142857142855,0.6109837970366342
5.0,explicit,0.3571428571428571,0.5,0.691589760429157
5.0,explicit,0.3571428571428571,0.5714285714285714,0.6109837970366342
5.0,explicit,0.3571428571428571,0.6428571428571428,0.5101262342868534
5.0,explicit,0.3571428571428571,0.7142857142857142,0.40813140357370836
5.0,explicit,0.3571428571428571,0.7857142857142857,0.30610445495786637
5.0,explicit,0.3571428571428571,0.8571428571428571,0.2042759420195994
5.0,explicit,0.3571428571428571,0.9285714285714285,0.1076321833804402
5.0,explicit,0.3571428571428571,1.0,-0.04694743859349521
5.0,explicit,0.42857142857142855,0.0,-0.04694743859349521
5.0,explicit,0.42857142857142855,0.07142857142857142,0.1278052439430659
5.0,explicit,0.42857142857142855,0.14285714285714285,0.2446220639449328
5.0,explicit,0.42857142857142855,0.21428571428571427,0.3666236360701961
5.0,explicit,0.42857142857142855,0.2857142857142857,0.48882348695240163
5.0,explicit,0.42857142857142855,0.3571428571428571,0.6109837970366342
5.0,explicit,0.42857142857142855,0.42857142857142855,0.731781042263763
5.0,explicit,0.42857142857142855,0.5,0.8283151249400614
5.0,explicit,0.42857142857142855,0.5714285714285714,0.7317810422637631
5.0,explicit,0.42857142857142855,0.6428571428571428,0.6109837970366343
5.0,explicit,0.42857142857142855,0.7142857142857142,0.48882348695240185
5.0,explicit,0.42857142857142855,0.7857142857142857,0.36662363607019616
5.0,explicit,0.42857142857142855,0.8571428571428571,0.2446220639449329
5.0,explicit,0.42857142857142855,0.9285714285714285,0.12780524394306605
5.0,explicit,0.42857142857142855,1.0,-0.04694743859349521
5.0,explicit,0.5,0.0,-0.04694743859349521
5.0,explicit,0.5,0.07142857142857142,0.14392775826730714
5.0,explicit,0.5,0.14285714285714285,0.27686709258024206
5.0,explicit,0.5,0.21428571428571427,0.4149911770344668
5.0,explicit,0.5,0.2857142857142857,0.5533134031242124
5.0,explicit,0.5,0.3571428571428571,0.691589760429157
5.0,explicit,0.5,0.42857142857142855,0.8283151249400614
5.0,explicit,0.5,0.5,0.9375152867834062
5.0,explicit,0.5,0.5714285714285714,0.8283151249400615
5.0,explicit,0.5,0.6428571428571428,0.6915897604291572
5.0,explicit,0.5,0.7142857142857142,0.5533134031242126
5.0,explicit,0.5,0.7857142857142857,0.41499117703446686
5.0,explicit,0.5,0.8571428571428571,0.27686709258024217
5.0,explicit,0.5,0.9285714285714285,0.1439277582673073
5.0,explicit,0.5,1.0,-0.04694743859349521
5.0,explicit,0.5714285714285714,0.0,-0.04694743859349521
5.0,explicit,0.5714285714285714,0.07142857142857142,0.12780524394306592
5.0,explicit,0.5714285714285714,0.14285714285714285,0.24462206394493283
5.0,explicit,0.5714285714285714,0.21428571428571427,0.36662363607019616
5.0,explicit,0.5714285714285714,0.2857142857142857,0.4888234869524017
5.0,explicit,0.5714285714285714,0.3571428571428571,0.6109837970366342
5.0,explicit,0.5714285714285714,0.42857142857142855,0.7317810422637631
5.0,explicit,0.5714285714285714,0.5,0.8283151249400615
5.0,explicit,0.5714285714285714,0.5714285714285714,0.7317810422637632
5.0,explicit,0.5714285714285714,0.6428571428571428,0.6109837970366344
5.0,explicit,0.5714285714285714,0.7142857142857142,0.4888234869524019
5.0,explicit,0.5714285714285714,0.7857142857142857,0.3666236360701962
5.0,explicit,0.5714285714285714,0.8571428571428571,0.24462206394493294
5.0,explicit,0.5714285714285714,0.9285714285714285,0.12780524394306605
5.0,explicit,0.5714285714285714,1.0,-0.04694743859349521
5.0,explicit,0.6428571428571428,0.0,-0.04694743859349521
5.0,explicit,0.6428571428571428,0.07142857142857142,0.10763218338044014
5.0,explicit,0.6428571428571428,0.14285714285714285,0.20427594201959937
5.0,explicit,0.6428571428571428,0.21428571428571427,0.3061044549578664
5.0,explicit,0.6428571428571428,0.2857142857142857,0.4081314035737083
5.0,explicit,0.6428571428571428,0.3571428571428571,0.5101262342868534
5.0,explicit,0.6428571428571428,0.42857142857142855,0.6109837970366343
5.0,explicit,0.6428571428571428,0.5,0.6915897604291572
5.0,explicit,0.6428571428571428,0.5714285714285714,0.6109837970366344
5.0,explicit,0.6428571428571428,0.6428571428571428,0.5101262342868537
5.0,explicit,0.6428571428571428,0.7142857142857142,0.4081314035737085
5.0,explicit,0.6428571428571428,0.7857142857142857,0.3061044549578665
5.0,explicit,0.6428571428571428,0.8571428571428571,0.20427594201959945
5.0,explicit,0.6428571428571428,0.9285714285714285,0.10763218338044023
5.0,explicit,0.6428571428571428,1.0,-0.04694743859349521
5.0,explicit,0.7142857142857142,0.0,-0.04694743859349521
5.0,explicit,0.7142857142857142,0.07142857142857142,0.08723172524834172
5.0,explicit,0.7142857142857142,0.14285714285714285,0.16347494783906633
5.0,explicit,0.7142857142857142,0.21428571428571427,0.24490292283600085
5.0,explicit,0.7142857142857142,0.2857142857142857,0.3265294909150634
5.0,explicit,0.7142857142857142,0.3571428571428571,0.40813140357370836
5.0,explicit,0.7142857142857142,0.42857142857142855,0.48882348695240185
5.0,explicit,0.7142857142857142,0.5,0.5533134031242126
5.0,explicit,0.7142857142857142,0.5714285714285714,0.4888234869524019
5.0,explicit,0.7142857142857142,0.6428571428571428,0.4081314035737085
5.0,explicit,0.7142857142857142,0.7142857142857142,0.3265294909150635
5.0,explicit,0.7142857142857142,0.7857142857142857,0.2449029228360009
5.0,explicit,0.7142857142857142,0.8571428571428571,0.1634749478390664
5.0,explicit,0.7142857142857142,0.9285714285714285,0.0872317252483418
5.0,explicit,0.7142857142857142,1.0,-0.04694743859349521
5.0,explicit,0.7857142857142857,0.0,-0.04694743859349521
5.0,explicit,0.7857142857142857,0.07142857142857142,0.06682867643168262
5.0,explicit,0.7857142857142857,0.14285714285714285,0.12266421635478
5.0,explicit,0.7857142857142857,0.21428571428571427,0.18368419842119313
5.0,explicit,0.7857142857142857,0.2857142857142857,0.2449029228360008
5.0,explicit,0.7857142857142857,0.3571428571428571,0.30610445495786637
5.0,explicit,0.7857142857142857,0.42857142857142855,0.36662363607019616
5.0,explicit,0.7857142857142857,0.5,0.41499117703446686
5.0,explicit,0.7857142857142857,0.5714285714285714,0.3666236360701962
5.0,explicit,0.7857142857142857,0.6428571428571428,0.3061044549578665
5.0,explicit,0.7857142857142857,0.7142857142857142,0.2449029228360009
5.0,explicit,0.7857142857142857,0.7857142857142857,0.18368419842119316
5.0,explicit,0.7857142857142857,0.8571428571428571,0.12266421635478006
5.0,explicit,0.7857142857142857,0.9285714285714285,0.0668286764316827
5.0,explicit,0.7857142857142857,1.0,-0.04694743859349521
5.0,explicit,0.8571428571428571,0.0,-0.04694743859349521
5.0,explicit,0.8571428571428571,0.07142857142857142,0.04661008135577414
5.0,explicit,0.8571428571428571,0.14285714285714285,0.08205191396579868
5.0,explicit,0.8571428571428571,0.21428571428571427,0.12266421635478005
5.0,explicit,0.8571428571428571,0.2857142857142857,0.16347494783906635
5.0,explicit,0.8571428571428571,0.3571428571428571,0.2042759420195994
5.0,explicit,0.8571428571428571,0.42857142857142855,0.2446220639449329
5.0,explicit,0.8571428571428571,0.5,0.27686709258024217
5.0,explicit,0.8571428571428571,0.5714285714285714,0.24462206394493294
5.0,explicit,0.8571428571428571,0.6428571428571428,0.20427594201959945
5.0,explicit,0.8571428571428571,0.7142857142857142,0.1634749478390664
5.0,explicit,0.8571428571428571,0.7857142857142857,0.12266421635478006
5.0,explicit,0.8571428571428571,0.8571428571428571,0.08205191396579871
5.0,explicit,0.8571428571428571,0.9285714285714285,0.04661008135577418
5.0,explicit,0.8571428571428571,1.0,-0.04694743859349521
5.0,explicit,0.9285714285714285,0.0,-0.04694743859349521
5.0,explicit,0.9285714285714285,0.07142857142857142,0.031207181083326565
5.0,explicit,0.9285714285714285,0.14285714285714285,0.046610081355774165
5.0,explicit,0.9285714285714285,0.21428571428571427,0.06682867643168268
5.0,explicit,0.9285714285714285,0.2857142857142857,0.08723172524834177
5.0,explicit,0.9285714285714285,0.3571428571428571,0.1076321833804402
5.0,explicit,0.9285714285714285,0.42857142857142855,0.12780524394306605
5.0,explicit,0.9285714285714285,0.5,0.1439277582673073
5.0,explicit,0.9285714285714285,0.5714285714285714,0.12780524394306605
5.0,explicit,0.9285714285714285,0.6428571428571428,0.10763218338044024
5.0,explicit,0.9285714285714285,0.7142857142857142,0.08723172524834179
5.0,explicit,0.9285714285714285,0.7857142857142857,0.06682867643168268
5.0,explicit,0.9285714285714285,0.8571428571428571,0.04661008135577418
5.0,explicit,0.9285714285714285,0.9285714285714285,0.03120718108332659
5.0,explicit,0.9285714285714285,1.0,-0.04694743859349521
5.0,explicit,1.0,0.0,-0.04694743859349521
5.0,explicit,1.0,0.07142857142857142,-0.04694743859349521
5.0,explicit,1.0,0.14285714285714285,-0.04694743859349521
5.0,explicit,1.0,0.21428571428571427,-0.04694743859349521
5.0,explicit,1.0,0.2857142857142857,-0.04694743859349521
5.0,explicit,1.0,0.3571428571428571,-0.04694743859349521
5.0,explicit,1.0,0.42857142857142855,-0.04694743859349521
5.0,explicit,1.0,0.5,-0.04694743859349521
5.0,explicit,1.0,0.5714285714285714,-0.04694743859349521
5.0,explicit,1.0,0.6428571428571428,-0.04694743859349521
5.0,explicit,1.0,0.7142857142857142,-0.04694743859349521
5.0,explicit,1.0,0.7857142857142857,-0.04694743859349521
5.0,explicit,1.0,0.8571428571428571,-0.04694743859349521
5.0,explicit,1.0,0.9285714285714285,-0.04694743859349521
5.0,explicit,1.0,1.0,-0.04694743859349521
6.0,explicit,0.0,0.0,-0.046341769281246226
6.0,explicit,0.0,0.07142857142857142,-0.046341769281246226
6.0,explicit,0.0,0.14285714285714285,-0.046341769281246226
6.0,explicit,0.0,0.21428571428571427,-0.046341769281246226
6.0,explicit,0.0,0.2857142857142857,-0.046341769281246226
6.0,explicit,0.0,0.3571428571428571,-0.046341769281246226
6.0,explicit,0.0,0.42857142857142855,-0.046341769281246226
6.0,explicit,0.0,0.5,-0.046341769281246226
6.0,explicit,0.0,0.5714285714285714,-0.046341769281246226
6.0,explicit,0.0,0.6428571428571428,-0.046341769281246226
6.0,explicit,0.0,0.7142857142857142,-0.046341769281246226
6.0,explicit,0.0,0.7857142857142857,-0.046341769281246226
6.0,explicit,0.0,0.8571428571428571,-0.046341769281246226
6.0,explicit,0.0,0.9285714285714285,-0.046341769281246226
6.0,explicit,0.0,1.0,-0.046341769281246226
6.0,explicit,0.07142857142857142,0.0,-0.046341769281246226
6.0,explicit,0.07142857142857142,0.07142857142857142,0.030615827793089637
6.0,explicit,0.07142857142857142,0.14285714285714285,0.04654373771011273
6.0,explicit,0.07142857142857142,0.21428571428571427,0.06665621123026966
6.0,explicit,0.07142857142857142,0.2857142857142857,0.08705348456761046
6.0,explicit,0.07142857142857142,0.3571428571428571,0.10744712213239001
6.0,explicit,0.07142857142857142,0.42857142857142855,0.1275115842697423
6.0,explicit,0.07142857142857142,0.5,0.14287708827588794
6.0,explicit,0.07142857142857142,0.5714285714285714,0.12751158426974232
6.0,explicit,0.07142857142857142,0.6428571428571428,0.10744712213239005
6.0,explicit,0.07142857142857142,0.7142857142857142,0.08705348456761047
6.0,explicit,0.07142857142857142,0.7857142857142857,0.06665621123026966
6.0,explicit,0.07142857142857142,0.8571428571428571,0.04654373771011274
6.0,explicit,0.07142857142857142,0.9285714285714285,0.03061582779308966
6.0,explicit,0.07142857142857142,1.0,-0.046341769281246226
6.0,explicit,0.14285714285714285,0.0,-0.046341769281246226
6.0,explicit,0.14285714285714285,0.07142857142857142,0.04654373771011273
6.0,explicit,0.14285714285714285,0.14285714285714285,0.08230939237364794
6.0,explicit,0.14285714285714285,0.21428571428571427,0.12279975222755786
6.0,explicit,0.14285714285714285,0.2857142857142857,0.16360385925670104
6.0,explicit,0.14285714285714285,0.3571428571428571,0.20439135699009317
6.0,explicit,0.14285714285714285,0.42857142857142855,0.2445202847798397
6.0,explicit,0.14285714285714285,0.5,0.27525129273877225
6.0,explicit,0.14285714285714285,0.5714285714285714,0.24452028477983972
6.0,explicit,0.14285714285714285,0.6428571428571428,0.20439135699009323
6.0,explicit,0.14285714285714285,0.7142857142857142,0.1636038592567011
6.0,explicit,0.14285714285714285,0.7857142857142857,0.12279975222755787
6.0,explicit,0.14285714285714285,0.8571428571428571,0.08230939237364797
6.0,explicit,0.14285714285714285,0.9285714285714285,0.04654373771011277
6.0,explicit,0.14285714285714285,1.0,-0.046341769281246226
6.0,explicit,0.21428571428571427,0.0,-0.046341769281246226
6.0,explicit,0.21428571428571427,0.07142857142857142,0.06665621123026966
6.0,explicit,0.21428571428571427,0.14285714285714285,0.12279975222755786
6.0,explicit,0.21428571428571427,0.21428571428571427,0.1836968727722168
6.0,explicit,0.21428571428571427,0.2857142857142857,0.24490869964911569
6.0,explicit,0.21428571428571427,0.3571428571428571,0.30609006800493366
6.0,explicit,0.21428571428571427,0.42857142857142855,0.36628345404326396
6.0,explicit,0.21428571428571427,0.5,0.41237995943470995
6.0,explicit,0.21428571428571427,0.5714285714285714,0.366283454043264
6.0,explicit,0.21428571428571427,0.6428571428571428,0.30609006800493377
6.0,explicit,0.21428571428571427,0.7142857142857142,0.24490869964911577
6.0,explicit,0.21428571428571427,0.7857142857142857,0.18369687277221683
6.0,explicit,0.21428571428571427,0.8571428571428571,0.12279975222755792
6.0,explicit,0.21428571428571427,0.9285714285714285,0.06665621123026973
6.0,explicit,0.21428571428571427,1.0,-0.046341769281246226
6.0,explicit,0.2857142857142857,0.0,-0.046341769281246226
6.0,explicit,0.2857142857142857,0.07142857142857142,0.08705348456761046
6.0,explicit,0.2857142857142857,0.14285714285714285,0.16360385925670104
6.0,explicit,0.2857142857142857,0.21428571428571427,0.24490869964911569
6.0,explicit,0.2857142857142857,0.2857142857142857,0.3265278922225296
6.0,explicit,0.2857142857142857,0.3571428571428571,0.40810274132763796
6.0,explicit,0.2857142857142857,0.42857142857142855,0.4883601979488164
6.0,explicit,0.2857142857142857,0.5,0.5498218781355544
6.0,explicit,0.2857142857142857,0.5714285714285714,0.48836019794881647
6.0,explicit,0.2857142857142857,0.6428571428571428,0.4081027413276381
6.0,explicit,0.2857142857142857,0.7142857142857142,0.3265278922225297
6.0,explicit,0.2857142857142857,0.7857142857142857,0.2449086996491157
6.0,explicit,0.2857142857142857,0.8571428571428571,0.1636038592567011
6.0,explicit,0.2857142857142857,0.9285714285714285,0.08705348456761054
6.0,explicit,0.2857142857142857,1.0,-0.046341769281246226
6.0,explicit,0.3571428571428571,0.0,-0.046341769281246226
6.0,explicit,0.3571428571428571,0.07142857142857142,0.10744712213239001
6.0,explicit,0.3571428571428571,0.14285714285714285,0.20439135699009317
6.0,explicit,0.3571428571428571,0.21428571428571427,0.30609006800493366
6.0,explicit,0.3571428571428571,0.2857142857142857,0.40810274132763796
6.0,explicit,0.3571428571428571,0.3571428571428571,0.5100571891775223
6.0,explicit,0.3571428571428571,0.42857142857142855,0.6103649643411604
6.0,explicit,0.3571428571428571,0.5,0.687180638228208
6.0,explicit,0.3571428571428571,0.5714285714285714,0.6103649643411604
6.0,explicit,0.3571428571428571,0.6428571428571428,0.5100571891775224
6.0,explicit,0.3571428571428571,0.7142857142857142,0.40810274132763813
6.0,explicit,0.3571428571428571,0.7857142857142857,0.30609006800493377
6.0,explicit,0.3571428571428571,0.8571428571428571,0.20439135699009325
6.0,explicit,0.3571428571428571,0.9285714285714285,0.1074471221323901
6.0,explicit,0.3571428571428571,1.0,-0.046341769281246226
6.0,explicit,0.42857142857142855,0.0,-0.046341769281246226
6.0,explicit,0.42857142857142855,0.07142857142857142,0.1275115842697423
6.0,explicit,0.42857142857142855,0.14285714285714285,0.2445202847798397
6.0,explicit,0.42857142857142855,0.21428571428571427,0.36628345404326396
6.0,explicit,0.42857142857142855,0.2857142857142857,0.4883601979488164
6.0,explicit,0.42857142857142855,0.3571428571428571,0.6103649643411604
6.0,explicit,0.42857142857142855,0.42857142857142855,0.7303976314435003
6.0,explicit,0.42857142857142855,0.5,0.8223086341052627
6.0,explicit,0.42857142857142855,0.5714285714285714,0.7303976314435005
6.0,explicit,0.42857142857142855,0.6428571428571428,0.6103649643411605
6.0,explicit,0.42857142857142855,0.7142857142857142,0.48836019794881663
6.0,explicit,0.42857142857142855,0.7857142857142857,0.366283454043264
6.0,explicit,0.42857142857142855,0.8571428571428571,0.2445202847798398
6.0,explicit,0.42857142857142855,0.9285714285714285,0.12751158426974246
6.0,explicit,0.42857142857142855,1.0,-0.046341769281246226
6.0,explicit,0.5,0.0,-0.046341769281246226
6.0,explicit,0.5,0.07142857142857142,0.14287708827588794
6.0,explicit,0.5,0.14285714285714285,0.27525129273877225
6.0,explicit,0.5,0.21428571428571427,0.41237995943470995
6.0,explicit,0.5,0.2857142857142857,0.5498218781355544
6.0,explicit,0.5,0.3571428571428571,0.687180638228208
6.0,explicit,0.5,0.42857142857142855,0.8223086341052627
6.0,explicit,0.5,0.5,0.9257149258282633
6.0,explicit,0.5,0.5714285714285714,0.8223086341052628
6.0,explicit,0.5,0.6428571428571428,0.6871806382282082
6.0,explicit,0.5,0.7142857142857142,0.5498218781355546
6.0,explicit,0.5,0.7857142857142857,0.41237995943471
6.0,explicit,0.5,0.8571428571428571,0.27525129273877236
6.0,explicit,0.5,0.9285714285714285,0.14287708827588808
6.0,explicit,0.5,1.0,-0.046341769281246226
6.0,explicit,0.5714285714285714,0.0,-0.046341769281246226
6.0,explicit,0.5714285714285714,0.07142857142857142,0.12751158426974232
6.0,explicit,0.5714285714285714,0.14285714285714285,0.24452028477983972
6.0,explicit,0.5714285714285714,0.21428571428571427,0.366283454043264
6.0,explicit,0.5714285714285714,0.2857142857142857,0.48836019794881647
6.0,explicit,0.5714285714285714,0.3571428571428571,0.6103649643411604
6.0,explicit,0.5714285714285714,0.42857142857142855,0.7303976314435005
6.0,explicit,0.5714285714285714,0.5,0.8223086341052628
6.0,explicit,0.5714285714285714,0.5714285714285714,0.7303976314435006
6.0,explicit,0.5714285714285714,0.6428571428571428,0.6103649643411606
6.0,explicit,0.5714285714285714,0.7142857142857142,0.4883601979488167
6.0,explicit,0.5714285714285714,0.7857142857142857,0.36628345404326407
6.0,explicit,0.5714285714285714,0.8571428571428571,0.24452028477983984
6.0,explicit,0.5714285714285714,0.9285714285714285,0.12751158426974246
6.0,explicit,0.5714285714285714,1.0,-0.046341769281246226
6.0,explicit,0.6428571428571428,0.0,-0.046341769281246226
6.0,explicit,0.6428571428571428,0.07142857142857142,0.10744712213239005
6.0,explicit,0.6428571428571428,0.14285714285714285,0.20439135699009323
6.0,explicit,0.6428571428571428,0.21428571428571427,0.30609006800493377
6.0,explicit,0.6428571428571428,0.2857142857142857,0.4081027413276381
6.0,explicit,0.6428571428571428,0.3571428571428571,0.5100571891775224
6.0,explicit,0.6428571428571428,0.42857142857142855,0.6103649643411605
6.0,explicit,0.6428571428571428,0.5,0.6871806382282082
6.0,explicit,0.6428571428571428,0.5714285714285714,0.6103649643411606
6.0,explicit,0.6428571428571428,0.6428571428571428,0.5100571891775226
6.0,explicit,0.6428571428571428,0.7142857142857142,0.40810274132763824
6.0,explicit,0.6428571428571428,0.7857142857142857,0.3060900680049338
6.0,explicit,0.6428571428571428,0.8571428571428571,0.2043913569900933
6.0,explicit,0.6428571428571428,0.9285714285714285,0.10744712213239013
6.0,explicit,0.6428571428571428,1.0,-0.046341769281246226
6.0,explicit,0.7142857142857142,0.0,-0.046341769281246226
6.0,explicit,0.7142857142857142,0.07142857142857142,0.08705348456761049
6.0,explicit,0.7142857142857142,0.14285714285714285,0.1636038592567011
6.0,explicit,0.7142857142857142,0.21428571428571427,0.24490869964911577
6.0,explicit,0.7142857142857142,0.2857142857142857,0.3265278922225297
6.0,explicit,0.7142857142857142,0.3571428571428571,0.40810274132763813
6.0,explicit,0.7142857142857142,0.42857142857142855,0.48836019794881663
6.0,explicit,0.7142857142857142,0.5,0.5498218781355546
6.0,explicit,0.7142857142857142,0.5714285714285714,0.4883601979488167
6.0,explicit,0.7142857142857142,0.6428571428571428,0.40810274132763824
6.0,explicit,0.7142857142857142,0.7142857142857142,0.3265278922225298
6.0,explicit,0.7142857142857142,0.7857142857142857,0.24490869964911582
6.0,explicit,0.7142857142857142,0.8571428571428571,0.16360385925670118
6.0,explicit,0.7142857142857142,0.9285714285714285,0.08705348456761057
6.0,explicit,0.7142857142857142,1.0,-0.046341769281246226
6.0,explicit,0.7857142857142857,0.0,-0.046341769281246226
6.0,explicit,0.7857142857142857,0.07142857142857142,0.06665621123026967
6.0,explicit,0.7857142857142857,0.14285714285714285,0.12279975222755787
6.0,explicit,0.7857142857142857,0.21428571428571427,0.18369687277221683
6.0,explicit,0.7857142857142857,0.2857142857142857,0.2449086996491157
6.0,explicit,0.7857142857142857,0.3571428571428571,0.30609006800493377
6.0,explicit,0.7857142857142857,0.42857142857142855,0.366283454043264
6.0,explicit,0.7857142857142857,0.5,0.41237995943471
6.0,explicit,0.7857142857142857,0.5714285714285714,0.36628345404326407
6.0,explicit,0.7857142857142857,0.6428571428571428,0.3060900680049338
6.0,explicit,0.7857142857142857,0.7142857142857142,0.24490869964911582
6.0,explicit,0.7857142857142857,0.7857142857142857,0.18369687277221686
6.0,explicit,0.7857142857142857,0.8571428571428571,0.12279975222755793
6.0,explicit,0.7857142857142857,0.9285714285714285,0.06665621123026974
6.0,explicit,0.7857142857142857,1.0,-0.046341769281246226
6.0,explicit,0.8571428571428571,0.0,-0.046341769281246226
6.0,explicit,0.8571428571428571,0.07142857142857142,0.04654373771011274
6.0,explicit,0.8571428571428571,0.14285714285714285,0.08230939237364797
6.0,explicit,0.8571428571428571,0.21428571428571427,0.12279975222755792
6.0,explicit,0.8571428571428571,0.2857142857142857,0.1636038592567011
6.0,explicit,0.8571428571428571,0.3571428571428571,0.20439135699009325
6.0,explicit,0.8571428571428571,0.42857142857142855,0.2445202847798398
6.0,explicit,0.8571428571428571,0.5,0.27525129273877236
6.0,explicit,0.8571428571428571,0.5714285714285714,0.24452028477983984
6.0,explicit,0.8571428571428571,0.6428571428571428,0.2043913569900933
6.0,explicit,0.8571428571428571,0.7142857142857142,0.16360385925670118
6.0,explicit,0.8571428571428571,0.7857142857142857,0.12279975222755793
6.0,explicit,0.8571428571428571,0.8571428571428571,0.082309392373648
6.0,explicit,0.8571428571428571,0.9285714285714285,0.04654373771011278
6.0,explicit,0.8571428571428571,1.0,-0.046341769281246226
6.0,explicit,0.9285714285714285,0.0,-0.046341769281246226
6.0,explicit,0.9285714285714285,0.07142857142857142,0.030615827793089658
6.0,explicit,0.9285714285714285,0.14285714285714285,0.04654373771011277
6.0,explicit,0.9285714285714285,0.21428571428571427,0.06665621123026973
6.0,explicit,0.9285714285714285,0.2857142857142857,0.08705348456761054
6.0,explicit,0.9285714285714285,0.3571428571428571,0.1074471221323901
6.0,explicit,0.9285714285714285,0.42857142857142855,0.12751158426974246
6.0,explicit,0.9285714285714285,0.5,0.14287708827588808
6.0,explicit,0.9285714285714285,0.5714285714285714,0.12751158426974246
6.0,explicit,0.9285714285714285,0.6428571428571428,0.10744712213239015
6.0,explicit,0.9285714285714285,0.7142857142857142,0.08705348456761056
6.0,explicit,0.9285714285714285,0.7857142857142857,0.06665621123026973
6.0,explicit,0.9285714285714285,0.8571428571428571,0.04654373771011278
6.0,explicit,0.9285714285714285,0.9285714285714285,0.030615827793089676
6.0,explicit,0.9285714285714285,1.0,-0.046341769281246226
6.0,explicit,1.0,0.0,-0.046341769281246226
6.0,explicit,1.0,0.07142857142857142,-0.046341769281246226
6.0,explicit,1.0,0.14285714285714285,-0.046341769281246226
6.0,explicit,1.0,0.21428571428571427,-0.046341769281246226
6.0,explicit,1.0,0.2857142857142857,-0.046341769281246226
6.0,explicit,1.0,0.3571428571428571,-0.046341769281246226
6.0,explicit,1.0,0.42857142857142855,-0.046341769281246226
6.0,explicit,1.0,0.5,-0.046341769281246226
6.0,explicit,1.0,0.5714285714285714,-0.046341769281246226
6.0,explicit,1.0,0.6428571428571428,-0.046341769281246226
6.0,explicit,1.0,0.7142857142857142,-0.046341769281246226
6.0,explicit,1.0,0.7857142857142857,-0.046341769281246226
6.0,explicit,1.0,0.8571428571428571,-0.046341769281246226
6.0,explicit,1.0,0.9285714285714285,-0.046341769281246226
6.0,explicit,1.0,1.0,-0.046341769281246226
7.0,explicit,0.0,0.0,0.02419622715660341
7.0,explicit,0.0,0.07142857142857142,0.02419622715660341
7.0,explicit,0.0,0.14285714285714285,0.02419622715660341
7.0,explicit,0.0,0.21428571428571427,0.02419622715660341
7.0,explicit,0.0,0.2857142857142857,0.02419622715660341
7.0,explicit,0.0,0.3571428571428571,0.02419622715660341
7.0,explicit,0.0,0.42857142857142855,0.02419622715660341
7.0,explicit,0.0,0.5,0.02419622715660341
7.0,explicit,0.0,0.5714285714285714,0.02419622715660341
7.0,explicit,0.0,0.6428571428571428,0.02419622715660341
7.0,explicit,0.0,0.7142857142857142,0.02419622715660341
7.0,explicit,0.0,0.7857142857142857,0.02419622715660341
7.0,explicit,0.0,0.8571428571428571,0.02419622715660341
7.0,explicit,0.0,0.9285714285714285,0.02419622715660341
7.0,explicit,0.0,1.0,0.02419622715660341
7.0,explicit,0.07142857142857142,0.0,0.02419622715660341
7.0,explicit,0.07142857142857142,0.07142857142857142,0.027338390552779843
7.0,explicit,0.07142857142857142,0.14285714285714285,0.04509883010659485
7.0,explicit,0.07142857142857142,0.21428571428571427,0.06512658399600063
7.0,explicit,0.07142857142857142,0.2857142857142857,0.08551562478292832
7.0,explicit,0.07142857142857142,0.3571428571428571,0.10589960495995471
7.0,explicit,0.07142857142857142,0.42857142857142855,0.12584108988150056
7.0,explicit,0.07142857142857142,0.5,0.14050748651754197
7.0,explicit,0.07142857142857142,0.5714285714285714,0.12584108988150058
7.0,explicit,0.07142857142857142,0.6428571428571428,0.10589960495995475
7.0,explicit,0.07142857142857142,0.7142857142857142,0.08551562478292835
7.0,explicit,0.07142857142857142,0.7857142857142857,0.06512658399600064
7.0,explicit,0.07142857142857142,0.8571428571428571,0.045098830106594864
7.0,explicit,0.07142857142857142,0.9285714285714285,0.02733839055277986
7.0,explicit,0.07142857142857142,1.0,0.02419622715660341
7.0,explicit,0.14285714285714285,0.0,0.02419622715660341
7.0,explicit,0.14285714285714285,0.07142857142857142,0.04509883010659485
7.0,explicit,0.14285714285714285,0.14285714285714285,0.08254314185980373
7.0,explicit,0.14285714285714285,0.21428571428571427,0.12292689987271141
7.0,explicit,0.14285714285714285,0.2857142857142857,0.16372117179038573
7.0,explicit,0.14285714285714285,0.3571428571428571,0.20448962902610582
7.0,explicit,0.14285714285714285,0.42857142857142855,0.24437260930255686
7.0,explicit,0.14285714285714285,0.5,0.27370540243077474
7.0,explicit,0.14285714285714285,0.5714285714285714,0.2443726093025569
7.0,explicit,0.14285714285714285,0.6428571428571428,0.20448962902610587
7.0,explicit,0.14285714285714285,0.7142857142857142,0.16372117179038578
7.0,explicit,0.14285714285714285,0.7857142857142857,0.12292689987271142
7.0,explicit,0.14285714285714285,0.8571428571428571,0.08254314185980376
7.0,explicit,0.14285714285714285,0.9285714285714285,0.045098830106594885
7.0,explicit,0.14285714285714285,1.0,0.02419622715660341
7.0,explicit,0.21428571428571427,0.0,0.02419622715660341
7.0,explicit,0.21428571428571427,0.07142857142857142,0.06512658399600063
7.0,explicit,0.21428571428571427,0.14285714285714285,0.12292689987271141
7.0,explicit,0.21428571428571427,0.21428571428571427,0.18371564501140375
7.0,explicit,0.21428571428571427,0.2857142857142857,0.2449171250179655
7.0,explicit,0.21428571428571427,0.3571428571428571,0.3060700931964689
7.0,explicit,0.21428571428571427,0.42857142857142855,0.3658945497698012
7.0,explicit,0.21428571428571427,0.5,0.40989372306726124
7.0,explicit,0.21428571428571427,0.5714285714285714,0.36589454976980124
7.0,explicit,0.21428571428571427,0.6428571428571428,0.306070093196469
7.0,explicit,0.21428571428571427,0.7142857142857142,0.2449171250179656
7.0,explicit,0.21428571428571427,0.7857142857142857,0.18371564501140378
7.0,explicit,0.21428571428571427,0.8571428571428571,0.12292689987271146
7.0,explicit,0.21428571428571427,0.9285714285714285,0.06512658399600069
7.0,explicit,0.21428571428571427,1.0,0.02419622715660341
7.0,explicit,0.2857142857142857,0.0,0.02419622715660341
7.0,explicit,0.2857142857142857,0.07142857142857142,0.08551562478292832
7.0,explicit,0.2857142857142857,0.14285714285714285,0.16372117179038573
7.0,explicit,0.2857142857142857,0.21428571428571427,0.2449171250179655
7.0,explicit,0.2857142857142857,0.2857142857142857,0.32652512048563215
7.0,explicit,0.2857142857142857,0.3571428571428571,0.40806180107402196
7.0,explicit,0.2857142857142857,0.42857142857142855,0.487826942239326
7.0,explicit,0.2857142857142857,0.5,0.5464918664431826
7.0,explicit,0.2857142857142857,0.5714285714285714,0.48782694223932604
7.0,explicit,0.2857142857142857,0.6428571428571428,0.40806180107402207
7.0,explicit,0.2857142857142857,0.7142857142857142,0.32652512048563226
7.0,explicit,0.2857142857142857,0.7857142857142857,0.24491712501796553
7.0,explicit,0.2857142857142857,0.8571428571428571,0.16372117179038578
7.0,explicit,0.2857142857142857,0.9285714285714285,0.0855156247829284
7.0,explicit,0.2857142857142857,1.0,0.02419622715660341
7.0,explicit,0.3571428571428571,0.0,0.02419622715660341
7.0,explicit,0.3571428571428571,0.07142857142857142,0.10589960495995471
7.0,explicit,0.3571428571428571,0.14285714285714285,0.20448962902610582
7.0,explicit,0.3571428571428571,0.21428571428571427,0.3060700931964689
7.0,explicit,0.3571428571428571,0.2857142857142857,0.40806180107402196
7.0,explicit,0.3571428571428571,0.3571428571428571,0.5099594001217338
7.0,explicit,0.3571428571428571,0.42857142857142855,0.609642756383643
7.0,explicit,0.3571428571428571,0.5,0.6829559623315945
7.0,explicit,0.3571428571428571,0.5714285714285714,0.609642756383643
7.0,explicit,0.3571428571428571,0.6428571428571428,0.5099594001217339
7.0,explicit,0.3571428571428571,0.7142857142857142,0.4080618010740221
7.0,explicit,0.3571428571428571,0.7857142857142857,0.306070093196469
7.0,explicit,0.3571428571428571,0.8571428571428571,0.2044896290261059
7.0,explicit,0.3571428571428571,0.9285714285714285,0.1058996049599548
7.0,explicit,0.3571428571428571,1.0,0.02419622715660341
7.0,explicit,0.42857142857142855,0.0,0.02419622715660341
7.0,explicit,0.42857142857142855,0.07142857142857142,0.12584108988150056
7.0,explicit,0.42857142857142855,0.14285714285714285,0.24437260930255686
7.0,explicit,0.42857142857142855,0.21428571428571427,0.3658945497698012
7.0,explicit,0.42857142857142855,0.2857142857142857,0.487826942239326
7.0,explicit,0.42857142857142855,0.3571428571428571,0.609642756383643
7.0,explicit,0.42857142857142855,0.42857142857142855,0.728809115502254
7.0,explicit,0.42857142857142855,0.5,0.8164393948345483
7.0,explicit,0.42857142857142855,0.5714285714285714,0.7288091155022541
7.0,explicit,0.42857142857142855,0.6428571428571428,0.6096427563836431
7.0,explicit,0.42857142857142855,0.7142857142857142,0.4878269422393262
7.0,explicit,0.42857142857142855,0.7857142857142857,0.36589454976980124
7.0,explicit,0.42857142857142855,0.8571428571428571,0.24437260930255697
7.0,explicit,0.42857142857142855,0.9285714285714285,0.12584108988150072
7.0,explicit,0.42857142857142855,1.0,0.02419622715660341
7.0,explicit,0.5,0.0,0.02419622715660341
7.0,explicit,0.5,0.07142857142857142,0.14050748651754197
7.0,explicit,0.5,0.14285714285714285,0.27370540243077474
7.0,explicit,0.5,0.21428571428571427,0.40989372306726124
7.0,explicit,0.5,0.2857142857142857,0.5464918664431826
7.0,explicit,0.5,0.3571428571428571,0.6829559623315945
7.0,explicit,0.5,0.42857142857142855,0.8164393948345483
7.0,explicit,0.5,0.5,0.9145356696037665
7.0,explicit,0.5,0.5714285714285714,0.8164393948345484
7.0,explicit,0.5,0.6428571428571428,0.6829559623315946
7.0,explicit,0.5,0.7142857142857142,0.5464918664431828
7.0,explicit,0.5,0.7857142857142857,0.4098937230672613
7.0,explicit,0.5,0.8571428571428571,0.27370540243077485
7.0,explicit,0.5,0.9285714285714285,0.1405074865175421
7.0,explicit,0.5,1.0,0.02419622715660341
7.0,explicit,0.5714285714285714,0.0,0.02419622715660341
7.0,explicit,0.5714285714285714,0.07142857142857142,0.12584108988150058
7.0,explicit,0.5714285714285714,0.14285714285714285,0.2443726093025569
7.0,explicit,0.5714285714285714,0.21428571428571427,0.36589454976980124
7.0,explicit,0.5714285714285714,0.2857142857142857,0.48782694223932604
7.0,explicit,0.5714285714285714,0.3571428571428571,0.609642756383643
7.0,explicit,0.5714285714285714,0.42857142857142855,0.7288091155022541
7.0,explicit,0.5714285714285714,0.5,0.8164393948345484
7.0,explicit,0.5714285714285714,0.5714285714285714,0.7288091155022542
7.0,explicit,0.5714285714285714,0.6428571428571428,0.6096427563836432
7.0,explicit,0.5714285714285714,0.7142857142857142,0.48782694223932627
7.0,explicit,0.5714285714285714,0.7857142857142857,0.3658945497698013
7.0,explicit,0.5714285714285714,0.8571428571428571,0.244372609302557
7.0,explicit,0.5714285714285714,0.9285714285714285,0.12584108988150072
7.0,explicit,0.5714285714285714,1.0,0.02419622715660341
7.0,explicit,0.6428571428571428,0.0,0.02419622715660341
7.0,explicit,0.6428571428571428,0.07142857142857142,0.10589960495995475
7.0,explicit,0.6428571428571428,0.14285714285714285,0.20448962902610587
7.0,explicit,0.6428571428571428,0.21428571428571427,0.306070093196469
7.0,explicit,0.6428571428571428,0.2857142857142857,0.40806180107402207
7.0,explicit,0.6428571428571428,0.3571428571428571,0.5099594001217339
7.0,explicit,0.6428571428571428,0.42857142857142855,0.6096427563836431
7.0,explicit,0.6428571428571428,0.5,0.6829559623315946
7.0,explicit,0.6428571428571428,0.5714285714285714,0.6096427563836432
7.0,explicit,0.6428571428571428,0.6428571428571428,0.5099594001217341
7.0,explicit,0.6428571428571428,0.7142857142857142,0.40806180107402223
7.0,explicit,0.6428571428571428,0.7857142857142857,0.30607009319646905
7.0,explicit,0.6428571428571428,0.8571428571428571,0.20448962902610596
7.0,explicit,0.6428571428571428,0.9285714285714285,0.10589960495995483
7.0,explicit,0.6428571428571428,1.0,0.02419622715660341
7.0,explicit,0.7142857142857142,0.0,0.02419622715660341
7.0,explicit,0.7142857142857142,0.07142857142857142,0.08551562478292835
7.0,explicit,0.7142857142857142,0.14285714285714285,0.16372117179038578
7.0,explicit,0.7142857142857142,0.21428571428571427,0.2449171250179656
7.0,explicit,0.7142857142857142,0.2857142857142857,0.32652512048563226
7.0,explicit,0.7142857142857142,0.3571428571428571,0.4080618010740221
7.0,explicit,0.7142857142857142,0.42857142857142855,0.4878269422393262
7.0,explicit,0.7142857142857142,0.5,0.5464918664431828
7.0,explicit,0.7142857142857142,0.5714285714285714,0.48782694223932627
7.0,explicit,0.7142857142857142,0.6428571428571428,0.40806180107402223
7.0,explicit,0.7142857142857142,0.7142857142857142,0.32652512048563237
7.0,explicit,0.7142857142857142,0.7857142857142857,0.24491712501796564
7.0,explicit,0.7142857142857142,0.8571428571428571,0.16372117179038587
7.0,explicit,0.7142857142857142,0.9285714285714285,0.08551562478292843
7.0,explicit,0.7142857142857142,1.0,0.02419622715660341
7.0,explicit,0.7857142857142857,0.0,0.02419622715660341
7.0,explicit,0.7857142857142857,0.07142857142857142,0.06512658399600064
7.0,explicit,0.7857142857142857,0.14285714285714285,0.12292689987271142
7.0,explicit,0.7857142857142857,0.21428571428571427,0.18371564501140378
7.0,explicit,0.7857142857142857,0.2857142857142857,0.24491712501796553
7.0,explicit,0.7857142857142857,0.3571428571428571,0.306070093196469
7.0,explicit,0.7857142857142857,0.42857142857142855,0.36589454976980124
7.0,explicit,0.7857142857142857,0.5,0.4098937230672613
7.0,explicit,0.7857142857142857,0.5714285714285714,0.3658945497698013
7.0,explicit,0.7857142857142857,0.6428571428571428,0.30607009319646905
7.0,explicit,0.7857142857142857,0.7142857142857142,0.24491712501796564
7.0,explicit,0.7857142857142857,0.7857142857142857,0.1837156450114038
7.0,explicit,0.7857142857142857,0.8571428571428571,0.12292689987271148
7.0,explicit,0.7857142857142857,0.9285714285714285,0.06512658399600071
7.0,explicit,0.7857142857142857,1.0,0.02419622715660341
7.0,explicit,0.8571428571428571,0.0,0.02419622715660341
7.0,explicit,0.8571428571428571,0.07142857142857142,0.045098830106594864
7.0,explicit,0.8571428571428571,0.14285714285714285,0.08254314185980376
7.0,explicit,0.8571428571428571,0.21428571428571427,0.12292689987271146
7.0,explicit,0.8571428571428571,0.2857142857142857,0.16372117179038578
7.0,explicit,0.8571428571428571,0.3571428571428571,0.2044896290261059
7.0,explicit,0.8571428571428571,0.42857142857142855,0.24437260930255697
7.0,explicit,0.8571428571428571,0.5,0.27370540243077485
7.0,explicit,0.8571428571428571,0.5714285714285714,0.244372609302557
7.0,explicit,0.8571428571428571,0.6428571428571428,0.20448962902610596
7.0,explicit,0.8571428571428571,0.7142857142857142,0.16372117179038587
7.0,explicit,0.8571428571428571,0.7857142857142857,0.12292689987271148
7.0,explicit,0.8571428571428571,0.8571428571428571,0.08254314185980378
7.0,explicit,0.8571428571428571,0.9285714285714285,0.045098830106594906
7.0,explicit,0.8571428571428571,1.0,0.02419622715660341
7.0,explicit,0.9285714285714285,0.0,0.02419622715660341
7.0,explicit,0.9285714285714285,0.07142857142857142,0.02733839055277986
7.0,explicit,0.9285714285714285,0.14285714285714285,0.045098830106594885
7.0,explicit,0.9285714285714285,0.21428571428571427,0.06512658399600069
7.0,explicit,0.9285714285714285,0.2857142857142857,0.0855156247829284
7.0,explicit,0.9285714285714285,0.3571428571428571,0.1058996049599548
7.0,explicit,0.9285714285714285,0.42857142857142855,0.12584108988150072
7.0,explicit,0.9285714285714285,0.5,0.1405074865175421
7.0,explicit,0.9285714285714285,0.5714285714285714,0.12584108988150072
7.0,explicit,0.9285714285714285,0.6428571428571428,0.10589960495995485
7.0,explicit,0.9285714285714285,0.7142857142857142,0.08551562478292841
7.0,explicit,0.9285714285714285,0.7857142857142857,0.0651265839960007
7.0,explicit,0.9285714285714285,0.8571428571428571,0.045098830106594906
7.0,explicit,0.9285714285714285,0.9285714285714285,0.027338390552779875
7.0,explicit,0.9285714285714285,1.0,0.02419622715660341
7.0,explicit,1.0,0.0,0.02419622715660341
7.0,explicit,1.0,0.07142857142857142,0.02419622715660341
7.0,explicit,1.0,0.14285714285714285,0.02419622715660341
7.0,explicit,1.0,0.21428571428571427,0.02419622715660341
7.0,explicit,1.0,0.2857142857142857,0.02419622715660341
7.0,explicit,1.0,0.3571428571428571,0.02419622715660341
7.0,explicit,1.0,0.42857142857142855,0.02419622715660341
7.0,explicit,1.0,0.5,0.02419622715660341
7.0,explicit,1.0,0.5714285714285714,0.02419622715660341
7.0,explicit,1.0,0.6428571428571428,0.02419622715660341
7.0,explicit,1.0,0.7142857142857142,0.02419622715660341
7.0,explicit,1.0,0.7857142857142857,0.02419622715660341
7.0,explicit,1.0,0.8571428571428571,0.02419622715660341
7.0,explicit,1.0,0.9285714285714285,0.02419622715660341
7.0,explicit,1.0,1.0,0.02419622715660341
8.0,explicit,0.0,0.0,-0.1913280244657798
8.0,explicit,0.0,0.07142857142857142,-0.1913280244657798
8.0,explicit,0.0,0.14285714285714285,-0.1913280244657798
8.0,explicit,0.0,0.21428571428571427,-0.1913280244657798
8.0,explicit,0.0,0.2857142857142857,-0.1913280244657798
8.0,explicit,0.0,0.3571428571428571,-0.1913280244657798
8.0,explicit,0.0,0.42857142857142855,-0.1913280244657798
8.0,explicit,0.0,0.5,-0.1913280244657798
8.0,explicit,0.0,0.5714285714285714,-0.1913280244657798
8.0,explicit,0.0,0.6428571428571428,-0.1913280244657798
8.0,explicit,0.0,0.7142857142857142,-0.1913280244657798
8.0,explicit,0.0,0.7857142857142857,-0.1913280244657798
8.0,explicit,0.0,0.8571428571428571,-0.1913280244657798
8.0,explicit,0.0,0.9285714285714285,-0.1913280244657798
8.0,explicit,0.0,1.0,-0.1913280244657798
8.0,explicit,0.07142857142857142,0.0,-0.1913280244657798
8.0,explicit,0.07142857142857142,0.07142857142857142,0.02773873672100693
8.0,explicit,0.07142857142857142,0.14285714285714285,0.04535638853073851
8.0,explicit,0.07142857142857142,0.21428571428571427,0.06536253737413494
8.0,explicit,0.07142857142857142,0.2857142857142857,0.08574678333856732
8.0,explicit,0.07142857142857142,0.3571428571428571,0.10612478037648587
8.0,explicit,0.07142857142857142,0.42857142857142855,0.12600009108212717
8.0,explicit,0.07142857142857142,0.5,0.14033705728596688
8.0,explicit,0.07142857142857142,0.5714285714285714,0.1260000910821272
8.0,explicit,0.07142857142857142,0.6428571428571428,0.10612478037648591
8.0,explicit,0.07142857142857142,0.7142857142857142,0.08574678333856735
8.0,explicit,0.07142857142857142,0.7857142857142857,0.06536253737413496
8.0,explicit,0.07142857142857142,0.8571428571428571,0.04535638853073853
8.0,explicit,0.07142857142857142,0.9285714285714285,0.02773873672100695
8.0,explicit,0.07142857142857142,1.0,-0.1913280244657798
8.0,explicit,0.14285714285714285,0.0,-0.1913280244657798
8.0,explicit,0.14285714285714285,0.07142857142857142,0.04535638853073851
8.0,explicit,0.14285714285714285,0.14285714285714285,0.08262364355741088
8.0,explicit,0.14285714285714285,0.21428571428571427,0.12297344277073015
8.0,explicit,0.14285714285714285,0.2857142857142857,0.16376176696213735
8.0,explicit,0.14285714285714285,0.3571428571428571,0.20451845301055685
8.0,explicit,0.14285714285714285,0.42857142857142855,0.244269090824762
8.0,explicit,0.14285714285714285,0.5,0.27294302301777845
8.0,explicit,0.14285714285714285,0.5714285714285714,0.24426909082476203
8.0,explicit,0.14285714285714285,0.6428571428571428,0.2045184530105569
8.0,explicit,0.14285714285714285,0.7142857142857142,0.1637617669621374
8.0,explicit,0.14285714285714285,0.7857142857142857,0.12297344277073016
8.0,explicit,0.14285714285714285,0.8571428571428571,0.0826236435574109
8.0,explicit,0.14285714285714285,0.9285714285714285,0.04535638853073855
8.0,explicit,0.14285714285714285,1.0,-0.1913280244657798
8.0,explicit,0.21428571428571427,0.0,-0.1913280244657798
8.0,explicit,0.21428571428571427,0.07142857142857142,0.06536253737413494
8.0,explicit,0.21428571428571427,0.14285714285714285,0.12297344277073015
8.0,explicit,0.21428571428571427,0.21428571428571427,0.1837269484524568
8.0,explicit,0.21428571428571427,0.2857142857142857,0.24492210296495187
8.0,explicit,0.21428571428571427,0.3571428571428571,0.3060575327316017
8.0,explicit,0.21428571428571427,0.42857142857142855,0.3656834691824699
8.0,explicit,0.21428571428571427,0.5,0.40869434327965587
8.0,explicit,0.21428571428571427,0.5714285714285714,0.36568346918246997
8.0,explicit,0.21428571428571427,0.6428571428571428,0.3060575327316018
8.0,explicit,0.21428571428571427,0.7142857142857142,0.24492210296495195
8.0,explicit,0.21428571428571427,0.7857142857142857,0.18372694845245682
8.0,explicit,0.21428571428571427,0.8571428571428571,0.1229734427707302
8.0,explicit,0.21428571428571427,0.9285714285714285,0.065362537374135
8.0,explicit,0.21428571428571427,1.0,-0.1913280244657798
8.0,explicit,0.2857142857142857,0.0,-0.1913280244657798
8.0,explicit,0.2857142857142857,0.07142857142857142,0.08574678333856732
8.0,explicit,0.2857142857142857,0.14285714285714285,0.16376176696213735
8.0,explicit,0.2857142857142857,0.21428571428571427,0.24492210296495187
8.0,explicit,0.2857142857142857,0.2857142857142857,0.32652316740728365
8.0,explicit,0.2857142857142857,0.3571428571428571,0.40803625411071165
8.0,explicit,0.2857142857142857,0.42857142857142855,0.4875364133628883
8.0,explicit,0.2857142857142857,0.5,0.5448833929091091
8.0,explicit,0.2857142857142857,0.5714285714285714,0.48753641336288833
8.0,explicit,0.2857142857142857,0.6428571428571428,0.40803625411071176
8.0,explicit,0.2857142857142857,0.7142857142857142,0.32652316740728377
8.0,explicit,0.2857142857142857,0.7857142857142857,0.24492210296495193
8.0,explicit,0.2857142857142857,0.8571428571428571,0.1637617669621374
8.0,explicit,0.2857142857142857,0.9285714285714285,0.0857467833385674
8.0,explicit,0.2857142857142857,1.0,-0.1913280244657798
8.0,explicit,0.3571428571428571,0.0,-0.1913280244657798
8.0,explicit,0.3571428571428571,0.07142857142857142,0.10612478037648587
8.0,explicit,0.3571428571428571,0.14285714285714285,0.20451845301055685
8.0,explicit,0.3571428571428571,0.21428571428571427,0.3060575327316017
8.0,explicit,0.3571428571428571,0.2857142857142857,0.40803625411071165
8.0,explicit,0.3571428571428571,0.3571428571428571,0.5098987593454027
8.0,explicit,0.3571428571428571,0.42857142857142855,0.6092453809449827
8.0,explicit,0.3571428571428571,0.5,0.6809073411849329
8.0,explicit,0.3571428571428571,0.5714285714285714,0.6092453809449827
8.0,explicit,0.3571428571428571,0.6428571428571428,0.5098987593454029
8.0,explicit,0.3571428571428571,0.7142857142857142,0.4080362541107118
8.0,explicit,0.3571428571428571,0.7857142857142857,0.3060575327316018
8.0,explicit,0.3571428571428571,0.8571428571428571,0.20451845301055693
8.0,explicit,0.3571428571428571,0.9285714285714285,0.10612478037648597
8.0,explicit,0.3571428571428571,1.0,-0.1913280244657798
8.0,explicit,0.42857142857142855,0.0,-0.1913280244657798
8.0,explicit,0.42857142857142855,0.07142857142857142,0.12600009108212717
8.0,explicit,0.42857142857142855,0.14285714285714285,0.244269090824762
8.0,explicit,0.42857142857142855,0.21428571428571427,0.3656834691824699
8.0,explicit,0.42857142857142855,0.2857142857142857,0.4875364133628883
8.0,explicit,0.42857142857142855,0.3571428571428571,0.6092453809449827
8.0,explicit,0.42857142857142855,0.42857142857142855,0.7279454467244031
8.0,explicit,0.42857142857142855,0.5,0.8135549231910916
8.0,explicit,0.42857142857142855,0.5714285714285714,0.7279454467244032
8.0,explicit,0.42857142857142855,0.6428571428571428,0.6092453809449828
8.0,explicit,0.42857142857142855,0.7142857142857142,0.4875364133628885
8.0,explicit,0.42857142857142855,0.7857142857142857,0.36568346918246997
8.0,explicit,0.42857142857142855,0.8571428571428571,0.24426909082476211
8.0,explicit,0.42857142857142855,0.9285714285714285,0.12600009108212734
8.0,explicit,0.42857142857142855,1.0,-0.1913280244657798
8.0,explicit,0.5,0.0,-0.1913280244657798
8.0,explicit,0.5,0.07142857142857142,0.14033705728596688
8.0,explicit,0.5,0.14285714285714285,0.27294302301777845
8.0,explicit,0.5,0.21428571428571427,0.40869434327965587
8.0,explicit,0.5,0.2857142857142857,0.5448833929091091
8.0,explicit,0.5,0.3571428571428571,0.6809073411849329
8.0,explicit,0.5,0.42857142857142855,0.8135549231910916
8.0,explicit,0.5,0.5,0.9091626054616329
8.0,explicit,0.5,0.5714285714285714,0.8135549231910917
8.0,explicit,0.5,0.6428571428571428,0.680907341184933
8.0,explicit,0.5,0.7142857142857142,0.5448833929091094
8.0,explicit,0.5,0.7857142857142857,0.4086943432796559
8.0,explicit,0.5,0.8571428571428571,0.27294302301777856
8.0,explicit,0.5,0.9285714285714285,0.14033705728596702
8.0,explicit,0.5,1.0,-0.1913280244657798
8.0,explicit,0.5714285714285714,0.0,-0.1913280244657798
8.0,explicit,0.5714285714285714,0.07142857142857142,0.1260000910821272
8.0,explicit,0.5714285714285714,0.14285714285714285,0.24426909082476203
8.0,explicit,0.5714285714285714,0.21428571428571427,0.36568346918246997
8.0,explicit,0.5714285714285714,0.2857142857142857,0.48753641336288833
8.0,explicit,0.5714285714285714,0.3571428571428571,0.6092453809449827
8.0,explicit,0.5714285714285714,0.42857142857142855,0.7279454467244032
8.0,explicit,0.5714285714285714,0.5,0.8135549231910917
8.0,explicit,0.5714285714285714,0.5714285714285714,0.7279454467244033
8.0,explicit,0.5714285714285714,0.6428571428571428,0.6092453809449829
8.0,explicit,0.5714285714285714,0.7142857142857142,0.48753641336288855
8.0,explicit,0.5714285714285714,0.7857142857142857,0.36568346918247
8.0,explicit,0.5714285714285714,0.8571428571428571,0.24426909082476214
8.0,explicit,0.5714285714285714,0.9285714285714285,0.12600009108212734
8.0,explicit,0.5714285714285714,1.0,-0.1913280244657798
8.0,explicit,0.6428571428571428,0.0,-0.1913280244657798
8.0,explicit,0.6428571428571428,0.07142857142857142,0.10612478037648591
8.0,explicit,0.6428571428571428,0.14285714285714285,0.2045184530105569
8.0,explicit,0.6428571428571428,0.21428571428571427,0.3060575327316018
8.0,explicit,0.6428571428571428,0.2857142857142857,0.40803625411071176
8.0,explicit,0.6428571428571428,0.3571428571428571,0.5098987593454029
8.0,explicit,0.6428571428571428,0.42857142857142855,0.6092453809449828
8.0,explicit,0.6428571428571428,0.5,0.680907341184933
8.0,explicit,0.6428571428571428,0.5714285714285714,0.6092453809449829
8.0,explicit,0.6428571428571428,0.6428571428571428,0.5098987593454031
8.0,explicit,0.6428571428571428,0.7142857142857142,0.4080362541107119
8.0,explicit,0.6428571428571428,0.7857142857142857,0.30605753273160186
8.0,explicit,0.6428571428571428,0.8571428571428571,0.204518453010557
8.0,explicit,0.6428571428571428,0.9285714285714285,0.106124780376486
8.0,explicit,0.6428571428571428,1.0,-0.1913280244657798
8.0,explicit,0.7142857142857142,0.0,-0.1913280244657798
8.0,explicit,0.7142857142857142,0.07142857142857142,0.08574678333856735
8.0,explicit,0.7142857142857142,0.14285714285714285,0.1637617669621374
8.0,explicit,0.7142857142857142,0.21428571428571427,0.24492210296495195
8.0,explicit,0.7142857142857142,0.2857142857142857,0.32652316740728377
8.0,explicit,0.7142857142857142,0.3571428571428571,0.4080362541107118
8.0,explicit,0.7142857142857142,0.42857142857142855,0.4875364133628885
8.0,explicit,0.7142857142857142,0.5,0.5448833929091094
8.0,explicit,0.7142857142857142,0.5714285714285714,0.48753641336288855
8.0,explicit,0.7142857142857142,0.6428571428571428,0.4080362541107119
8.0,explicit,0.7142857142857142,0.7142857142857142,0.3265231674072839
8.0,explicit,0.7142857142857142,0.7857142857142857,0.244922102964952
8.0,explicit,0.7142857142857142,0.8571428571428571,0.16376176696213748
8.0,explicit,0.7142857142857142,0.9285714285714285,0.08574678333856743
8.0,explicit,0.7142857142857142,1.0,-0.1913280244657798
8.0,explicit,0.7857142857142857,0.0,-0.1913280244657798
8.0,explicit,0.7857142857142857,0.07142857142857142,0.06536253737413496
8.0,explicit,0.7857142857142857,0.14285714285714285,0.12297344277073016
8.0,explicit,0.7857142857142857,0.21428571428571427,0.18372694845245682
8.0,explicit,0.7857142857142857,0.2857142857142857,0.24492210296495193
8.0,explicit,0.7857142857142857,0.3571428571428571,0.3060575327316018
8.0,explicit,0.7857142857142857,0.42857142857142855,0.36568346918246997
8.0,explicit,0.7857142857142857,0.5,0.4086943432796559
8.0,explicit,0.7857142857142857,0.5714285714285714,0.36568346918247
8.0,explicit,0.7857142857142857,0.6428571428571428,0.30605753273160186
8.0,explicit,0.7857142857142857,0.7142857142857142,0.244922102964952
8.0,explicit,0.7857142857142857,0.7857142857142857,0.18372694845245685
8.0,explicit,0.7857142857142857,0.8571428571428571,0.12297344277073022
8.0,explicit,0.7857142857142857,0.9285714285714285,0.06536253737413501
8.0,explicit,0.7857142857142857,1.0,-0.1913280244657798
8.0,explicit,0.8571428571428571,0.0,-0.1913280244657798
8.0,explicit,0.8571428571428571,0.07142857142857142,0.04535638853073853
8.0,explicit,0.8571428571428571,0.14285714285714285,0.0826236435574109
8.0,explicit,0.8571428571428571,0.21428571428571427,0.1229734427707302
8.0,explicit,0.8571428571428571,0.2857142857142857,0.1637617669621374
8.0,explicit,0.8571428571428571,0.3571428571428571,0.20451845301055693
8.0,explicit,0.8571428571428571,0.42857142857142855,0.24426909082476211
8.0,explicit,0.8571428571428571,0.5,0.27294302301777856
8.0,explicit,0.8571428571428571,0.5714285714285714,0.24426909082476214
8.0,explicit,0.8571428571428571,0.6428571428571428,0.204518453010557
8.0,explicit,0.8571428571428571,0.7142857142857142,0.16376176696213748
8.0,explicit,0.8571428571428571,0.7857142857142857,0.12297344277073022
8.0,explicit,0.8571428571428571,0.8571428571428571,0.08262364355741093
8.0,explicit,0.8571428571428571,0.9285714285714285,0.04535638853073857
8.0,explicit,0.8571428571428571,1.0,-0.1913280244657798
8.0,explicit,0.9285714285714285,0.0,-0.1913280244657798
8.0,explicit,0.9285714285714285,0.07142857142857142,0.02773873672100695
8.0,explicit,0.9285714285714285,0.14285714285714285,0.04535638853073855
8.0,explicit,0.9285714285714285,0.21428571428571427,0.065362537374135
8.0,explicit,0.9285714285714285,0.2857142857142857,0.0857467833385674
8.0,explicit,0.9285714285714285,0.3571428571428571,0.10612478037648597
8.0,explicit,0.9285714285714285,0.42857142857142855,0.12600009108212734
8.0,explicit,0.9285714285714285,0.5,0.14033705728596702
8.0,explicit,0.9285714285714285,0.5714285714285714,0.12600009108212734
8.0,explicit,0.9285714285714285,0.6428571428571428,0.10612478037648601
8.0,explicit,0.9285714285714285,0.7142857142857142,0.08574678333856742
8.0,explicit,0.9285714285714285,0.7857142857142857,0.065362537374135
8.0,explicit,0.9285714285714285,0.8571428571428571,0.04535638853073856
8.0,explicit,0.9285714285714285,0.9285714285714285,0.027738736721006962
8.0,explicit,0.9285714285714285,1.0,-0.1913280244657798
8.0,explicit,1.0,0.0,-0.1913280244657798
8.0,explicit,1.0,0.07142857142857142,-0.1913280244657798
8.0,explicit,1.0,0.14285714285714285,-0.1913280244657798
8.0,explicit,1.0,0.21428571428571427,-0.1913280244657798
8.0,explicit,1.0,0.2857142857142857,-0.1913280244657798
8.0,explicit,1.0,0.3571428571428571,-0.1913280244657798
8.0,explicit,1.0,0.42857142857142855,-0.1913280244657798
8.0,explicit,1.0,0.5,-0.1913280244657798
8.0,explicit,1.0,0.5714285714285714,-0.1913280244657798
8.0,explicit,1.0,0.6428571428571428,-0.1913280244657798
8.0,explicit,1.0,0.7142857142857142,-0.1913280244657798
8.0,explicit,1.0,0.7857142857142857,-0.1913280244657798
8.0,explicit,1.0,0.8571428571428571,-0.1913280244657798
8.0,explicit,1.0,0.9285714285714285,-0.1913280244657798
8.0,explicit,1.0,1.0,-0.1913280244657798
9.0,explicit,0.0,0.0,-0.05622875292409727
9.0,explicit,0.0,0.07142857142857142,-0.05622875292409727
9.0,explicit,0.0,0.14285714285714285,-0.05622875292409727
9.0,explicit,0.0,0.21428571428571427,-0.05622875292409727
9.0,explicit,0.0,0.2857142857142857,-0.05622875292409727
9.0,explicit,0.0,0.3571428571428571,-0.05622875292409727
9.0,explicit,0.0,0.42857142857142855,-0.05622875292409727
9.0,explicit,0.0,0.5,-0.05622875292409727
9.0,explicit,0.0,0.5714285714285714,-0.05622875292409727
9.0,explicit,0.0,0.6428571428571428,-0.05622875292409727
9.0,explicit,0.0,0.7142857142857142,-0.05622875292409727
9.0,explicit,0.0,0.7857142857142857,-0.05622875292409727
9.0,explicit,0.0,0.8571428571428571,-0.05622875292409727
9.0,explicit,0.0,0.9285714285714285,-0.05622875292409727
9.0,explicit,0.0,1.0,-0.05622875292409727
9.0,explicit,0.07142857142857142,0.0,-0.05622875292409727
9.0,explicit,0.07142857142857142,0.07142857142857142,0.017448848424059273
9.0,explicit,0.07142857142857142,0.14285714285714285,0.040254486166457576
9.0,explicit,0.07142857142857142,0.21428571428571427,0.060254123847869455
9.0,explicit,0.07142857142857142,0.2857142857142857,0.08062816610302008
9.0,explicit,0.07142857142857142,0.3571428571428571,0.10099176287002465
9.0,explicit,0.07142857142857142,0.42857142857142855,0.12072662152440966
9.0,explicit,0.07142857142857142,0.5,0.1344420506726632
9.0,explicit,0.07142857142857142,0.5714285714285714,0.12072662152440969
9.0,explicit,0.07142857142857142,0.6428571428571428,0.10099176287002468
9.0,explicit,0.07142857142857142,0.7142857142857142,0.08062816610302011
9.0,explicit,0.07142857142857142,0.7857142857142857,0.06025412384786948
9.0,explicit,0.07142857142857142,0.8571428571428571,0.04025448616645759
9.0,explicit,0.07142857142857142,0.9285714285714285,0.01744884842405929
9.0,explicit,0.07142857142857142,1.0,-0.05622875292409727
9.0,explicit,0.14285714285714285,0.0,-0.05622875292409727
9.0,explicit,0.14285714285714285,0.07142857142857142,0.040254486166457576
9.0,explicit,0.14285714285714285,0.14285714285714285,0.08271531511043546
9.0,explicit,0.14285714285714285,0.21428571428571427,0.12303347938253659
9.0,explicit,0.14285714285714285,0.2857142857142857,0.16380852356147932
9.0,explicit,0.14285714285714285,0.3571428571428571,0.2045369150628707
9.0,explicit,0.14285714285714285,0.42857142857142855,0.2440066677348499
9.0,explicit,0.14285714285714285,0.5,0.27143752561432616
9.0,explicit,0.14285714285714285,0.5714285714285714,0.24400666773484994
9.0,explicit,0.14285714285714285,0.6428571428571428,0.20453691506287075
9.0,explicit,0.14285714285714285,0.7142857142857142,0.16380852356147937
9.0,explicit,0.14285714285714285,0.7857142857142857,0.1230334793825366
9.0,explicit,0.14285714285714285,0.8571428571428571,0.08271531511043549
9.0,explicit,0.14285714285714285,0.9285714285714285,0.04025448616645761
9.0,explicit,0.14285714285714285,1.0,-0.05622875292409727
9.0,explicit,0.21428571428571427,0.0,-0.05622875292409727
9.0,explicit,0.21428571428571427,0.07142857142857142,0.06025412384786946
9.0,explicit,0.21428571428571427,0.14285714285714285,0.12303347938253659
9.0,explicit,0.21428571428571427,0.21428571428571427,0.18375196240871616
9.0,explicit,0.21428571428571427,0.2857142857142857,0.24493276750177242
9.0,explicit,0.21428571428571427,0.3571428571428571,0.30602607559899364
9.0,explicit,0.21428571428571427,0.42857142857142855,0.3652306650499172
9.0,explicit,0.21428571428571427,0.5,0.40637690432260387
9.0,explicit,0.21428571428571427,0.5714285714285714,0.36523066504991725
9.0,explicit,0.21428571428571427,0.6428571428571428,0.30602607559899375
9.0,explicit,0.21428571428571427,0.7142857142857142,0.2449327675017725
9.0,explicit,0.21428571428571427,0.7857142857142857,0.1837519624087162
9.0,explicit,0.21428571428571427,0.8571428571428571,0.12303347938253664
9.0,explicit,0.21428571428571427,0.9285714285714285,0.060254123847869503
9.0,explicit,0.21428571428571427,1.0,-0.05622875292409727
9.0,explicit,0.2857142857142857,0.0,-0.05622875292409727
9.0,explicit,0.2857142857142857,0.07142857142857142,0.0806281661030201
9.0,explicit,0.2857142857142857,0.14285714285714285,0.16380852356147932
9.0,explicit,0.2857142857142857,0.21428571428571427,0.24493276750177242
9.0,explicit,0.2857142857142857,0.2857142857142857,0.3265178249622383
9.0,explicit,0.2857142857142857,0.3571428571428571,0.40797418286119436
9.0,explicit,0.2857142857142857,0.42857142857142855,0.4869117669699648
9.0,explicit,0.2857142857142857,0.5,0.5417720146113235
9.0,explicit,0.2857142857142857,0.5714285714285714,0.48691176696996485
9.0,explicit,0.2857142857142857,0.6428571428571428,0.40797418286119447
9.0,explicit,0.2857142857142857,0.7142857142857142,0.3265178249622384
9.0,explicit,0.2857142857142857,0.7857142857142857,0.24493276750177248
9.0,explicit,0.2857142857142857,0.8571428571428571,0.16380852356147937
9.0,explicit,0.2857142857142857,0.9285714285714285,0.08062816610302016
9.0,explicit,0.2857142857142857,1.0,-0.05622875292409727
9.0,explicit,0.3571428571428571,0.0,-0.05622875292409727
9.0,explicit,0.3571428571428571,0.07142857142857142,0.10099176287002465
9.0,explicit,0.3571428571428571,0.14285714285714285,0.2045369150628707
9.0,explicit,0.3571428571428571,0.21428571428571427,0.30602607559899364
9.0,explicit,0.3571428571428571,0.2857142857142857,0.40797418286119436
9.0,explicit,0.3571428571428571,0.3571428571428571,0.5097524208663817
9.0,explicit,0.3571428571428571,0.42857142857142855,0.6083827657307683
9.0,explicit,0.3571428571428571,0.5,0.6769276382739706
9.0,explicit,0.3571428571428571,0.5714285714285714,0.6083827657307683
9.0,explicit,0.3571428571428571,0.6428571428571428,0.5097524208663818
9.0,explicit,0.3571428571428571,0.7142857142857142,0.4079741828611945
9.0,explicit,0.3571428571428571,0.7857142857142857,0.30602607559899375
9.0,explicit,0.3571428571428571,0.8571428571428571,0.20453691506287078
9.0,explicit,0.3571428571428571,0.9285714285714285,0.10099176287002473
9.0,explicit,0.3571428571428571,1.0,-0.05622875292409727
9.0,explicit,0.42857142857142855,0.0,-0.05622875292409727
9.0,explicit,0.42857142857142855,0.07142857142857142,0.12072662152440966
9.0,explicit,0.42857142857142855,0.14285714285714285,0.2440066677348499
9.0,explicit,0.42857142857142855,0.21428571428571427,0.3652306650499172
9.0,explicit,0.42857142857142855,0.2857142857142857,0.4869117669699648
9.0,explicit,0.42857142857142855,0.3571428571428571,0.6083827657307683
9.0,explicit,0.42857142857142855,0.42857142857142855,0.7260929905268769
9.0,explicit,0.42857142857142855,0.5,0.8078835684175673
9.0,explicit,0.42857142857142855,0.5714285714285714,0.726092990526877
9.0,explicit,0.42857142857142855,0.6428571428571428,0.6083827657307684
9.0,explicit,0.42857142857142855,0.7142857142857142,0.48691176696996497
9.0,explicit,0.42857142857142855,0.7857142857142857,0.36523066504991725
9.0,explicit,0.42857142857142855,0.8571428571428571,0.24400666773485002
9.0,explicit,0.42857142857142855,0.9285714285714285,0.12072662152440983
9.0,explicit,0.42857142857142855,1.0,-0.05622875292409727
9.0,explicit,0.5,0.0,-0.05622875292409727
9.0,explicit,0.5,0.07142857142857142,0.1344420506726632
9.0,explicit,0.5,0.14285714285714285,0.27143752561432616
9.0,explicit,0.5,0.21428571428571427,0.40637690432260387
9.0,explicit,0.5,0.2857142857142857,0.5417720146113235
9.0,explicit,0.5,0.3571428571428571,0.6769276382739706
9.0,explicit,0.5,0.42857142857142855,0.8078835684175673
9.0,explicit,0.5,0.5,0.898819728653482
9.0,explicit,0.5,0.5714285714285714,0.8078835684175674
9.0,explicit,0.5,0.6428571428571428,0.6769276382739707
9.0,explicit,0.5,0.7142857142857142,0.5417720146113236
9.0,explicit,0.5,0.7857142857142857,0.4063769043226039
9.0,explicit,0.5,0.8571428571428571,0.27143752561432627
9.0,explicit,0.5,0.9285714285714285,0.13444205067266332
9.0,explicit,0.5,1.0,-0.05622875292409727
9.0,explicit,0.5714285714285714,0.0,-0.05622875292409727
9.0,explicit,0.5714285714285714,0.07142857142857142,0.12072662152440969
9.0,explicit,0.5714285714285714,0.14285714285714285,0.24400666773484994
9.0,explicit,0.5714285714285714,0.21428571428571427,0.36523066504991725
9.0,explicit,0.5714285714285714,0.2857142857142857,0.48691176696996485
9.0,explicit,0.5714285714285714,0.3571428571428571,0.6083827657307683
9.0,explicit,0.5714285714285714,0.42857142857142855,0.726092990526877
9.0,explicit,0.5714285714285714,0.5,0.8078835684175674
9.0,explicit,0.5714285714285714,0.5714285714285714,0.7260929905268771
9.0,explicit,0.5714285714285714,0.6428571428571428,0.6083827657307685
9.0,explicit,0.5714285714285714,0.7142857142857142,0.486911766969965
9.0,explicit,0.5714285714285714,0.7857142857142857,0.3652306650499173
9.0,explicit,0.5714285714285714,0.8571428571428571,0.24400666773485005
9.0,explicit,0.5714285714285714,0.9285714285714285,0.12072662152440983
9.0,explicit,0.5714285714285714,1.0,-0.05622875292409727
9.0,explicit,0.6428571428571428,0.0,-0.05622875292409727
9.0,explicit,0.6428571428571428,0.07142857142857142,0.10099176287002468
9.0,explicit,0.6428571428571428,0.14285714285714285,0.20453691506287075
9.0,explicit,0.6428571428571428,0.21428571428571427,0.30602607559899375
9.0,explicit,0.6428571428571428,0.2857142857142857,0.40797418286119447
9.0,explicit,0.6428571428571428,0.3571428571428571,0.5097524208663818
9.0,explicit,0.6428571428571428,0.42857142857142855,0.6083827657307684
9.0,explicit,0.6428571428571428,0.5,0.6769276382739707
9.0,explicit,0.6428571428571428,0.5714285714285714,0.6083827657307685
9.0,explicit,0.6428571428571428,0.6428571428571428,0.5097524208663821
9.0,explicit,0.6428571428571428,0.7142857142857142,0.40797418286119463
9.0,explicit,0.6428571428571428,0.7857142857142857,0.3060260755989938
9.0,explicit,0.6428571428571428,0.8571428571428571,0.20453691506287083
9.0,explicit,0.6428571428571428,0.9285714285714285,0.10099176287002476
9.0,explicit,0.6428571428571428,1.0,-0.05622875292409727
9.0,explicit,0.7142857142857142,0.0,-0.05622875292409727
9.0,explicit,0.7142857142857142,0.07142857142857142,0.08062816610302011
9.0,explicit,0.7142857142857142,0.14285714285714285,0.16380852356147937
9.0,explicit,0.7142857142857142,0.21428571428571427,0.2449327675017725
9.0,explicit,0.7142857142857142,0.2857142857142857,0.3265178249622384
9.0,explicit,0.7142857142857142,0.3571428571428571,0.4079741828611945
9.0,explicit,0.7142857142857142,0.42857142857142855,0.48691176696996497
9.0,explicit,0.7142857142857142,0.5,0.5417720146113236
9.0,explicit,0.7142857142857142,0.5714285714285714,0.486911766969965
9.0,explicit,0.7142857142857142,0.6428571428571428,0.40797418286119463
9.0,explicit,0.7142857142857142,0.7142857142857142,0.3265178249622385
9.0,explicit,0.7142857142857142,0.7857142857142857,0.24493276750177256
9.0,explicit,0.7142857142857142,0.8571428571428571,0.16380852356147946
9.0,explicit,0.7142857142857142,0.9285714285714285,0.08062816610302019
9.0,explicit,0.7142857142857142,1.0,-0.05622875292409727
9.0,explicit,0.7857142857142857,0.0,-0.05622875292409727
9.0,explicit,0.7857142857142857,0.07142857142857142,0.06025412384786946
9.0,explicit,0.7857142857142857,0.14285714285714285,0.1230334793825366
9.0,explicit,0.7857142857142857,0.21428571428571427,0.1837519624087162
9.0,explicit,0.7857142857142857,0.2857142857142857,0.24493276750177248
9.0,explicit,0.7857142857142857,0.3571428571428571,0.30602607559899375
9.0,explicit,0.7857142857142857,0.42857142857142855,0.36523066504991725
9.0,explicit,0.7857142857142857,0.5,0.4063769043226039
9.0,explicit,0.7857142857142857,0.5714285714285714,0.3652306650499173
9.0,explicit,0.7857142857142857,0.6428571428571428,0.3060260755989938
9.0,explicit,0.7857142857142857,0.7142857142857142,0.24493276750177256
9.0,explicit,0.7857142857142857,0.7857142857142857,0.18375196240871622
9.0,explicit,0.7857142857142857,0.8571428571428571,0.12303347938253666
9.0,explicit,0.7857142857142857,0.9285714285714285,0.06025412384786952
9.0,explicit,0.7857142857142857,1.0,-0.05622875292409727
9.0,explicit,0.8571428571428571,0.0,-0.05622875292409727
9.0,explicit,0.8571428571428571,0.07142857142857142,0.04025448616645759
9.0,explicit,0.8571428571428571,0.14285714285714285,0.08271531511043549
9.0,explicit,0.8571428571428571,0.21428571428571427,0.12303347938253664
9.0,explicit,0.8571428571428571,0.2857142857142857,0.16380852356147937
9.0,explicit,0.8571428571428571,0.3571428571428571,0.20453691506287078
9.0,explicit,0.8571428571428571,0.42857142857142855,0.24400666773485002
9.0,explicit,0.8571428571428571,0.5,0.27143752561432627
9.0,explicit,0.8571428571428571,0.5714285714285714,0.24400666773485005
9.0,explicit,0.8571428571428571,0.6428571428571428,0.20453691506287083
9.0,explicit,0.8571428571428571,0.7142857142857142,0.16380852356147946
9.0,explicit,0.8571428571428571,0.7857142857142857,0.12303347938253666
9.0,explicit,0.8571428571428571,0.8571428571428571,0.08271531511043552
9.0,explicit,0.8571428571428571,0.9285714285714285,0.04025448616645763
9.0,explicit,0.8571428571428571,1.0,-0.05622875292409727
9.0,explicit,0.9285714285714285,0.0,-0.05622875292409727
9.0,explicit,0.9285714285714285,0.07142857142857142,0.01744884842405929
9.0,explicit,0.9285714285714285,0.14285714285714285,0.04025448616645761
9.0,explicit,0.9285714285714285,0.21428571428571427,0.06025412384786951
9.0,explicit,0.9285714285714285,0.2857142857142857,0.08062816610302016
9.0,explicit,0.9285714285714285,0.3571428571428571,0.10099176287002473
9.0,explicit,0.9285714285714285,0.42857142857142855,0.12072662152440983
9.0,explicit,0.9285714285714285,0.5,0.13444205067266332
9.0,explicit,0.9285714285714285,0.5714285714285714,0.12072662152440983
9.0,explicit,0.9285714285714285,0.6428571428571428,0.10099176287002477
9.0,explicit,0.9285714285714285,0.7142857142857142,0.08062816610302018
9.0,explicit,0.9285714285714285,0.7857142857142857,0.06025412384786951
9.0,explicit,0.9285714285714285,0.8571428571428571,0.040254486166457625
9.0,explicit,0.9285714285714285,0.9285714285714285,0.017448848424059304
9.0,explicit,0.9285714285714285,1.0,-0.05622875292409727
9.0,explicit,1.0,0.0,-0.05622875292409727
9.0,explicit,1.0,0.07142857142857142,-0.05622875292409727
9.0,explicit,1.0,0.14285714285714285,-0.05622875292409727
9.0,explicit,1.0,0.21428571428571427,-0.05622875292409727
9.0,explicit,1.0,0.2857142857142857,-0.05622875292409727
9.0,explicit,1.0,0.3571428571428571,-0.05622875292409727
9.0,explicit,1.0,0.42857142857142855,-0.05622875292409727
9.0,explicit,1.0,0.5,-0.05622875292409727
9.0,explicit,1.0,0.5714285714285714,-0.05622875292409727
9.0,explicit,1.0,0.6428571428571428,-0.05622875292409727
9.0,explicit,1.0,0.7142857142857142,-0.05622875292409727
9.0,explicit,1.0,0.7857142857142857,-0.05622875292409727
9.0,explicit,1.0,0.8571428571428571,-0.05622875292409727
9.0,explicit,1.0,0.9285714285714285,-0.05622875292409727
9.0,explicit,1.0,1.0,-0.05622875292409727
10.0,explicit,0.0,0.0,0.03142473325952739
10.0,explicit,0.0,0.07142857142857142,0.03142473325952739
10.0,explicit,0.0,0.14285714285714285,0.03142473325952739
10.0,explicit,0.0,0.21428571428571427,0.03142473325952739
10.0,explicit,0.0,0.2857142857142857,0.03142473325952739
10.0,explicit,0.0,0.3571428571428571,0.03142473325952739
10.0,explicit,0.0,0.42857142857142855,0.03142473325952739
10.0,explicit,0.0,0.5,0.03142473325952739
10.0,explicit,0.0,0.5714285714285714,0.03142473325952739
10.0,explicit,0.0,0.6428571428571428,0.03142473325952739
10.0,explicit,0.0,0.7142857142857142,0.03142473325952739
10.0,explicit,0.0,0.7857142857142857,0.03142473325952739
10.0,explicit,0.0,0.8571428571428571,0.03142473325952739
10.0,explicit,0.0,0.9285714285714285,0.03142473325952739
10.0,explicit,0.0,1.0,0.03142473325952739
10.0,explicit,0.07142857142857142,0.0,0.03142473325952739
10.0,explicit,0.07142857142857142,0.07142857142857142,0.0134835290989632
10.0,explicit,0.07142857142857142,0.14285714285714285,0.03809394152247063
10.0,explicit,0.07142857142857142,0.21428571428571427,0.05819564635482445
10.0,explicit,0.07142857142857142,0.2857142857142857,0.07856060251673504
10.0,explicit,0.07142857142857142,0.3571428571428571,0.0989064568144299
10.0,explicit,0.07142857142857142,0.42857142857142855,0.11849157450281313
10.0,explicit,0.07142857142857142,0.5,0.13163164915012335
10.0,explicit,0.07142857142857142,0.5714285714285714,0.11849157450281315
10.0,explicit,0.07142857142857142,0.6428571428571428,0.09890645681442993
10.0,explicit,0.07142857142857142,0.7142857142857142,0.07856060251673506
10.0,explicit,0.07142857142857142,0.7857142857142857,0.05819564635482448
10.0,explicit,0.07142857142857142,0.8571428571428571,0.03809394152247064
10.0,explicit,0.07142857142857142,0.9285714285714285,0.013483529098963217
10.0,explicit,0.07142857142857142,1.0,0.03142473325952739
10.0,explicit,0.14285714285714285,0.0,0.03142473325952739
10.0,explicit,0.14285714285714285,0.07142857142857142,0.03809394152247063
10.0,explicit,0.14285714285714285,0.14285714285714285,0.08257925521380578
10.0,explicit,0.14285714285714285,0.21428571428571427,0.12297973032381586
10.0,explicit,0.14285714285714285,0.2857142857142857,0.16374159389345913
10.0,explicit,0.14285714285714285,0.3571428571428571,0.20443513666285
10.0,explicit,0.14285714285714285,0.42857142857142855,0.24360543791146924
10.0,explicit,0.14285714285714285,0.5,0.2698855864908975
10.0,explicit,0.14285714285714285,0.5714285714285714,0.24360543791146927
10.0,explicit,0.14285714285714285,0.6428571428571428,0.20443513666285004
10.0,explicit,0.14285714285714285,0.7142857142857142,0.1637415938934592
10.0,explicit,0.14285714285714285,0.7857142857142857,0.12297973032381587
10.0,explicit,0.14285714285714285,0.8571428571428571,0.08257925521380581
10.0,explicit,0.14285714285714285,0.9285714285714285,0.03809394152247066
10.0,explicit,0.14285714285714285,1.0,0.03142473325952739
10.0,explicit,0.21428571428571427,0.0,0.03142473325952739
10.0,explicit,0.21428571428571427,0.07142857142857142,0.05819564635482446
10.0,explicit,0.21428571428571427,0.14285714285714285,0.12297973032381586
10.0,explicit,0.21428571428571427,0.21428571428571427,0.18377613031524292
10.0,explicit,0.21428571428571427,0.2857142857142857,0.24494217414166952
10.0,explicit,0.21428571428571427,0.3571428571428571,0.3059836352256432
10.0,explicit,0.21428571428571427,0.42857142857142855,0.3647390166009727
10.0,explicit,0.21428571428571427,0.5,0.404159155334101
10.0,explicit,0.21428571428571427,0.5714285714285714,0.36473901660097274
10.0,explicit,0.21428571428571427,0.6428571428571428,0.3059836352256433
10.0,explicit,0.21428571428571427,0.7142857142857142,0.24494217414166958
10.0,explicit,0.21428571428571427,0.7857142857142857,0.18377613031524295
10.0,explicit,0.21428571428571427,0.8571428571428571,0.12297973032381591
10.0,explicit,0.21428571428571427,0.9285714285714285,0.0581956463548245
10.0,explicit,0.21428571428571427,1.0,0.03142473325952739
10.0,explicit,0.2857142857142857,0.0,0.03142473325952739
10.0,explicit,0.2857142857142857,0.07142857142857142,0.07856060251673505
10.0,explicit,0.2857142857142857,0.14285714285714285,0.16374159389345913
10.0,explicit,0.2857142857142857,0.21428571428571427,0.24494217414166952
10.0,explicit,0.2857142857142857,0.2857142857142857,0.32651010042704104
10.0,explicit,0.2857142857142857,0.3571428571428571,0.40789651545075006
10.0,explicit,0.2857142857142857,0.42857142857142855,0.4862340614829358
10.0,explicit,0.2857142857142857,0.5,0.5387921022206875
10.0,explicit,0.2857142857142857,0.5714285714285714,0.48623406148293585
10.0,explicit,0.2857142857142857,0.6428571428571428,0.4078965154507502
10.0,explicit,0.2857142857142857,0.7142857142857142,0.32651010042704115
10.0,explicit,0.2857142857142857,0.7857142857142857,0.24494217414166958
10.0,explicit,0.2857142857142857,0.8571428571428571,0.1637415938934592
10.0,explicit,0.2857142857142857,0.9285714285714285,0.07856060251673512
10.0,explicit,0.2857142857142857,1.0,0.03142473325952739
10.0,explicit,0.3571428571428571,0.0,0.03142473325952739
10.0,explicit,0.3571428571428571,0.07142857142857142,0.0989064568144299
10.0,explicit,0.3571428571428571,0.14285714285714285,0.20443513666285
10.0,explicit,0.3571428571428571,0.21428571428571427,0.3059836352256432
10.0,explicit,0.3571428571428571,0.2857142857142857,0.40789651545075006
10.0,explicit,0.3571428571428571,0.3571428571428571,0.5095710210206983
10.0,explicit,0.3571428571428571,0.42857142857142855,0.6074355170054371
10.0,explicit,0.3571428571428571,0.5,0.6730926719781386
10.0,explicit,0.3571428571428571,0.5714285714285714,0.6074355170054371
10.0,explicit,0.3571428571428571,0.6428571428571428,0.5095710210206984
10.0,explicit,0.3571428571428571,0.7142857142857142,0.40789651545075023
10.0,explicit,0.3571428571428571,0.7857142857142857,0.3059836352256433
10.0,explicit,0.3571428571428571,0.8571428571428571,0.20443513666285007
10.0,explicit,0.3571428571428571,0.9285714285714285,0.09890645681442997
10.0,explicit,0.3571428571428571,1.0,0.03142473325952739
10.0,explicit,0.42857142857142855,0.0,0.03142473325952739
10.0,explicit,0.42857142857142855,0.07142857142857142,0.11849157450281313
10.0,explicit,0.42857142857142855,0.14285714285714285,0.24360543791146924
10.0,explicit,0.42857142857142855,0.21428571428571427,0.3647390166009727
10.0,explicit,0.42857142857142855,0.2857142857142857,0.4862340614829358
10.0,explicit,0.42857142857142855,0.3571428571428571,0.6074355170054371
10.0,explicit,0.42857142857142855,0.42857142857142855,0.7240903855436149
10.0,explicit,0.42857142857142855,0.5,0.8023386817292161
10.0,explicit,0.42857142857142855,0.5714285714285714,0.724090385543615
10.0,explicit,0.42857142857142855,0.6428571428571428,0.6074355170054372
10.0,explicit,0.42857142857142855,0.7142857142857142,0.48623406148293596
10.0,explicit,0.42857142857142855,0.7857142857142857,0.36473901660097274
10.0,explicit,0.42857142857142855,0.8571428571428571,0.24360543791146935
10.0,explicit,0.42857142857142855,0.9285714285714285,0.11849157450281328
10.0,explicit,0.42857142857142855,1.0,0.03142473325952739
10.0,explicit,0.5,0.0,0.03142473325952739
10.0,explicit,0.5,0.07142857142857142,0.13163164915012335
10.0,explicit,0.5,0.14285714285714285,0.2698855864908975
10.0,explicit,0.5,0.21428571428571427,0.404159155334101
10.0,explicit,0.5,0.2857142857142857,0.5387921022206875
10.0,explicit,0.5,0.3571428571428571,0.6730926719781386
10.0,explicit,0.5,0.42857142857142855,0.8023386817292161
10.0,explicit,0.5,0.5,0.8889780803598735
10.0,explicit,0.5,0.5714285714285714,0.8023386817292162
10.0,explicit,0.5,0.6428571428571428,0.6730926719781387
10.0,explicit,0.5,0.7142857142857142,0.5387921022206876
10.0,explicit,0.5,0.7857142857142857,0.4041591553341011
10.0,explicit,0.5,0.8571428571428571,0.2698855864908976
10.0,explicit,0.5,0.9285714285714285,0.13163164915012346
10.0,explicit,0.5,1.0,0.03142473325952739
10.0,explicit,0.5714285714285714,0.0,0.03142473325952739
10.0,explicit,0.5714285714285714,0.07142857142857142,0.11849157450281315
10.0,explicit,0.5714285714285714,0.14285714285714285,0.24360543791146927
10.0,explicit,0.5714285714285714,0.21428571428571427,0.36473901660097274
10.0,explicit,0.5714285714285714,0.2857142857142857,0.48623406148293585
10.0,explicit,0.5714285714285714,0.3571428571428571,0.6074355170054371
10.0,explicit,0.5714285714285714,0.42857142857142855,0.724090385543615
10.0,explicit,0.5714285714285714,0.5,0.8023386817292162
10.0,explicit,0.5714285714285714,0.5714285714285714,0.7240903855436152
10.0,explicit,0.5714285714285714,0.6428571428571428,0.6074355170054373
10.0,explicit,0.5714285714285714,0.7142857142857142,0.486234061482936
10.0,explicit,0.5714285714285714,0.7857142857142857,0.3647390166009728
10.0,explicit,0.5714285714285714,0.8571428571428571,0.24360543791146938
10.0,explicit,0.5714285714285714,0.9285714285714285,0.11849157450281328
10.0,explicit,0.5714285714285714,1.0,0.03142473325952739
10.0,explicit,0.6428571428571428,0.0,0.03142473325952739
10.0,explicit,0.6428571428571428,0.07142857142857142,0.09890645681442993
10.0,explicit,0.6428571428571428,0.14285714285714285,0.20443513666285004
10.0,explicit,0.6428571428571428,0.21428571428571427,0.3059836352256433
10.0,explicit,0.6428571428571428,0.2857142857142857,0.4078965154507502
10.0,explicit,0.6428571428571428,0.3571428571428571,0.5095710210206984
10.0,explicit,0.6428571428571428,0.42857142857142855,0.6074355170054372
10.0,explicit,0.6428571428571428,0.5,0.6730926719781387
10.0,explicit,0.6428571428571428,0.5714285714285714,0.6074355170054373
10.0,explicit,0.6428571428571428,0.6428571428571428,0.5095710210206986
10.0,explicit,0.6428571428571428,0.7142857142857142,0.40789651545075034
10.0,explicit,0.6428571428571428,0.7857142857142857,0.30598363522564337
10.0,explicit,0.6428571428571428,0.8571428571428571,0.20443513666285013
10.0,explicit,0.6428571428571428,0.9285714285714285,0.09890645681443
10.0,explicit,0.6428571428571428,1.0,0.03142473325952739
10.0,explicit,0.7142857142857142,0.0,0.03142473325952739
10.0,explicit,0.7142857142857142,0.07142857142857142,0.07856060251673506
10.0,explicit,0.7142857142857142,0.14285714285714285,0.1637415938934592
10.0,explicit,0.7142857142857142,0.21428571428571427,0.24494217414166958
10.0,explicit,0.7142857142857142,0.2857142857142857,0.32651010042704115
10.0,explicit,0.7142857142857142,0.3571428571428571,0.40789651545075023
10.0,explicit,0.7142857142857142,0.42857142857142855,0.48623406148293596
10.0,explicit,0.7142857142857142,0.5,0.5387921022206876
10.0,explicit,0.7142857142857142,0.5714285714285714,0.486234061482936
10.0,explicit,0.7142857142857142,0.6428571428571428,0.40789651545075034
10.0,explicit,0.7142857142857142,0.7142857142857142,0.32651010042704126
10.0,explicit,0.7142857142857142,0.7857142857142857,0.24494217414166963
10.0,explicit,0.7142857142857142,0.8571428571428571,0.16374159389345927
10.0,explicit,0.7142857142857142,0.9285714285714285,0.07856060251673515
10.0,explicit,0.7142857142857142,1.0,0.03142473325952739
10.0,explicit,0.7857142857142857,0.0,0.03142473325952739
10.0,explicit,0.7857142857142857,0.07142857142857142,0.05819564635482446
10.0,explicit,0.7857142857142857,0.14285714285714285,0.12297973032381587
10.0,explicit,0.7857142857142857,0.21428571428571427,0.18377613031524295
10.0,explicit,0.7857142857142857,0.2857142857142857,0.24494217414166958
10.0,explicit,0.7857142857142857,0.3571428571428571,0.3059836352256433
10.0,explicit,0.7857142857142857,0.42857142857142855,0.36473901660097274
10.0,explicit,0.7857142857142857,0.5,0.4041591553341011
10.0,explicit,0.7857142857142857,0.5714285714285714,0.3647390166009728
10.0,explicit,0.7857142857142857,0.6428571428571428,0.30598363522564337
10.0,explicit,0.7857142857142857,0.7142857142857142,0.24494217414166963
10.0,explicit,0.7857142857142857,0.7857142857142857,0.18377613031524298
10.0,explicit,0.7857142857142857,0.8571428571428571,0.12297973032381593
10.0,explicit,0.7857142857142857,0.9285714285714285,0.058195646354824514
10.0,explicit,0.7857142857142857,1.0,0.03142473325952739
10.0,explicit,0.8571428571428571,0.0,0.03142473325952739
10.0,explicit,0.8571428571428571,0.07142857142857142,0.03809394152247064
10.0,explicit,0.8571428571428571,0.14285714285714285,0.08257925521380581
10.0,explicit,0.8571428571428571,0.21428571428571427,0.12297973032381591
10.0,explicit,0.8571428571428571,0.2857142857142857,0.1637415938934592
10.0,explicit,0.8571428571428571,0.3571428571428571,0.20443513666285007
10.0,explicit,0.8571428571428571,0.42857142857142855,0.24360543791146935
10.0,explicit,0.8571428571428571,0.5,0.2698855864908976
10.0,explicit,0.8571428571428571,0.5714285714285714,0.24360543791146938
10.0,explicit,0.8571428571428571,0.6428571428571428,0.20443513666285013
10.0,explicit,0.8571428571428571,0.7142857142857142,0.16374159389345927
10.0,explicit,0.8571428571428571,0.7857142857142857,0.12297973032381593
10.0,explicit,0.8571428571428571,0.8571428571428571,0.08257925521380584
10.0,explicit,0.8571428571428571,0.9285714285714285,0.038093941522470684
10.0,explicit,0.8571428571428571,1.0,0.03142473325952739
10.0,explicit,0.9285714285714285,0.0,0.03142473325952739
10.0,explicit,0.9285714285714285,0.07142857142857142,0.013483529098963217
10.0,explicit,0.9285714285714285,0.14285714285714285,0.03809394152247066
10.0,explicit,0.9285714285714285,0.21428571428571427,0.05819564635482451
10.0,explicit,0.9285714285714285,0.2857142857142857,0.07856060251673512
10.0,explicit,0.9285714285714285,0.3571428571428571,0.09890645681442997
10.0,explicit,0.9285714285714285,0.42857142857142855,0.11849157450281328
10.0,explicit,0.9285714285714285,0.5,0.13163164915012346
10.0,explicit,0.9285714285714285,0.5714285714285714,0.11849157450281328
10.0,explicit,0.9285714285714285,0.6428571428571428,0.09890645681443001
10.0,explicit,0.9285714285714285,0.7142857142857142,0.07856060251673513
10.0,explicit,0.9285714285714285,0.7857142857142857,0.05819564635482451
10.0,explicit,0.9285714285714285,0.8571428571428571,0.03809394152247068
10.0,explicit,0.9285714285714285,0.9285714285714285,0.013483529098963231
10.0,explicit,0.9285714285714285,1.0,0.03142473325952739
10.0,explicit,1.0,0.0,0.03142473325952739
10.0,explicit,1.0,0.07142857142857142,0.03142473325952739
10.0,explicit,1.0,0.14285714285714285,0.03142473325952739
10.0,explicit,1.0,0.21428571428571427,0.03142473325952739
10.0,explicit,1.0,0.2857142857142857,0.03142473325952739
10.0,explicit,1.0,0.3571428571428571,0.03142473325952739
10.0,explicit,1.0,0.42857142857142855,0.03142473325952739
10.0,explicit,1.0,0.5,0.03142473325952739
10.0,explicit,1.0,0.5714285714285714,0.03142473325952739
10.0,explicit,1.0,0.6428571428571428,0.03142473325952739
10.0,explicit,1.0,0.7142857142857142,0.03142473325952739
10.0,explicit,1.0,0.7857142857142857,0.03142473325952739
10.0,explicit,1.0,0.8571428571428571,0.03142473325952739
10.0,explicit,1.0,0.9285714285714285,0.03142473325952739
10.0,explicit,1.0,1.0,0.03142473325952739
11.0,explicit,0.0,0.0,-0.0908024075521211
11.0,explicit,0.0,0.07142857142857142,-0.0908024075521211
11.0,explicit,0.0,0.14285714285714285,-0.0908024075521211
11.0,explicit,0.0,0.21428571428571427,-0.0908024075521211
11.0,explicit,0.0,0.2857142857142857,-0.0908024075521211
11.0,explicit,0.0,0.3571428571428571,-0.0908024075521211
11.0,explicit,0.0,0.42857142857142855,-0.0908024075521211
11.0,explicit,0.0,0.5,-0.0908024075521211
11.0,explicit,0.0,0.5714285714285714,-0.0908024075521211
11.0,explicit,0.0,0.6428571428571428,-0.0908024075521211
11.0,explicit,0.0,0.7142857142857142,-0.0908024075521211
11.0,explicit,0.0,0.7857142857142857,-0.0908024075521211
11.0,explicit,0.0,0.8571428571428571,-0.0908024075521211
11.0,explicit,0.0,0.9285714285714285,-0.0908024075521211
11.0,explicit,0.0,1.0,-0.0908024075521211
11.0,explicit,0.07142857142857142,0.0,-0.0908024075521211
11.0,explicit,0.07142857142857142,0.07142857142857142,0.014648876946246794
11.0,explicit,0.07142857142857142,0.14285714285714285,0.038550031178800785
11.0,explicit,0.07142857142857142,0.21428571428571427,0.05871977857114281
11.0,explicit,0.07142857142857142,0.2857142857142857,0.07908130589304184
11.0,explicit,0.07142857142857142,0.3571428571428571,0.0994170298470253
11.0,explicit,0.07142857142857142,0.42857142857142855,0.11892431127404295
11.0,explicit,0.07142857142857142,0.5,0.13179277697835343
11.0,explicit,0.07142857142857142,0.5714285714285714,0.11892431127404297
11.0,explicit,0.07142857142857142,0.6428571428571428,0.09941702984702533
11.0,explicit,0.07142857142857142,0.7142857142857142,0.07908130589304187
11.0,explicit,0.07142857142857142,0.7857142857142857,0.058719778571142835
11.0,explicit,0.07142857142857142,0.8571428571428571,0.0385500311788008
11.0,explicit,0.07142857142857142,0.9285714285714285,0.014648876946246812
11.0,explicit,0.07142857142857142,1.0,-0.0908024075521211
11.0,explicit,0.14285714285714285,0.0,-0.0908024075521211
11.0,explicit,0.14285714285714285,0.07142857142857142,0.038550031178800785
11.0,explicit,0.14285714285714285,0.14285714285714285,0.08246738501404867
11.0,explicit,0.14285714285714285,0.21428571428571427,0.12293007421184317
11.0,explicit,0.14285714285714285,0.2857142857142857,0.16368615321439475
11.0,explicit,0.14285714285714285,0.3571428571428571,0.20435977640118452
11.0,explicit,0.14285714285714285,0.42857142857142855,0.2433744252088802
11.0,explicit,0.14285714285714285,0.5,0.2691113557060751
11.0,explicit,0.14285714285714285,0.5714285714285714,0.24337442520888022
11.0,explicit,0.14285714285714285,0.6428571428571428,0.20435977640118458
11.0,explicit,0.14285714285714285,0.7142857142857142,0.1636861532143948
11.0,explicit,0.14285714285714285,0.7857142857142857,0.12293007421184318
11.0,explicit,0.14285714285714285,0.8571428571428571,0.0824673850140487
11.0,explicit,0.14285714285714285,0.9285714285714285,0.03855003117880082
11.0,explicit,0.14285714285714285,1.0,-0.0908024075521211
11.0,explicit,0.21428571428571427,0.0,-0.0908024075521211
11.0,explicit,0.21428571428571427,0.07142857142857142,0.058719778571142814
11.0,explicit,0.21428571428571427,0.14285714285714285,0.12293007421184317
11.0,explicit,0.21428571428571427,0.21428571428571427,0.18378625363562318
11.0,explicit,0.21428571428571427,0.2857142857142857,0.24494549838297452
11.0,explicit,0.21428571428571427,0.3571428571428571,0.3059573207532307
11.0,explicit,0.21428571428571427,0.42857142857142855,0.3644792021530673
11.0,explicit,0.21428571428571427,0.5,0.4030844893808742
11.0,explicit,0.21428571428571427,0.5714285714285714,0.36447920215306734
11.0,explicit,0.21428571428571427,0.6428571428571428,0.3059573207532308
11.0,explicit,0.21428571428571427,0.7142857142857142,0.24494549838297458
11.0,explicit,0.21428571428571427,0.7857142857142857,0.1837862536356232
11.0,explicit,0.21428571428571427,0.8571428571428571,0.12293007421184322
11.0,explicit,0.21428571428571427,0.9285714285714285,0.058719778571142855
11.0,explicit,0.21428571428571427,1.0,-0.0908024075521211
11.0,explicit,0.2857142857142857,0.0,-0.0908024075521211
11.0,explicit,0.2857142857142857,0.07142857142857142,0.07908130589304185
11.0,explicit,0.2857142857142857,0.14285714285714285,0.16368615321439475
11.0,explicit,0.2857142857142857,0.21428571428571427,0.24494549838297452
11.0,explicit,0.2857142857142857,0.2857142857142857,0.32650512943474935
11.0,explicit,0.2857142857142857,0.3571428571428571,0.4078515020926842
11.0,explicit,0.2857142857142857,0.42857142857142855,0.48587703362869544
11.0,explicit,0.2857142857142857,0.5,0.5373481602027445
11.0,explicit,0.2857142857142857,0.5714285714285714,0.4858770336286955
11.0,explicit,0.2857142857142857,0.6428571428571428,0.40785150209268434
11.0,explicit,0.2857142857142857,0.7142857142857142,0.32650512943474946
11.0,explicit,0.2857142857142857,0.7857142857142857,0.2449454983829746
11.0,explicit,0.2857142857142857,0.8571428571428571,0.1636861532143948
11.0,explicit,0.2857142857142857,0.9285714285714285,0.07908130589304192
11.0,explicit,0.2857142857142857,1.0,-0.0908024075521211
11.0,explicit,0.3571428571428571,0.0,-0.0908024075521211
11.0,explicit,0.3571428571428571,0.07142857142857142,0.0994170298470253
11.0,explicit,0.3571428571428571,0.14285714285714285,0.20435977640118452
11.0,explicit,0.3571428571428571,0.21428571428571427,0.3059573207532307
11.0,explicit,0.3571428571428571,0.2857142857142857,0.4078515020926842
11.0,explicit,0.3571428571428571,0.3571428571428571,0.5094666774769112
11.0,explicit,0.3571428571428571,0.42857142857142855,0.6069322328260317
11.0,explicit,0.3571428571428571,0.5,0.6712253261309977
11.0,explicit,0.3571428571428571,0.5714285714285714,0.6069322328260317
11.0,explicit,0.3571428571428571,0.6428571428571428,0.5094666774769113
11.0,explicit,0.3571428571428571,0.7142857142857142,0.4078515020926844
11.0,explicit,0.3571428571428571,0.7857142857142857,0.3059573207532308
11.0,explicit,0.3571428571428571,0.8571428571428571,0.2043597764011846
11.0,explicit,0.3571428571428571,0.9285714285714285,0.09941702984702537
11.0,explicit,0.3571428571428571,1.0,-0.0908024075521211
11.0,explicit,0.42857142857142855,0.0,-0.0908024075521211
11.0,explicit,0.42857142857142855,0.07142857142857142,0.11892431127404295
11.0,explicit,0.42857142857142855,0.14285714285714285,0.2433744252088802
11.0,explicit,0.42857142857142855,0.21428571428571427,0.3644792021530673
11.0,explicit,0.42857142857142855,0.2857142857142857,0.48587703362869544
11.0,explicit,0.42857142857142855,0.3571428571428571,0.6069322328260317
11.0,explicit,0.42857142857142855,0.42857142857142855,0.7230385567294455
11.0,explicit,0.42857142857142855,0.5,0.7996122930723033
11.0,explicit,0.42857142857142855,0.5714285714285714,0.7230385567294456
11.0,explicit,0.42857142857142855,0.6428571428571428,0.6069322328260318
11.0,explicit,0.42857142857142855,0.7142857142857142,0.4858770336286956
11.0,explicit,0.42857142857142855,0.7857142857142857,0.36447920215306734
11.0,explicit,0.42857142857142855,0.8571428571428571,0.2433744252088803
11.0,explicit,0.42857142857142855,0.9285714285714285,0.1189243112740431
11.0,explicit,0.42857142857142855,1.0,-0.0908024075521211
11.0,explicit,0.5,0.0,-0.0908024075521211
11.0,explicit,0.5,0.07142857142857142,0.13179277697835343
11.0,explicit,0.5,0.14285714285714285,0.2691113557060751
11.0,explicit,0.5,0.21428571428571427,0.4030844893808742
11.0,explicit,0.5,0.2857142857142857,0.5373481602027445
11.0,explicit,0.5,0.3571428571428571,0.6712253261309977
11.0,explicit,0.5,0.42857142857142855,0.7996122930723033
11.0,explicit,0.5,0.5,0.8842325480022626
11.0,explicit,0.5,0.5714285714285714,0.7996122930723034
11.0,explicit,0.5,0.6428571428571428,0.6712253261309978
11.0,explicit,0.5,0.7142857142857142,0.5373481602027446
11.0,explicit,0.5,0.7857142857142857,0.40308448938087427
11.0,explicit,0.5,0.8571428571428571,0.2691113557060752
11.0,explicit,0.5,0.9285714285714285,0.13179277697835354
11.0,explicit,0.5,1.0,-0.0908024075521211
11.0,explicit,0.5714285714285714,0.0,-0.0908024075521211
11.0,explicit,0.5714285714285714,0.07142857142857142,0.11892431127404297
11.0,explicit,0.5714285714285714,0.14285714285714285,0.24337442520888022
11.0,explicit,0.5714285714285714,0.21428571428571427,0.36447920215306734
11.0,explicit,0.5714285714285714,0.2857142857142857,0.4858770336286955
11.0,explicit,0.5714285714285714,0.3571428571428571,0.6069322328260317
11.0,explicit,0.5714285714285714,0.42857142857142855,0.7230385567294456
11.0,explicit,0.5714285714285714,0.5,0.7996122930723034
11.0,explicit,0.5714285714285714,0.5714285714285714,0.7230385567294457
11.0,explicit,0.5714285714285714,0.6428571428571428,0.6069322328260319
11.0,explicit,0.5714285714285714,0.7142857142857142,0.48587703362869566
11.0,explicit,0.5714285714285714,0.7857142857142857,0.3644792021530674
11.0,explicit,0.5714285714285714,0.8571428571428571,0.24337442520888034
11.0,explicit,0.5714285714285714,0.9285714285714285,0.1189243112740431
11.0,explicit,0.5714285714285714,1.0,-0.0908024075521211
11.0,explicit,0.6428571428571428,0.0,-0.0908024075521211
11.0,explicit,0.6428571428571428,0.07142857142857142,0.09941702984702533
11.0,explicit,0.6428571428571428,0.14285714285714285,0.20435977640118458
11.0,explicit,0.6428571428571428,0.21428571428571427,0.3059573207532308
11.0,explicit,0.6428571428571428,0.2857142857142857,0.40785150209268434
11.0,explicit,0.6428571428571428,0.3571428571428571,0.5094666774769113
11.0,explicit,0.6428571428571428,0.42857142857142855,0.6069322328260318
11.0,explicit,0.6428571428571428,0.5,0.6712253261309978
11.0,explicit,0.6428571428571428,0.5714285714285714,0.6069322328260319
11.0,explicit,0.6428571428571428,0.6428571428571428,0.5094666774769115
11.0,explicit,0.6428571428571428,0.7142857142857142,0.4078515020926845
11.0,explicit,0.6428571428571428,0.7857142857142857,0.30595732075323084
11.0,explicit,0.6428571428571428,0.8571428571428571,0.20435977640118466
11.0,explicit,0.6428571428571428,0.9285714285714285,0.0994170298470254
11.0,explicit,0.6428571428571428,1.0,-0.0908024075521211
11.0,explicit,0.7142857142857142,0.0,-0.0908024075521211
11.0,explicit,0.7142857142857142,0.07142857142857142,0.07908130589304187
11.0,explicit,0.7142857142857142,0.14285714285714285,0.1636861532143948
11.0,explicit,0.7142857142857142,0.21428571428571427,0.24494549838297458
11.0,explicit,0.7142857142857142,0.2857142857142857,0.32650512943474946
11.0,explicit,0.7142857142857142,0.3571428571428571,0.4078515020926844
11.0,explicit,0.7142857142857142,0.42857142857142855,0.4858770336286956
11.0,explicit,0.7142857142857142,0.5,0.5373481602027446
11.0,explicit,0.7142857142857142,0.5714285714285714,0.48587703362869566
11.0,explicit,0.7142857142857142,0.6428571428571428,0.4078515020926845
11.0,explicit,0.7142857142857142,0.7142857142857142,0.3265051294347496
11.0,explicit,0.7142857142857142,0.7857142857142857,0.24494549838297466
11.0,explicit,0.7142857142857142,0.8571428571428571,0.1636861532143949
11.0,explicit,0.7142857142857142,0.9285714285714285,0.07908130589304195
11.0,explicit,0.7142857142857142,1.0,-0.0908024075521211
11.0,explicit,0.7857142857142857,0.0,-0.0908024075521211
11.0,explicit,0.7857142857142857,0.07142857142857142,0.058719778571142814
11.0,explicit,0.7857142857142857,0.14285714285714285,0.12293007421184318
11.0,explicit,0.7857142857142857,0.21428571428571427,0.1837862536356232
11.0,explicit,0.7857142857142857,0.2857142857142857,0.2449454983829746
11.0,explicit,0.7857142857142857,0.3571428571428571,0.3059573207532308
11.0,explicit,0.7857142857142857,0.42857142857142855,0.36447920215306734
11.0,explicit,0.7857142857142857,0.5,0.40308448938087427
11.0,explicit,0.7857142857142857,0.5714285714285714,0.3644792021530674
11.0,explicit,0.7857142857142857,0.6428571428571428,0.30595732075323084
11.0,explicit,0.7857142857142857,0.7142857142857142,0.24494549838297466
11.0,explicit,0.7857142857142857,0.7857142857142857,0.18378625363562323
11.0,explicit,0.7857142857142857,0.8571428571428571,0.12293007421184324
11.0,explicit,0.7857142857142857,0.9285714285714285,0.05871977857114287
11.0,explicit,0.7857142857142857,1.0,-0.0908024075521211
11.0,explicit,0.8571428571428571,0.0,-0.0908024075521211
11.0,explicit,0.8571428571428571,0.07142857142857142,0.0385500311788008
11.0,explicit,0.8571428571428571,0.14285714285714285,0.0824673850140487
11.0,explicit,0.8571428571428571,0.21428571428571427,0.12293007421184322
11.0,explicit,0.8571428571428571,0.2857142857142857,0.1636861532143948
11.0,explicit,0.8571428571428571,0.3571428571428571,0.2043597764011846
11.0,explicit,0.8571428571428571,0.42857142857142855,0.2433744252088803
11.0,explicit,0.8571428571428571,0.5,0.2691113557060752
11.0,explicit,0.8571428571428571,0.5714285714285714,0.24337442520888034
11.0,explicit,0.8571428571428571,0.6428571428571428,0.20435977640118466
11.0,explicit,0.8571428571428571,0.7142857142857142,0.1636861532143949
11.0,explicit,0.8571428571428571,0.7857142857142857,0.12293007421184324
11.0,explicit,0.8571428571428571,0.8571428571428571,0.08246738501404872
11.0,explicit,0.8571428571428571,0.9285714285714285,0.03855003117880084
11.0,explicit,0.8571428571428571,1.0,-0.0908024075521211
11.0,explicit,0.9285714285714285,0.0,-0.0908024075521211
11.0,explicit,0.9285714285714285,0.07142857142857142,0.014648876946246812
11.0,explicit,0.9285714285714285,0.14285714285714285,0.03855003117880082
11.0,explicit,0.9285714285714285,0.21428571428571427,0.05871977857114286
11.0,explicit,0.9285714285714285,0.2857142857142857,0.07908130589304192
11.0,explicit,0.9285714285714285,0.3571428571428571,0.09941702984702537
11.0,explicit,0.9285714285714285,0.42857142857142855,0.1189243112740431
11.0,explicit,0.9285714285714285,0.5,0.13179277697835354
11.0,explicit,0.9285714285714285,0.5714285714285714,0.1189243112740431
11.0,explicit,0.9285714285714285,0.6428571428571428,0.09941702984702541
11.0,explicit,0.9285714285714285,0.7142857142857142,0.07908130589304194
11.0,explicit,0.9285714285714285,0.7857142857142857,0.05871977857114286
11.0,explicit,0.9285714285714285,0.8571428571428571,0.038550031178800834
11.0,explicit,0.9285714285714285,0.9285714285714285,0.014648876946246826
11.0,explicit,0.9285714285714285,1.0,-0.0908024075521211
11.0,explicit,1.0,0.0,-0.0908024075521211
11.0,explicit,1.0,0.07142857142857142,-0.0908024075521211
11.0,explicit,1.0,0.14285714285714285,-0.0908024075521211
11.0,explicit,1.0,0.21428571428571427,-0.0908024075521211
11.0,explicit,1.0,0.2857142857142857,-0.0908024075521211
11.0,explicit,1.0,0.3571428571428571,-0.0908024075521211
11.0,explicit,1.0,0.42857142857142855,-0.0908024075521211
11.0,explicit,1.0,0.5,-0.0908024075521211
11.0,explicit,1.0,0.5714285714285714,-0.0908024075521211
11.0,explicit,1.0,0.6428571428571428,-0.0908024075521211
11.0,explicit,1.0,0.7142857142857142,-0.0908024075521211
11.0,explicit,1.0,0.7857142857142857,-0.0908024075521211
11.0,explicit,1.0,0.8571428571428571,-0.0908024075521211
11.0,explicit,1.0,0.9285714285714285,-0.0908024075521211
11.0,explicit,1.0,1.0,-0.0908024075521211
12.0,explicit,0.0,0.0,0.14656487689215542
12.0,explicit,0.0,0.07142857142857142,0.14656487689215542
12.0,explicit,0.0,0.14285714285714285,0.14656487689215542
12.0,explicit,0.0,0.21428571428571427,0.14656487689215542
12.0,explicit,0.0,0.2857142857142857,0.14656487689215542
12.0,explicit,0.0,0.3571428571428571,0.14656487689215542
12.0,explicit,0.0,0.42857142857142855,0.14656487689215542
12.0,explicit,0.0,0.5,0.14656487689215542
12.0,explicit,0.0,0.5714285714285714,0.14656487689215542
12.0,explicit,0.0,0.6428571428571428,0.14656487689215542
12.0,explicit,0.0,0.7142857142857142,0.14656487689215542
12.0,explicit,0.0,0.7857142857142857,0.14656487689215542
12.0,explicit,0.0,0.8571428571428571,0.14656487689215542
12.0,explicit,0.0,0.9285714285714285,0.14656487689215542
12.0,explicit,0.0,1.0,0.14656487689215542
12.0,explicit,0.07142857142857142,0.0,0.14656487689215542
12.0,explicit,0.07142857142857142,0.07142857142857142,0.008889937517709168
12.0,explicit,0.07142857142857142,0.14285714285714285,0.03543656767948689
12.0,explicit,0.07142857142857142,0.21428571428571427,0.05572864732583756
12.0,explicit,0.07142857142857142,0.2857142857142857,0.07608579839018717
12.0,explicit,0.07142857142857142,0.3571428571428571,0.09639878102937757
12.0,explicit,0.07142857142857142,0.42857142857142855,0.1157453860608595
12.0,explicit,0.07142857142857142,0.5,0.12810047125784582
12.0,explicit,0.07142857142857142,0.5714285714285714,0.11574538606085953
12.0,explicit,0.07142857142857142,0.6428571428571428,0.0963987810293776
12.0,explicit,0.07142857142857142,0.7142857142857142,0.0760857983901872
12.0,explicit,0.07142857142857142,0.7857142857142857,0.055728647325837585
12.0,explicit,0.07142857142857142,0.8571428571428571,0.035436567679486906
12.0,explicit,0.07142857142857142,0.9285714285714285,0.008889937517709185
12.0,explicit,0.07142857142857142,1.0,0.14656487689215542
12.0,explicit,0.14285714285714285,0.0,0.14656487689215542
12.0,explicit,0.14285714285714285,0.07142857142857142,0.0354365676794869
12.0,explicit,0.14285714285714285,0.14285714285714285,0.08224875695628621
12.0,explicit,0.14285714285714285,0.21428571428571427,0.12283076135116046
12.0,explicit,0.14285714285714285,0.2857142857142857,0.16357736502478157
12.0,explicit,0.14285714285714285,0.3571428571428571,0.20420616551139834
12.0,explicit,0.14285714285714285,0.42857142857142855,0.24289951080883176
12.0,explicit,0.14285714285714285,0.5,0.26760967974896416
12.0,explicit,0.14285714285714285,0.5714285714285714,0.2428995108088318
12.0,explicit,0.14285714285714285,0.6428571428571428,0.2042061655113984
12.0,explicit,0.14285714285714285,0.7142857142857142,0.16357736502478162
12.0,explicit,0.14285714285714285,0.7857142857142857,0.12283076135116047
12.0,explicit,0.14285714285714285,0.8571428571428571,0.08224875695628624
12.0,explicit,0.14285714285714285,0.9285714285714285,0.03543656767948693
12.0,explicit,0.14285714285714285,1.0,0.14656487689215542
12.0,explicit,0.21428571428571427,0.0,0.14656487689215542
12.0,explicit,0.21428571428571427,0.07142857142857142,0.055728647325837564
12.0,explicit,0.21428571428571427,0.14285714285714285,0.12283076135116046
12.0,explicit,0.21428571428571427,0.21428571428571427,0.18380130843676667
12.0,explicit,0.21428571428571427,0.2857142857142857,0.2449485498050491
12.0,explicit,0.21428571428571427,0.3571428571428571,0.30589363424509436
12.0,explicit,0.21428571428571427,0.42857142857142855,0.3639335019428177
12.0,explicit,0.21428571428571427,0.5,0.4009985836026315
12.0,explicit,0.21428571428571427,0.5714285714285714,0.36393350194281776
12.0,explicit,0.21428571428571427,0.6428571428571428,0.30589363424509447
12.0,explicit,0.21428571428571427,0.7142857142857142,0.24494854980504915
12.0,explicit,0.21428571428571427,0.7857142857142857,0.1838013084367667
12.0,explicit,0.21428571428571427,0.8571428571428571,0.12283076135116051
12.0,explicit,0.21428571428571427,0.9285714285714285,0.055728647325837606
12.0,explicit,0.21428571428571427,1.0,0.14656487689215542
12.0,explicit,0.2857142857142857,0.0,0.14656487689215542
12.0,explicit,0.2857142857142857,0.07142857142857142,0.07608579839018718
12.0,explicit,0.2857142857142857,0.14285714285714285,0.16357736502478157
12.0,explicit,0.2857142857142857,0.21428571428571427,0.2449485498050491
12.0,explicit,0.2857142857142857,0.2857142857142857,0.32649247578151924
12.0,explicit,0.2857142857142857,0.3571428571428571,0.4077485233912484
12.0,explicit,0.2857142857142857,0.42857142857142855,0.48512970892387025
12.0,explicit,0.2857142857142857,0.5,0.5345461772342687
12.0,explicit,0.2857142857142857,0.5714285714285714,0.4851297089238703
12.0,explicit,0.2857142857142857,0.6428571428571428,0.4077485233912485
12.0,explicit,0.2857142857142857,0.7142857142857142,0.32649247578151935
12.0,explicit,0.2857142857142857,0.7857142857142857,0.24494854980504918
12.0,explicit,0.2857142857142857,0.8571428571428571,0.16357736502478162
12.0,explicit,0.2857142857142857,0.9285714285714285,0.07608579839018725
12.0,explicit,0.2857142857142857,1.0,0.14656487689215542
12.0,explicit,0.3571428571428571,0.0,0.14656487689215542
12.0,explicit,0.3571428571428571,0.07142857142857142,0.09639878102937757
12.0,explicit,0.3571428571428571,0.14285714285714285,0.20420616551139834
12.0,explicit,0.3571428571428571,0.21428571428571427,0.30589363424509436
12.0,explicit,0.3571428571428571,0.2857142857142857,0.4077485233912484
12.0,explicit,0.3571428571428571,0.3571428571428571,0.5092299673789908
12.0,explicit,0.3571428571428571,0.42857142857142855,0.605870242577405
12.0,explicit,0.3571428571428571,0.5,0.6675833854522238
12.0,explicit,0.3571428571428571,0.5714285714285714,0.605870242577405
12.0,explicit,0.3571428571428571,0.6428571428571428,0.509229967378991
12.0,explicit,0.3571428571428571,0.7142857142857142,0.40774852339124856
12.0,explicit,0.3571428571428571,0.7857142857142857,0.30589363424509447
12.0,explicit,0.3571428571428571,0.8571428571428571,0.20420616551139842
12.0,explicit,0.3571428571428571,0.9285714285714285,0.09639878102937764
12.0,explicit,0.3571428571428571,1.0,0.14656487689215542
12.0,explicit,0.42857142857142855,0.0,0.14656487689215542
12.0,explicit,0.42857142857142855,0.07142857142857142,0.1157453860608595
12.0,explicit,0.42857142857142855,0.14285714285714285,0.24289951080883176
12.0,explicit,0.42857142857142855,0.21428571428571427,0.3639335019428177
12.0,explicit,0.42857142857142855,0.2857142857142857,0.48512970892387025
12.0,explicit,0.42857142857142855,0.3571428571428571,0.605870242577405
12.0,explicit,0.42857142857142855,0.42857142857142855,0.7208443828276054
12.0,explicit,0.42857142857142855,0.5,0.7942488986215229
12.0,explicit,0.42857142857142855,0.5714285714285714,0.7208443828276055
12.0,explicit,0.42857142857142855,0.6428571428571428,0.6058702425774051
12.0,explicit,0.42857142857142855,0.7142857142857142,0.4851297089238704
12.0,explicit,0.42857142857142855,0.7857142857142857,0.36393350194281776
12.0,explicit,0.42857142857142855,0.8571428571428571,0.24289951080883188
12.0,explicit,0.42857142857142855,0.9285714285714285,0.11574538606085966
12.0,explicit,0.42857142857142855,1.0,0.14656487689215542
12.0,explicit,0.5,0.0,0.14656487689215542
12.0,explicit,0.5,0.07142857142857142,0.12810047125784582
12.0,explicit,0.5,0.14285714285714285,0.26760967974896416
12.0,explicit,0.5,0.21428571428571427,0.4009985836026315
12.0,explicit,0.5,0.2857142857142857,0.5345461772342687
12.0,explicit,0.5,0.3571428571428571,0.6675833854522238
12.0,explicit,0.5,0.42857142857142855,0.7942488986215229
12.0,explicit,0.5,0.5,0.8750688533907558
12.0,explicit,0.5,0.5714285714285714,0.794248898621523
12.0,explicit,0.5,0.6428571428571428,0.667583385452224
12.0,explicit,0.5,0.7142857142857142,0.5345461772342688
12.0,explicit,0.5,0.7857142857142857,0.4009985836026316
12.0,explicit,0.5,0.8571428571428571,0.26760967974896427
12.0,explicit,0.5,0.9285714285714285,0.12810047125784593
12.0,explicit,0.5,1.0,0.14656487689215542
12.0,explicit,0.5714285714285714,0.0,0.14656487689215542
12.0,explicit,0.5714285714285714,0.07142857142857142,0.11574538606085953
12.0,explicit,0.5714285714285714,0.14285714285714285,0.2428995108088318
12.0,explicit,0.5714285714285714,0.21428571428571427,0.36393350194281776
12.0,explicit,0.5714285714285714,0.2857142857142857,0.4851297089238703
12.0,explicit,0.5714285714285714,0.3571428571428571,0.605870242577405
12.0,explicit,0.5714285714285714,0.42857142857142855,0.7208443828276055
12.0,explicit,0.5714285714285714,0.5,0.794248898621523
12.0,explicit,0.5714285714285714,0.5714285714285714,0.7208443828276057
12.0,explicit,0.5714285714285714,0.6428571428571428,0.6058702425774052
12.0,explicit,0.5714285714285714,0.7142857142857142,0.4851297089238705
12.0,explicit,0.5714285714285714,0.7857142857142857,0.3639335019428178
12.0,explicit,0.5714285714285714,0.8571428571428571,0.24289951080883188
12.0,explicit,0.5714285714285714,0.9285714285714285,0.11574538606085966
12.0,explicit,0.5714285714285714,1.0,0.14656487689215542
12.0,explicit,0.6428571428571428,0.0,0.14656487689215542
12.0,explicit,0.6428571428571428,0.07142857142857142,0.0963987810293776
12.0,explicit,0.6428571428571428,0.14285714285714285,0.2042061655113984
12.0,explicit,0.6428571428571428,0.21428571428571427,0.30589363424509447
12.0,explicit,0.6428571428571428,0.2857142857142857,0.4077485233912485
12.0,explicit,0.6428571428571428,0.3571428571428571,0.509229967378991
12.0,explicit,0.6428571428571428,0.42857142857142855,0.6058702425774051
12.0,explicit,0.6428571428571428,0.5,0.667583385452224
12.0,explicit,0.6428571428571428,0.5714285714285714,0.6058702425774052
12.0,explicit,0.6428571428571428,0.6428571428571428,0.5092299673789912
12.0,explicit,0.6428571428571428,0.7142857142857142,0.4077485233912487
12.0,explicit,0.6428571428571428,0.7857142857142857,0.3058936342450945
12.0,explicit,0.6428571428571428,0.8571428571428571,0.20420616551139847
12.0,explicit,0.6428571428571428,0.9285714285714285,0.09639878102937767
12.0,explicit,0.6428571428571428,1.0,0.14656487689215542
12.0,explicit,0.7142857142857142,0.0,0.14656487689215542
12.0,explicit,0.7142857142857142,0.07142857142857142,0.0760857983901872
12.0,explicit,0.7142857142857142,0.14285714285714285,0.16357736502478162
12.0,explicit,0.7142857142857142,0.21428571428571427,0.24494854980504915
12.0,explicit,0.7142857142857142,0.2857142857142857,0.32649247578151935
12.0,explicit,0.7142857142857142,0.3571428571428571,0.40774852339124856
12.0,explicit,0.7142857142857142,0.42857142857142855,0.4851297089238704
12.0,explicit,0.7142857142857142,0.5,0.5345461772342688
12.0,explicit,0.7142857142857142,0.5714285714285714,0.4851297089238705
12.0,explicit,0.7142857142857142,0.6428571428571428,0.4077485233912487
12.0,explicit,0.7142857142857142,0.7142857142857142,0.32649247578151946
12.0,explicit,0.7142857142857142,0.7857142857142857,0.24494854980504924
12.0,explicit,0.7142857142857142,0.8571428571428571,0.1635773650247817
12.0,explicit,0.7142857142857142,0.9285714285714285,0.07608579839018728
12.0,explicit,0.7142857142857142,1.0,0.14656487689215542
12.0,explicit,0.7857142857142857,0.0,0.14656487689215542
12.0,explicit,0.7857142857142857,0.07142857142857142,0.055728647325837564
12.0,explicit,0.7857142857142857,0.14285714285714285,0.12283076135116047
12.0,explicit,0.7857142857142857,0.21428571428571427,0.1838013084367667
12.0,explicit,0.7857142857142857,0.2857142857142857,0.24494854980504918
12.0,explicit,0.7857142857142857,0.3571428571428571,0.30589363424509447
12.0,explicit,0.7857142857142857,0.42857142857142855,0.36393350194281776
12.0,explicit,0.7857142857142857,0.5,0.4009985836026316
12.0,explicit,0.7857142857142857,0.5714285714285714,0.3639335019428178
12.0,explicit,0.7857142857142857,0.6428571428571428,0.3058936342450945
12.0,explicit,0.7857142857142857,0.7142857142857142,0.24494854980504924
12.0,explicit,0.7857142857142857,0.7857142857142857,0.18380130843676673
12.0,explicit,0.7857142857142857,0.8571428571428571,0.12283076135116053
12.0,explicit,0.7857142857142857,0.9285714285714285,0.05572864732583762
12.0,explicit,0.7857142857142857,1.0,0.14656487689215542
12.0,explicit,0.8571428571428571,0.0,0.14656487689215542
12.0,explicit,0.8571428571428571,0.07142857142857142,0.03543656767948691
12.0,explicit,0.8571428571428571,0.14285714285714285,0.08224875695628624
12.0,explicit,0.8571428571428571,0.21428571428571427,0.12283076135116051
12.0,explicit,0.8571428571428571,0.2857142857142857,0.16357736502478162
12.0,explicit,0.8571428571428571,0.3571428571428571,0.20420616551139842
12.0,explicit,0.8571428571428571,0.42857142857142855,0.24289951080883188
12.0,explicit,0.8571428571428571,0.5,0.26760967974896427
12.0,explicit,0.8571428571428571,0.5714285714285714,0.24289951080883188
12.0,explicit,0.8571428571428571,0.6428571428571428,0.20420616551139847
12.0,explicit,0.8571428571428571,0.7142857142857142,0.1635773650247817
12.0,explicit,0.8571428571428571,0.7857142857142857,0.12283076135116053
12.0,explicit,0.8571428571428571,0.8571428571428571,0.08224875695628626
12.0,explicit,0.8571428571428571,0.9285714285714285,0.03543656767948695
12.0,explicit,0.8571428571428571,1.0,0.14656487689215542
12.0,explicit,0.9285714285714285,0.0,0.14656487689215542
12.0,explicit,0.9285714285714285,0.07142857142857142,0.008889937517709185
12.0,explicit,0.9285714285714285,0.14285714285714285,0.03543656767948693
12.0,explicit,0.9285714285714285,0.21428571428571427,0.05572864732583761
12.0,explicit,0.9285714285714285,0.2857142857142857,0.07608579839018725
12.0,explicit,0.9285714285714285,0.3571428571428571,0.09639878102937764
12.0,explicit,0.9285714285714285,0.42857142857142855,0.11574538606085966
12.0,explicit,0.9285714285714285,0.5,0.12810047125784593
12.0,explicit,0.9285714285714285,0.5714285714285714,0.11574538606085966
12.0,explicit,0.9285714285714285,0.6428571428571428,0.09639878102937768
12.0,explicit,0.9285714285714285,0.7142857142857142,0.07608579839018727
12.0,explicit,0.9285714285714285,0.7857142857142857,0.05572864732583761
12.0,explicit,0.9285714285714285,0.8571428571428571,0.03543656767948694
12.0,explicit,0.9285714285714285,0.9285714285714285,0.008889937517709199
12.0,explicit,0.9285714285714285,1.0,0.14656487689215542
12.0,explicit,1.0,0.0,0.14656487689215542
12.0,explicit,1.0,0.07142857142857142,0.14656487689215542
12.0,explicit,1.0,0.14285714285714285,0.14656487689215542
12.0,explicit,1.0,0.21428571428571427,0.14656487689215542
12.0,explicit,1.0,0.2857142857142857,0.14656487689215542
12.0,explicit,1.0,0.3571428571428571,0.14656487689215542
12.0,explicit,1.0,0.42857142857142855,0.14656487689215542
12.0,explicit,1.0,0.5,0.14656487689215542
12.0,explicit,1.0,0.5714285714285714,0.14656487689215542
12.0,explicit,1.0,0.6428571428571428,0.14656487689215542
12.0,explicit,1.0,0.7142857142857142,0.14656487689215542
12.0,explicit,1.0,0.7857142857142857,0.14656487689215542
12.0,explicit,1.0,0.8571428571428571,0.14656487689215542
12.0,explicit,1.0,0.9285714285714285,0.14656487689215542
12.0,explicit,1.0,1.0,0.14656487689215542
13.0,explicit,0.0,0.0,0.006752820468792384
13.0,explicit,0.0,0.07142857142857142,0.006752820468792384
13.0,explicit,0.0,0.14285714285714285,0.006752820468792384
13.0,explicit,0.0,0.21428571428571427,0.006752820468792384
13.0,explicit,0.0,0.2857142857142857,0.006752820468792384
13.0,explicit,0.0,0.3571428571428571,0.006752820468792384
13.0,explicit,0.0,0.42857142857142855,0.006752820468792384
13.0,explicit,0.0,0.5,0.006752820468792384
13.0,explicit,0.0,0.5714285714285714,0.006752820468792384
13.0,explicit,0.0,0.6428571428571428,0.006752820468792384
13.0,explicit,0.0,0.7142857142857142,0.006752820468792384
13.0,explicit,0.0,0.7857142857142857,0.006752820468792384
13.0,explicit,0.0,0.8571428571428571,0.006752820468792384
13.0,explicit,0.0,0.9285714285714285,0.006752820468792384
13.0,explicit,0.0,1.0,0.006752820468792384
13.0,explicit,0.07142857142857142,0.0,0.006752820468792384
13.0,explicit,0.07142857142857142,0.07142857142857142,0.013063196354612682
13.0,explicit,0.07142857142857142,0.14285714285714285,0.03724972380841454
13.0,explicit,0.07142857142857142,0.21428571428571427,0.057678139466461005
13.0,explicit,0.07142857142857142,0.2857142857142857,0.07803420248023848
13.0,explicit,0.07142857142857142,0.3571428571428571,0.09832121117208935
13.0,explicit,0.07142857142857142,0.42857142857142855,0.11750157630316409
13.0,explicit,0.07142857142857142,0.5,0.12938024371476967
13.0,explicit,0.07142857142857142,0.5714285714285714,0.11750157630316412
13.0,explicit,0.07142857142857142,0.6428571428571428,0.09832121117208938
13.0,explicit,0.07142857142857142,0.7142857142857142,0.07803420248023851
13.0,explicit,0.07142857142857142,0.7857142857142857,0.05767813946646103
13.0,explicit,0.07142857142857142,0.8571428571428571,0.037249723808414556
13.0,explicit,0.07142857142857142,0.9285714285714285,0.0130631963546127
13.0,explicit,0.07142857142857142,1.0,0.006752820468792384
13.0,explicit,0.14285714285714285,0.0,0.006752820468792384
13.0,explicit,0.14285714285714285,0.07142857142857142,0.037249723808414556
13.0,explicit,0.14285714285714285,0.14285714285714285,0.08197150120971926
13.0,explicit,0.14285714285714285,0.21428571428571427,0.12269800827114283
13.0,explicit,0.14285714285714285,0.2857142857142857,0.16343817824148593
13.0,explicit,0.14285714285714285,0.3571428571428571,0.2040155848019776
13.0,explicit,0.14285714285714285,0.42857142857142855,0.24237650887425183
13.0,explicit,0.14285714285714285,0.5,0.26613384133641954
13.0,explicit,0.14285714285714285,0.5714285714285714,0.24237650887425186
13.0,explicit,0.14285714285714285,0.6428571428571428,0.20401558480197765
13.0,explicit,0.14285714285714285,0.7142857142857142,0.163438178241486
13.0,explicit,0.14285714285714285,0.7857142857142857,0.12269800827114284
13.0,explicit,0.14285714285714285,0.8571428571428571,0.08197150120971929
13.0,explicit,0.14285714285714285,0.9285714285714285,0.03724972380841458
13.0,explicit,0.14285714285714285,1.0,0.006752820468792384
13.0,explicit,0.21428571428571427,0.0,0.006752820468792384
13.0,explicit,0.21428571428571427,0.07142857142857142,0.05767813946646101
13.0,explicit,0.21428571428571427,0.14285714285714285,0.12269800827114283
13.0,explicit,0.21428571428571427,0.21428571428571427,0.18380847279112716
13.0,explicit,0.21428571428571427,0.2857142857142857,0.244946041507186
13.0,explicit,0.21428571428571427,0.3571428571428571,0.3058144934362008
13.0,explicit,0.21428571428571427,0.42857142857142855,0.36335564250021435
13.0,explicit,0.21428571428571427,0.5,0.3989913838460373
13.0,explicit,0.21428571428571427,0.5714285714285714,0.3633556425002144
13.0,explicit,0.21428571428571427,0.6428571428571428,0.3058144934362009
13.0,explicit,0.21428571428571427,0.7142857142857142,0.24494604150718605
13.0,explicit,0.21428571428571427,0.7857142857142857,0.1838084727911272
13.0,explicit,0.21428571428571427,0.8571428571428571,0.12269800827114288
13.0,explicit,0.21428571428571427,0.9285714285714285,0.057678139466461054
13.0,explicit,0.21428571428571427,1.0,0.006752820468792384
13.0,explicit,0.2857142857142857,0.0,0.006752820468792384
13.0,explicit,0.2857142857142857,0.07142857142857142,0.0780342024802385
13.0,explicit,0.2857142857142857,0.14285714285714285,0.16343817824148593
13.0,explicit,0.2857142857142857,0.21428571428571427,0.244946041507186
13.0,explicit,0.2857142857142857,0.2857142857142857,0.32647553533497736
13.0,explicit,0.2857142857142857,0.3571428571428571,0.4076275968168419
13.0,explicit,0.2857142857142857,0.42857142857142855,0.48434172763012895
13.0,explicit,0.2857142857142857,0.5,0.531851136790167
13.0,explicit,0.2857142857142857,0.5714285714285714,0.484341727630129
13.0,explicit,0.2857142857142857,0.6428571428571428,0.407627596816842
13.0,explicit,0.2857142857142857,0.7142857142857142,0.3264755353349775
13.0,explicit,0.2857142857142857,0.7857142857142857,0.24494604150718607
13.0,explicit,0.2857142857142857,0.8571428571428571,0.163438178241486
13.0,explicit,0.2857142857142857,0.9285714285714285,0.07803420248023857
13.0,explicit,0.2857142857142857,1.0,0.006752820468792384
13.0,explicit,0.3571428571428571,0.0,0.006752820468792384
13.0,explicit,0.3571428571428571,0.07142857142857142,0.09832121117208935
13.0,explicit,0.3571428571428571,0.14285714285714285,0.2040155848019776
13.0,explicit,0.3571428571428571,0.21428571428571427,0.3058144934362008
13.0,explicit,0.3571428571428571,0.2857142857142857,0.4076275968168419
13.0,explicit,0.3571428571428571,0.3571428571428571,0.5089552083940878
13.0,explicit,0.3571428571428571,0.42857142857142855,0.6047392311599114
13.0,explicit,0.3571428571428571,0.5,0.6640559885723432
13.0,explicit,0.3571428571428571,0.5714285714285714,0.6047392311599114
13.0,explicit,0.3571428571428571,0.6428571428571428,0.5089552083940879
13.0,explicit,0.3571428571428571,0.7142857142857142,0.4076275968168421
13.0,explicit,0.3571428571428571,0.7857142857142857,0.3058144934362009
13.0,explicit,0.3571428571428571,0.8571428571428571,0.20401558480197768
13.0,explicit,0.3571428571428571,0.9285714285714285,0.09832121117208942
13.0,explicit,0.3571428571428571,1.0,0.006752820468792384
13.0,explicit,0.42857142857142855,0.0,0.006752820468792384
13.0,explicit,0.42857142857142855,0.07142857142857142,0.11750157630316409
13.0,explicit,0.42857142857142855,0.14285714285714285,0.24237650887425183
13.0,explicit,0.42857142857142855,0.21428571428571427,0.36335564250021435
13.0,explicit,0.42857142857142855,0.2857142857142857,0.48434172763012895
13.0,explicit,0.42857142857142855,0.3571428571428571,0.6047392311599114
13.0,explicit,0.42857142857142855,0.42857142857142855,0.718542322021539
13.0,explicit,0.42857142857142855,0.5,0.7890010902705937
13.0,explicit,0.42857142857142855,0.5714285714285714,0.7185423220215391
13.0,explicit,0.42857142857142855,0.6428571428571428,0.6047392311599115
13.0,explicit,0.42857142857142855,0.7142857142857142,0.4843417276301291
13.0,explicit,0.42857142857142855,0.7857142857142857,0.3633556425002144
13.0,explicit,0.42857142857142855,0.8571428571428571,0.24237650887425194
13.0,explicit,0.42857142857142855,0.9285714285714285,0.11750157630316424
13.0,explicit,0.42857142857142855,1.0,0.006752820468792384
13.0,explicit,0.5,0.0,0.006752820468792384
13.0,explicit,0.5,0.07142857142857142,0.12938024371476967
13.0,explicit,0.5,0.14285714285714285,0.26613384133641954
13.0,explicit,0.5,0.21428571428571427,0.3989913838460373
13.0,explicit,0.5,0.2857142857142857,0.531851136790167
13.0,explicit,0.5,0.3571428571428571,0.6640559885723432
13.0,explicit,0.5,0.42857142857142855,0.7890010902705937
13.0,explicit,0.5,0.5,0.8663132627783472
13.0,explicit,0.5,0.5714285714285714,0.7890010902705938
13.0,explicit,0.5,0.6428571428571428,0.6640559885723433
13.0,explicit,0.5,0.7142857142857142,0.5318511367901672
13.0,explicit,0.5,0.7857142857142857,0.39899138384603733
13.0,explicit,0.5,0.8571428571428571,0.26613384133641965
13.0,explicit,0.5,0.9285714285714285,0.12938024371476978
13.0,explicit,0.5,1.0,0.006752820468792384
13.0,explicit,0.5714285714285714,0.0,0.006752820468792384
13.0,explicit,0.5714285714285714,0.07142857142857142,0.11750157630316412
13.0,explicit,0.5714285714285714,0.14285714285714285,0.24237650887425186
13.0,explicit,0.5714285714285714,0.21428571428571427,0.3633556425002144
13.0,explicit,0.5714285714285714,0.2857142857142857,0.484341727630129
13.0,explicit,0.5714285714285714,0.3571428571428571,0.6047392311599114
13.0,explicit,0.5714285714285714,0.42857142857142855,0.7185423220215391
13.0,explicit,0.5714285714285714,0.5,0.7890010902705938
13.0,explicit,0.5714285714285714,0.5714285714285714,0.7185423220215392
13.0,explicit,0.5714285714285714,0.6428571428571428,0.6047392311599116
13.0,explicit,0.5714285714285714,0.7142857142857142,0.48434172763012917
13.0,explicit,0.5714285714285714,0.7857142857142857,0.36335564250021446
13.0,explicit,0.5714285714285714,0.8571428571428571,0.24237650887425194
13.0,explicit,0.5714285714285714,0.9285714285714285,0.11750157630316424
13.0,explicit,0.5714285714285714,1.0,0.006752820468792384
13.0,explicit,0.6428571428571428,0.0,0.006752820468792384
13.0,explicit,0.6428571428571428,0.07142857142857142,0.09832121117208938
13.0,explicit,0.6428571428571428,0.14285714285714285,0.20401558480197765
13.0,explicit,0.6428571428571428,0.21428571428571427,0.3058144934362009
13.0,explicit,0.6428571428571428,0.2857142857142857,0.407627596816842
13.0,explicit,0.6428571428571428,0.3571428571428571,0.5089552083940879
13.0,explicit,0.6428571428571428,0.42857142857142855,0.6047392311599115
13.0,explicit,0.6428571428571428,0.5,0.6640559885723433
13.0,explicit,0.6428571428571428,0.5714285714285714,0.6047392311599116
13.0,explicit,0.6428571428571428,0.6428571428571428,0.5089552083940881
13.0,explicit,0.6428571428571428,0.7142857142857142,0.4076275968168422
13.0,explicit,0.6428571428571428,0.7857142857142857,0.30581449343620093
13.0,explicit,0.6428571428571428,0.8571428571428571,0.20401558480197773
13.0,explicit,0.6428571428571428,0.9285714285714285,0.09832121117208945
13.0,explicit,0.6428571428571428,1.0,0.006752820468792384
13.0,explicit,0.7142857142857142,0.0,0.006752820468792384
13.0,explicit,0.7142857142857142,0.07142857142857142,0.07803420248023851
13.0,explicit,0.7142857142857142,0.14285714285714285,0.163438178241486
13.0,explicit,0.7142857142857142,0.21428571428571427,0.24494604150718605
13.0,explicit,0.7142857142857142,0.2857142857142857,0.3264755353349775
13.0,explicit,0.7142857142857142,0.3571428571428571,0.4076275968168421
13.0,explicit,0.7142857142857142,0.42857142857142855,0.4843417276301291
13.0,explicit,0.7142857142857142,0.5,0.5318511367901672
13.0,explicit,0.7142857142857142,0.5714285714285714,0.48434172763012917
13.0,explicit,0.7142857142857142,0.6428571428571428,0.4076275968168422
13.0,explicit,0.7142857142857142,0.7142857142857142,0.3264755353349776
13.0,explicit,0.7142857142857142,0.7857142857142857,0.24494604150718613
13.0,explicit,0.7142857142857142,0.8571428571428571,0.16343817824148607
13.0,explicit,0.7142857142857142,0.9285714285714285,0.0780342024802386
13.0,explicit,0.7142857142857142,1.0,0.006752820468792384
13.0,explicit,0.7857142857142857,0.0,0.006752820468792384
13.0,explicit,0.7857142857142857,0.07142857142857142,0.05767813946646102
13.0,explicit,0.7857142857142857,0.14285714285714285,0.12269800827114284
13.0,explicit,0.7857142857142857,0.21428571428571427,0.1838084727911272
13.0,explicit,0.7857142857142857,0.2857142857142857,0.24494604150718607
13.0,explicit,0.7857142857142857,0.3571428571428571,0.3058144934362009
13.0,explicit,0.7857142857142857,0.42857142857142855,0.3633556425002144
13.0,explicit,0.7857142857142857,0.5,0.39899138384603733
13.0,explicit,0.7857142857142857,0.5714285714285714,0.36335564250021446
13.0,explicit,0.7857142857142857,0.6428571428571428,0.30581449343620093
13.0,explicit,0.7857142857142857,0.7142857142857142,0.24494604150718613
13.0,explicit,0.7857142857142857,0.7857142857142857,0.18380847279112722
13.0,explicit,0.7857142857142857,0.8571428571428571,0.1226980082711429
13.0,explicit,0.7857142857142857,0.9285714285714285,0.05767813946646106
13.0,explicit,0.7857142857142857,1.0,0.006752820468792384
13.0,explicit,0.8571428571428571,0.0,0.006752820468792384
13.0,explicit,0.8571428571428571,0.07142857142857142,0.03724972380841457
13.0,explicit,0.8571428571428571,0.14285714285714285,0.08197150120971929
13.0,explicit,0.8571428571428571,0.21428571428571427,0.12269800827114288
13.0,explicit,0.8571428571428571,0.2857142857142857,0.163438178241486
13.0,explicit,0.8571428571428571,0.3571428571428571,0.20401558480197768
13.0,explicit,0.8571428571428571,0.42857142857142855,0.24237650887425194
13.0,explicit,0.8571428571428571,0.5,0.26613384133641965
13.0,explicit,0.8571428571428571,0.5714285714285714,0.24237650887425194
13.0,explicit,0.8571428571428571,0.6428571428571428,0.20401558480197773
13.0,explicit,0.8571428571428571,0.7142857142857142,0.16343817824148607
13.0,explicit,0.8571428571428571,0.7857142857142857,0.1226980082711429
13.0,explicit,0.8571428571428571,0.8571428571428571,0.08197150120971931
13.0,explicit,0.8571428571428571,0.9285714285714285,0.0372497238084146
13.0,explicit,0.8571428571428571,1.0,0.006752820468792384
13.0,explicit,0.9285714285714285,0.0,0.006752820468792384
13.0,explicit,0.9285714285714285,0.07142857142857142,0.0130631963546127
13.0,explicit,0.9285714285714285,0.14285714285714285,0.03724972380841458
13.0,explicit,0.9285714285714285,0.21428571428571427,0.057678139466461054
13.0,explicit,0.9285714285714285,0.2857142857142857,0.07803420248023857
13.0,explicit,0.9285714285714285,0.3571428571428571,0.09832121117208942
13.0,explicit,0.9285714285714285,0.42857142857142855,0.11750157630316424
13.0,explicit,0.9285714285714285,0.5,0.12938024371476978
13.0,explicit,0.9285714285714285,0.5714285714285714,0.11750157630316424
13.0,explicit,0.9285714285714285,0.6428571428571428,0.09832121117208946
13.0,explicit,0.9285714285714285,0.7142857142857142,0.07803420248023858
13.0,explicit,0.9285714285714285,0.7857142857142857,0.05767813946646106
13.0,explicit,0.9285714285714285,0.8571428571428571,0.03724972380841459
13.0,explicit,0.9285714285714285,0.9285714285714285,0.013063196354612713
13.0,explicit,0.9285714285714285,1.0,0.006752820468792384
13.0,explicit,1.0,0.0,0.006752820468792384
13.0,explicit,1.0,0.07142857142857142,0.006752820468792384
13.0,explicit,1.0,0.14285714285714285,0.006752820468792384
13.0,explicit,1.0,0.21428571428571427,0.006752820468792384
13.0,explicit,1.0,0.2857142857142857,0.006752820468792384
13.0,explicit,1.0,0.3571428571428571,0.006752820468792384
13.0,explicit,1.0,0.42857142857142855,0.006752820468792384
13.0,explicit,1.0,0.5,0.006752820468792384
13.0,explicit,1.0,0.5714285714285714,0.006752820468792384
13.0,explicit,1.0,0.6428571428571428,0.006752820468792384
13.0,explicit,1.0,0.7142857142857142,0.006752820468792384
13.0,explicit,1.0,0.7857142857142857,0.006752820468792384
13.0,explicit,1.0,0.8571428571428571,0.006752820468792384
13.0,explicit,1.0,0.9285714285714285,0.006752820468792384
13.0,explicit,1.0,1.0,0.006752820468792384
14.0,explicit,0.0,0.0,-0.14247481862134567
14.0,explicit,0.0,0.07142857142857142,-0.14247481862134567
14.0,explicit,0.0,0.14285714285714285,-0.14247481862134567
14.0,explicit,0.0,0.21428571428571427,-0.14247481862134567
14.0,explicit,0.0,0.2857142857142857,-0.14247481862134567
14.0,explicit,0.0,0.3571428571428571,-0.14247481862134567
14.0,explicit,0.0,0.42857142857142855,-0.14247481862134567
14.0,explicit,0.0,0.5,-0.14247481862134567
14.0,explicit,0.0,0.5714285714285714,-0.14247481862134567
14.0,explicit,0.0,0.6428571428571428,-0.14247481862134567
14.0,explicit,0.0,0.7142857142857142,-0.14247481862134567
14.0,explicit,0.0,0.7857142857142857,-0.14247481862134567
14.0,explicit,0.0,0.8571428571428571,-0.14247481862134567
14.0,explicit,0.0,0.9285714285714285,-0.14247481862134567
14.0,explicit,0.0,1.0,-0.14247481862134567
14.0,explicit,0.07142857142857142,0.0,-0.14247481862134567
14.0,explicit,0.07142857142857142,0.07142857142857142,0.013552764940245703
14.0,explicit,0.07142857142857142,0.14285714285714285,0.037393048784688104
14.0,explicit,0.07142857142857142,0.21428571428571427,0.05787015023584628
14.0,explicit,0.07142857142857142,0.2857142857142857,0.07822664243004193
14.0,explicit,0.07142857142857142,0.3571428571428571,0.0984994894646782
14.0,explicit,0.07142857142857142,0.42857142857142855,0.11759502624196803
14.0,explicit,0.07142857142857142,0.5,0.12924836092164232
14.0,explicit,0.07142857142857142,0.5714285714285714,0.11759502624196806
14.0,explicit,0.07142857142857142,0.6428571428571428,0.09849948946467822
14.0,explicit,0.07142857142857142,0.7142857142857142,0.07822664243004196
14.0,explicit,0.07142857142857142,0.7857142857142857,0.05787015023584631
14.0,explicit,0.07142857142857142,0.8571428571428571,0.03739304878468812
14.0,explicit,0.07142857142857142,0.9285714285714285,0.01355276494024572
14.0,explicit,0.07142857142857142,1.0,-0.14247481862134567
14.0,explicit,0.14285714285714285,0.0,-0.14247481862134567
14.0,explicit,0.14285714285714285,0.07142857142857142,0.03739304878468812
14.0,explicit,0.14285714285714285,0.14285714285714285,0.08186208398744528
14.0,explicit,0.14285714285714285,0.21428571428571427,0.12264466254434926
14.0,explicit,0.14285714285714285,0.2857142857142857,0.16338259865746
14.0,explicit,0.14285714285714285,0.3571428571428571,0.20393189180257087
14.0,explicit,0.14285714285714285,0.42857142857142855,0.24212319035558869
14.0,explicit,0.14285714285714285,0.5,0.26542985666167385
14.0,explicit,0.14285714285714285,0.5714285714285714,0.2421231903555887
14.0,explicit,0.14285714285714285,0.6428571428571428,0.20393189180257093
14.0,explicit,0.14285714285714285,0.7142857142857142,0.16338259865746005
14.0,explicit,0.14285714285714285,0.7857142857142857,0.12264466254434928
14.0,explicit,0.14285714285714285,0.8571428571428571,0.08186208398744531
14.0,explicit,0.14285714285714285,0.9285714285714285,0.03739304878468814
14.0,explicit,0.14285714285714285,1.0,-0.14247481862134567
14.0,explicit,0.21428571428571427,0.0,-0.14247481862134567
14.0,explicit,0.21428571428571427,0.07142857142857142,0.05787015023584629
14.0,explicit,0.21428571428571427,0.14285714285714285,0.12264466254434926
14.0,explicit,0.21428571428571427,0.21428571428571427,0.18380921508528852
14.0,explicit,0.21428571428571427,0.2857142857142857,0.24494265259317247
14.0,explicit,0.21428571428571427,0.3571428571428571,0.3057691259070239
14.0,explicit,0.21428571428571427,0.42857142857142855,0.3630557794062038
14.0,explicit,0.21428571428571427,0.5,0.3980154691843907
14.0,explicit,0.21428571428571427,0.5714285714285714,0.36305577940620387
14.0,explicit,0.21428571428571427,0.6428571428571428,0.30576912590702393
14.0,explicit,0.21428571428571427,0.7142857142857142,0.24494265259317252
14.0,explicit,0.21428571428571427,0.7857142857142857,0.18380921508528855
14.0,explicit,0.21428571428571427,0.8571428571428571,0.12264466254434932
14.0,explicit,0.21428571428571427,0.9285714285714285,0.05787015023584634
14.0,explicit,0.21428571428571427,1.0,-0.14247481862134567
14.0,explicit,0.2857142857142857,0.0,-0.14247481862134567
14.0,explicit,0.2857142857142857,0.07142857142857142,0.07822664243004195
14.0,explicit,0.2857142857142857,0.14285714285714285,0.16338259865746
14.0,explicit,0.2857142857142857,0.21428571428571427,0.24494265259317247
14.0,explicit,0.2857142857142857,0.2857142857142857,0.3264651987130784
14.0,explicit,0.2857142857142857,0.3571428571428571,0.40756017869927585
14.0,explicit,0.2857142857142857,0.42857142857142855,0.4839337576797841
14.0,explicit,0.2857142857142857,0.5,0.5305410436375401
14.0,explicit,0.2857142857142857,0.5714285714285714,0.48393375767978414
14.0,explicit,0.2857142857142857,0.6428571428571428,0.40756017869927597
14.0,explicit,0.2857142857142857,0.7142857142857142,0.3264651987130785
14.0,explicit,0.2857142857142857,0.7857142857142857,0.24494265259317255
14.0,explicit,0.2857142857142857,0.8571428571428571,0.16338259865746005
14.0,explicit,0.2857142857142857,0.9285714285714285,0.07822664243004201
14.0,explicit,0.2857142857142857,1.0,-0.14247481862134567
14.0,explicit,0.3571428571428571,0.0,-0.14247481862134567
14.0,explicit,0.3571428571428571,0.07142857142857142,0.0984994894646782
14.0,explicit,0.3571428571428571,0.14285714285714285,0.20393189180257087
14.0,explicit,0.3571428571428571,0.21428571428571427,0.3057691259070239
14.0,explicit,0.3571428571428571,0.2857142857142857,0.40756017869927585
14.0,explicit,0.3571428571428571,0.3571428571428571,0.5088033878569092
14.0,explicit,0.3571428571428571,0.42857142857142855,0.6041495727895451
14.0,explicit,0.3571428571428571,0.5,0.662332088788664
14.0,explicit,0.3571428571428571,0.5714285714285714,0.6041495727895451
14.0,explicit,0.3571428571428571,0.6428571428571428,0.5088033878569093
14.0,explicit,0.3571428571428571,0.7142857142857142,0.407560178699276
14.0,explicit,0.3571428571428571,0.7857142857142857,0.30576912590702393
14.0,explicit,0.3571428571428571,0.8571428571428571,0.20393189180257096
14.0,explicit,0.3571428571428571,0.9285714285714285,0.09849948946467826
14.0,explicit,0.3571428571428571,1.0,-0.14247481862134567
14.0,explicit,0.42857142857142855,0.0,-0.14247481862134567
14.0,explicit,0.42857142857142855,0.07142857142857142,0.11759502624196803
14.0,explicit,0.42857142857142855,0.14285714285714285,0.24212319035558869
14.0,explicit,0.42857142857142855,0.21428571428571427,0.3630557794062038
14.0,explicit,0.42857142857142855,0.2857142857142857,0.4839337576797841
14.0,explicit,0.42857142857142855,0.3571428571428571,0.6041495727895451
14.0,explicit,0.42857142857142855,0.42857142857142855,0.7173552645815771
14.0,explicit,0.42857142857142855,0.5,0.7864192038825594
14.0,explicit,0.42857142857142855,0.5714285714285714,0.7173552645815772
14.0,explicit,0.42857142857142855,0.6428571428571428,0.6041495727895452
14.0,explicit,0.42857142857142855,0.7142857142857142,0.48393375767978425
14.0,explicit,0.42857142857142855,0.7857142857142857,0.36305577940620387
14.0,explicit,0.42857142857142855,0.8571428571428571,0.2421231903555888
14.0,explicit,0.42857142857142855,0.9285714285714285,0.11759502624196817
14.0,explicit,0.42857142857142855,1.0,-0.14247481862134567
14.0,explicit,0.5,0.0,-0.14247481862134567
14.0,explicit,0.5,0.07142857142857142,0.12924836092164232
14.0,explicit,0.5,0.14285714285714285,0.26542985666167385
14.0,explicit,0.5,0.21428571428571427,0.3980154691843907
14.0,explicit,0.5,0.2857142857142857,0.5305410436375401
14.0,explicit,0.5,0.3571428571428571,0.662332088788664
14.0,explicit,0.5,0.42857142857142855,0.7864192038825594
14.0,explicit,0.5,0.5,0.8620786140842032
14.0,explicit,0.5,0.5714285714285714,0.7864192038825595
14.0,explicit,0.5,0.6428571428571428,0.6623320887886641
14.0,explicit,0.5,0.7142857142857142,0.5305410436375402
14.0,explicit,0.5,0.7857142857142857,0.3980154691843908
14.0,explicit,0.5,0.8571428571428571,0.26542985666167396
14.0,explicit,0.5,0.9285714285714285,0.12924836092164244
14.0,explicit,0.5,1.0,-0.14247481862134567
14.0,explicit,0.5714285714285714,0.0,-0.14247481862134567
14.0,explicit,0.5714285714285714,0.07142857142857142,0.11759502624196806
14.0,explicit,0.5714285714285714,0.14285714285714285,0.2421231903555887
14.0,explicit,0.5714285714285714,0.21428571428571427,0.36305577940620387
14.0,explicit,0.5714285714285714,0.2857142857142857,0.48393375767978414
14.0,explicit,0.5714285714285714,0.3571428571428571,0.6041495727895451
14.0,explicit,0.5714285714285714,0.42857142857142855,0.7173552645815772
14.0,explicit,0.5714285714285714,0.5,0.7864192038825595
14.0,explicit,0.5714285714285714,0.5714285714285714,0.7173552645815773
14.0,explicit,0.5714285714285714,0.6428571428571428,0.6041495727895453
14.0,explicit,0.5714285714285714,0.7142857142857142,0.4839337576797843
14.0,explicit,0.5714285714285714,0.7857142857142857,0.3630557794062039
14.0,explicit,0.5714285714285714,0.8571428571428571,0.2421231903555888
14.0,explicit,0.5714285714285714,0.9285714285714285,0.11759502624196817
14.0,explicit,0.5714285714285714,1.0,-0.14247481862134567
14.0,explicit,0.6428571428571428,0.0,-0.14247481862134567
14.0,explicit,0.6428571428571428,0.07142857142857142,0.09849948946467822
14.0,explicit,0.6428571428571428,0.14285714285714285,0.20393189180257093
14.0,explicit,0.6428571428571428,0.21428571428571427,0.30576912590702393
14.0,explicit,0.6428571428571428,0.2857142857142857,0.40756017869927597
14.0,explicit,0.6428571428571428,0.3571428571428571,0.5088033878569093
14.0,explicit,0.6428571428571428,0.42857142857142855,0.6041495727895452
14.0,explicit,0.6428571428571428,0.5,0.6623320887886641
14.0,explicit,0.6428571428571428,0.5714285714285714,0.6041495727895453
14.0,explicit,0.6428571428571428,0.6428571428571428,0.5088033878569095
14.0,explicit,0.6428571428571428,0.7142857142857142,0.40756017869927613
14.0,explicit,0.6428571428571428,0.7857142857142857,0.305769125907024
14.0,explicit,0.6428571428571428,0.8571428571428571,0.203931891802571
14.0,explicit,0.6428571428571428,0.9285714285714285,0.09849948946467829
14.0,explicit,0.6428571428571428,1.0,-0.14247481862134567
14.0,explicit,0.7142857142857142,0.0,-0.14247481862134567
14.0,explicit,0.7142857142857142,0.07142857142857142,0.07822664243004196
14.0,explicit,0.7142857142857142,0.14285714285714285,0.16338259865746005
14.0,explicit,0.7142857142857142,0.21428571428571427,0.24494265259317252
14.0,explicit,0.7142857142857142,0.2857142857142857,0.3264651987130785
14.0,explicit,0.7142857142857142,0.3571428571428571,0.407560178699276
14.0,explicit,0.7142857142857142,0.42857142857142855,0.48393375767978425
14.0,explicit,0.7142857142857142,0.5,0.5305410436375402
14.0,explicit,0.7142857142857142,0.5714285714285714,0.4839337576797843
14.0,explicit,0.7142857142857142,0.6428571428571428,0.40756017869927613
14.0,explicit,0.7142857142857142,0.7142857142857142,0.3264651987130786
14.0,explicit,0.7142857142857142,0.7857142857142857,0.2449426525931726
14.0,explicit,0.7142857142857142,0.8571428571428571,0.16338259865746013
14.0,explicit,0.7142857142857142,0.9285714285714285,0.07822664243004204
14.0,explicit,0.7142857142857142,1.0,-0.14247481862134567
14.0,explicit,0.7857142857142857,0.0,-0.14247481862134567
14.0,explicit,0.7857142857142857,0.07142857142857142,0.0578701502358463
14.0,explicit,0.7857142857142857,0.14285714285714285,0.12264466254434928
14.0,explicit,0.7857142857142857,0.21428571428571427,0.18380921508528855
14.0,explicit,0.7857142857142857,0.2857142857142857,0.24494265259317255
14.0,explicit,0.7857142857142857,0.3571428571428571,0.30576912590702393
14.0,explicit,0.7857142857142857,0.42857142857142855,0.36305577940620387
14.0,explicit,0.7857142857142857,0.5,0.3980154691843908
14.0,explicit,0.7857142857142857,0.5714285714285714,0.3630557794062039
14.0,explicit,0.7857142857142857,0.6428571428571428,0.305769125907024
14.0,explicit,0.7857142857142857,0.7142857142857142,0.2449426525931726
14.0,explicit,0.7857142857142857,0.7857142857142857,0.18380921508528858
14.0,explicit,0.7857142857142857,0.8571428571428571,0.12264466254434933
14.0,explicit,0.7857142857142857,0.9285714285714285,0.057870150235846345
14.0,explicit,0.7857142857142857,1.0,-0.14247481862134567
14.0,explicit,0.8571428571428571,0.0,-0.14247481862134567
14.0,explicit,0.8571428571428571,0.07142857142857142,0.03739304878468813
14.0,explicit,0.8571428571428571,0.14285714285714285,0.08186208398744531
14.0,explicit,0.8571428571428571,0.21428571428571427,0.12264466254434932
14.0,explicit,0.8571428571428571,0.2857142857142857,0.16338259865746005
14.0,explicit,0.8571428571428571,0.3571428571428571,0.20393189180257096
14.0,explicit,0.8571428571428571,0.42857142857142855,0.2421231903555888
14.0,explicit,0.8571428571428571,0.5,0.26542985666167396
14.0,explicit,0.8571428571428571,0.5714285714285714,0.2421231903555888
14.0,explicit,0.8571428571428571,0.6428571428571428,0.203931891802571
14.0,explicit,0.8571428571428571,0.7142857142857142,0.16338259865746013
14.0,explicit,0.8571428571428571,0.7857142857142857,0.12264466254434933
14.0,explicit,0.8571428571428571,0.8571428571428571,0.08186208398744534
14.0,explicit,0.8571428571428571,0.9285714285714285,0.03739304878468815
14.0,explicit,0.8571428571428571,1.0,-0.14247481862134567
14.0,explicit,0.9285714285714285,0.0,-0.14247481862134567
14.0,explicit,0.9285714285714285,0.07142857142857142,0.01355276494024572
14.0,explicit,0.9285714285714285,0.14285714285714285,0.03739304878468814
14.0,explicit,0.9285714285714285,0.21428571428571427,0.05787015023584634
14.0,explicit,0.9285714285714285,0.2857142857142857,0.07822664243004201
14.0,explicit,0.9285714285714285,0.3571428571428571,0.09849948946467826
14.0,explicit,0.9285714285714285,0.42857142857142855,0.11759502624196817
14.0,explicit,0.9285714285714285,0.5,0.12924836092164244
14.0,explicit,0.9285714285714285,0.5714285714285714,0.11759502624196817
14.0,explicit,0.9285714285714285,0.6428571428571428,0.0984994894646783
14.0,explicit,0.9285714285714285,0.7142857142857142,0.07822664243004203
14.0,explicit,0.9285714285714285,0.7857142857142857,0.057870150235846345
14.0,explicit,0.9285714285714285,0.8571428571428571,0.03739304878468815
14.0,explicit,0.9285714285714285,0.9285714285714285,0.013552764940245734
14.0,explicit,0.9285714285714285,1.0,-0.14247481862134567
14.0,explicit,1.0,0.0,-0.14247481862134567
14.0,explicit,1.0,0.07142857142857142,-0.14247481862134567
14.0,explicit,1.0,0.14285714285714285,-0.14247481862134567
14.0,explicit,1.0,0.21428571428571427,-0.14247481862134567
14.0,explicit,1.0,0.2857142857142857,-0.14247481862134567
14.0,explicit,1.0,0.3571428571428571,-0.14247481862134567
14.0,explicit,1.0,0.42857142857142855,-0.14247481862134567
14.0,explicit,1.0,0.5,-0.14247481862134567
14.0,explicit,1.0,0.5714285714285714,-0.14247481862134567
14.0,explicit,1.0,0.6428571428571428,-0.14247481862134567
14.0,explicit,1.0,0.7142857142857142,-0.14247481862134567
14.0,explicit,1.0,0.7857142857142857,-0.14247481862134567
14.0,explicit,1.0,0.8571428571428571,-0.14247481862134567
14.0,explicit,1.0,0.9285714285714285,-0.14247481862134567
14.0,explicit,1.0,1.0,-0.14247481862134567
15.0,explicit,0.0,0.0,0.01109225897098661
15.0,explicit,0.0,0.07142857142857142,0.01109225897098661
15.0,explicit,0.0,0.14285714285714285,0.01109225897098661
15.0,explicit,0.0,0.21428571428571427,0.01109225897098661
15.0,explicit,0.0,0.2857142857142857,0.01109225897098661
15.0,explicit,0.0,0.3571428571428571,0.01109225897098661
15.0,explicit,0.0,0.42857142857142855,0.01109225897098661
15.0,explicit,0.0,0.5,0.01109225897098661
15.0,explicit,0.0,0.5714285714285714,0.01109225897098661
15.0,explicit,0.0,0.6428571428571428,0.01109225897098661
15.0,explicit,0.0,0.7142857142857142,0.01109225897098661
15.0,explicit,0.0,0.7857142857142857,0.01109225897098661
15.0,explicit,0.0,0.8571428571428571,0.01109225897098661
15.0,explicit,0.0,0.9285714285714285,0.01109225897098661
15.0,explicit,0.0,1.0,0.01109225897098661
15.0,explicit,0.07142857142857142,0.0,0.01109225897098661
15.0,explicit,0.07142857142857142,0.07142857142857142,0.008869700869366125
15.0,explicit,0.07142857142857142,0.14285714285714285,0.03482600940556531
15.0,explicit,0.07142857142857142,0.21428571428571427,0.055409172811946926
15.0,explicit,0.07142857142857142,0.2857142857142857,0.07576766130207331
15.0,explicit,0.07142857142857142,0.3571428571428571,0.09600990292580895
15.0,explicit,0.07142857142857142,0.42857142857142855,0.11493304189668167
15.0,explicit,0.07142857142857142,0.5,0.12615965072133087
15.0,explicit,0.07142857142857142,0.5714285714285714,0.1149330418966817
15.0,explicit,0.07142857142857142,0.6428571428571428,0.09600990292580898
15.0,explicit,0.07142857142857142,0.7142857142857142,0.07576766130207334
15.0,explicit,0.07142857142857142,0.7857142857142857,0.055409172811946954
15.0,explicit,0.07142857142857142,0.8571428571428571,0.03482600940556532
15.0,explicit,0.07142857142857142,0.9285714285714285,0.008869700869366141
15.0,explicit,0.07142857142857142,1.0,0.01109225897098661
15.0,explicit,0.14285714285714285,0.0,0.01109225897098661
15.0,explicit,0.14285714285714285,0.07142857142857142,0.03482600940556532
15.0,explicit,0.14285714285714285,0.14285714285714285,0.08161228580669509
15.0,explicit,0.14285714285714285,0.21428571428571427,0.12251976926435752
15.0,explicit,0.14285714285714285,0.2857142857142857,0.16325449339560053
15.0,explicit,0.14285714285714285,0.3571428571428571,0.20374283632819976
15.0,explicit,0.14285714285714285,0.42857142857142855,0.24158940123791717
15.0,explicit,0.14285714285714285,0.5,0.2640426136619649
15.0,explicit,0.14285714285714285,0.5714285714285714,0.2415894012379172
15.0,explicit,0.14285714285714285,0.6428571428571428,0.2037428363281998
15.0,explicit,0.14285714285714285,0.7142857142857142,0.16325449339560058
15.0,explicit,0.14285714285714285,0.7857142857142857,0.12251976926435754
15.0,explicit,0.14285714285714285,0.8571428571428571,0.08161228580669512
15.0,explicit,0.14285714285714285,0.9285714285714285,0.03482600940556534
15.0,explicit,0.14285714285714285,1.0,0.01109225897098661
15.0,explicit,0.21428571428571427,0.0,0.01109225897098661
15.0,explicit,0.21428571428571427,0.07142857142857142,0.05540917281194693
15.0,explicit,0.21428571428571427,0.14285714285714285,0.12251976926435752
15.0,explicit,0.21428571428571427,0.21428571428571427,0.18380605777016457
15.0,explicit,0.21428571428571427,0.2857142857142857,0.24493192296383742
15.0,explicit,0.21428571428571427,0.3571428571428571,0.3056672412283554
15.0,explicit,0.21428571428571427,0.42857142857142855,0.36243664424622307
15.0,explicit,0.21428571428571427,0.5,0.39611602719371575
15.0,explicit,0.21428571428571427,0.5714285714285714,0.3624366442462231
15.0,explicit,0.21428571428571427,0.6428571428571428,0.30566724122835554
15.0,explicit,0.21428571428571427,0.7142857142857142,0.24493192296383748
15.0,explicit,0.21428571428571427,0.7857142857142857,0.1838060577701646
15.0,explicit,0.21428571428571427,0.8571428571428571,0.12251976926435758
15.0,explicit,0.21428571428571427,0.9285714285714285,0.05540917281194698
15.0,explicit,0.21428571428571427,1.0,0.01109225897098661
15.0,explicit,0.2857142857142857,0.0,0.01109225897098661
15.0,explicit,0.2857142857142857,0.07142857142857142,0.07576766130207332
15.0,explicit,0.2857142857142857,0.14285714285714285,0.16325449339560053
15.0,explicit,0.2857142857142857,0.21428571428571427,0.24493192296383742
15.0,explicit,0.2857142857142857,0.2857142857142857,0.3264403156180505
15.0,explicit,0.2857142857142857,0.3571428571428571,0.4074110738454183
15.0,explicit,0.2857142857142857,0.42857142857142855,0.48309216147697187
15.0,explicit,0.2857142857142857,0.5,0.5279907569254908
15.0,explicit,0.2857142857142857,0.5714285714285714,0.4830921614769719
15.0,explicit,0.2857142857142857,0.6428571428571428,0.4074110738454184
15.0,explicit,0.2857142857142857,0.7142857142857142,0.3264403156180506
15.0,explicit,0.2857142857142857,0.7857142857142857,0.2449319229638375
15.0,explicit,0.2857142857142857,0.8571428571428571,0.16325449339560058
15.0,explicit,0.2857142857142857,0.9285714285714285,0.0757676613020734
15.0,explicit,0.2857142857142857,1.0,0.01109225897098661
15.0,explicit,0.3571428571428571,0.0,0.01109225897098661
15.0,explicit,0.3571428571428571,0.07142857142857142,0.09600990292580895
15.0,explicit,0.3571428571428571,0.14285714285714285,0.20374283632819976
15.0,explicit,0.3571428571428571,0.21428571428571427,0.3056672412283554
15.0,explicit,0.3571428571428571,0.2857142857142857,0.4074110738454183
15.0,explicit,0.3571428571428571,0.3571428571428571,0.5084706919326456
15.0,explicit,0.3571428571428571,0.42857142857142855,0.6029251958630525
15.0,explicit,0.3571428571428571,0.5,0.6589581437327574
15.0,explicit,0.3571428571428571,0.5714285714285714,0.6029251958630525
15.0,explicit,0.3571428571428571,0.6428571428571428,0.5084706919326457
15.0,explicit,0.3571428571428571,0.7142857142857142,0.40741107384541847
15.0,explicit,0.3571428571428571,0.7857142857142857,0.30566724122835554
15.0,explicit,0.3571428571428571,0.8571428571428571,0.20374283632819984
15.0,explicit,0.3571428571428571,0.9285714285714285,0.09600990292580902
15.0,explicit,0.3571428571428571,1.0,0.01109225897098661
15.0,explicit,0.42857142857142855,0.0,0.01109225897098661
15.0,explicit,0.42857142857142855,0.07142857142857142,0.11493304189668167
15.0,explicit,0.42857142857142855,0.14285714285714285,0.24158940123791717
15.0,explicit,0.42857142857142855,0.21428571428571427,0.36243664424622307
15.0,explicit,0.42857142857142855,0.2857142857142857,0.48309216147697187
15.0,explicit,0.42857142857142855,0.3571428571428571,0.6029251958630525
15.0,explicit,0.42857142857142855,0.42857142857142855,0.7149171600570778
15.0,explicit,0.42857142857142855,0.5,0.7813368683043638
15.0,explicit,0.42857142857142855,0.5714285714285714,0.714917160057078
15.0,explicit,0.42857142857142855,0.6428571428571428,0.6029251958630526
15.0,explicit,0.42857142857142855,0.7142857142857142,0.48309216147697204
15.0,explicit,0.42857142857142855,0.7857142857142857,0.3624366442462231
15.0,explicit,0.42857142857142855,0.8571428571428571,0.24158940123791728
15.0,explicit,0.42857142857142855,0.9285714285714285,0.11493304189668181
15.0,explicit,0.42857142857142855,1.0,0.01109225897098661
15.0,explicit,0.5,0.0,0.01109225897098661
15.0,explicit,0.5,0.07142857142857142,0.12615965072133087
15.0,explicit,0.5,0.14285714285714285,0.2640426136619649
15.0,explicit,0.5,0.21428571428571427,0.39611602719371575
15.0,explicit,0.5,0.2857142857142857,0.5279907569254908
15.0,explicit,0.5,0.3571428571428571,0.6589581437327574
15.0,explicit,0.5,0.42857142857142855,0.7813368683043638
15.0,explicit,0.5,0.5,0.8538774365427138
15.0,explicit,0.5,0.5714285714285714,0.7813368683043639
15.0,explicit,0.5,0.6428571428571428,0.6589581437327575
15.0,explicit,0.5,0.7142857142857142,0.527990756925491
15.0,explicit,0.5,0.7857142857142857,0.39611602719371586
15.0,explicit,0.5,0.8571428571428571,0.264042613661965
15.0,explicit,0.5,0.9285714285714285,0.12615965072133098
15.0,explicit,0.5,1.0,0.01109225897098661
15.0,explicit,0.5714285714285714,0.0,0.01109225897098661
15.0,explicit,0.5714285714285714,0.07142857142857142,0.1149330418966817
15.0,explicit,0.5714285714285714,0.14285714285714285,0.2415894012379172
15.0,explicit,0.5714285714285714,0.21428571428571427,0.3624366442462231
15.0,explicit,0.5714285714285714,0.2857142857142857,0.4830921614769719
15.0,explicit,0.5714285714285714,0.3571428571428571,0.6029251958630525
15.0,explicit,0.5714285714285714,0.42857142857142855,0.714917160057078
15.0,explicit,0.5714285714285714,0.5,0.7813368683043639
15.0,explicit,0.5714285714285714,0.5714285714285714,0.7149171600570781
15.0,explicit,0.5714285714285714,0.6428571428571428,0.6029251958630527
15.0,explicit,0.5714285714285714,0.7142857142857142,0.4830921614769721
15.0,explicit,0.5714285714285714,0.7857142857142857,0.3624366442462232
15.0,explicit,0.5714285714285714,0.8571428571428571,0.24158940123791728
15.0,explicit,0.5714285714285714,0.9285714285714285,0.11493304189668181
15.0,explicit,0.5714285714285714,1.0,0.01109225897098661
15.0,explicit,0.6428571428571428,0.0,0.01109225897098661
15.0,explicit,0.6428571428571428,0.07142857142857142,0.09600990292580898
15.0,explicit,0.6428571428571428,0.14285714285714285,0.2037428363281998
15.0,explicit,0.6428571428571428,0.21428571428571427,0.30566724122835554
15.0,explicit,0.6428571428571428,0.2857142857142857,0.4074110738454184
15.0,explicit,0.6428571428571428,0.3571428571428571,0.5084706919326457
15.0,explicit,0.6428571428571428,0.42857142857142855,0.6029251958630526
15.0,explicit,0.6428571428571428,0.5,0.6589581437327575
15.0,explicit,0.6428571428571428,0.5714285714285714,0.6029251958630527
15.0,explicit,0.6428571428571428,0.6428571428571428,0.5084706919326459
15.0,explicit,0.6428571428571428,0.7142857142857142,0.4074110738454186
15.0,explicit,0.6428571428571428,0.7857142857142857,0.3056672412283556
15.0,explicit,0.6428571428571428,0.8571428571428571,0.2037428363281999
15.0,explicit,0.6428571428571428,0.9285714285714285,0.09600990292580905
15.0,explicit,0.6428571428571428,1.0,0.01109225897098661
15.0,explicit,0.7142857142857142,0.0,0.01109225897098661
15.0,explicit,0.7142857142857142,0.07142857142857142,0.07576766130207334
15.0,explicit,0.7142857142857142,0.14285714285714285,0.16325449339560058
15.0,explicit,0.7142857142857142,0.21428571428571427,0.24493192296383748
15.0,explicit,0.7142857142857142,0.2857142857142857,0.3264403156180506
15.0,explicit,0.7142857142857142,0.3571428571428571,0.40741107384541847
15.0,explicit,0.7142857142857142,0.42857142857142855,0.48309216147697204
15.0,explicit,0.7142857142857142,0.5,0.527990756925491
15.0,explicit,0.7142857142857142,0.5714285714285714,0.4830921614769721
15.0,explicit,0.7142857142857142,0.6428571428571428,0.4074110738454186
15.0,explicit,0.7142857142857142,0.7142857142857142,0.3264403156180507
15.0,explicit,0.7142857142857142,0.7857142857142857,0.24493192296383756
15.0,explicit,0.7142857142857142,0.8571428571428571,0.16325449339560066
15.0,explicit,0.7142857142857142,0.9285714285714285,0.07576766130207342
15.0,explicit,0.7142857142857142,1.0,0.01109225897098661
15.0,explicit,0.7857142857142857,0.0,0.01109225897098661
15.0,explicit,0.7857142857142857,0.07142857142857142,0.05540917281194695
15.0,explicit,0.7857142857142857,0.14285714285714285,0.12251976926435754
15.0,explicit,0.7857142857142857,0.21428571428571427,0.1838060577701646
15.0,explicit,0.7857142857142857,0.2857142857142857,0.2449319229638375
15.0,explicit,0.7857142857142857,0.3571428571428571,0.30566724122835554
15.0,explicit,0.7857142857142857,0.42857142857142855,0.3624366442462231
15.0,explicit,0.7857142857142857,0.5,0.39611602719371586
15.0,explicit,0.7857142857142857,0.5714285714285714,0.3624366442462232
15.0,explicit,0.7857142857142857,0.6428571428571428,0.3056672412283556
15.0,explicit,0.7857142857142857,0.7142857142857142,0.24493192296383756
15.0,explicit,0.7857142857142857,0.7857142857142857,0.18380605777016462
15.0,explicit,0.7857142857142857,0.8571428571428571,0.12251976926435759
15.0,explicit,0.7857142857142857,0.9285714285714285,0.05540917281194699
15.0,explicit,0.7857142857142857,1.0,0.01109225897098661
15.0,explicit,0.8571428571428571,0.0,0.01109225897098661
15.0,explicit,0.8571428571428571,0.07142857142857142,0.034826009405565336
15.0,explicit,0.8571428571428571,0.14285714285714285,0.08161228580669512
15.0,explicit,0.8571428571428571,0.21428571428571427,0.12251976926435758
15.0,explicit,0.8571428571428571,0.2857142857142857,0.16325449339560058
15.0,explicit,0.8571428571428571,0.3571428571428571,0.20374283632819984
15.0,explicit,0.8571428571428571,0.42857142857142855,0.24158940123791728
15.0,explicit,0.8571428571428571,0.5,0.264042613661965
15.0,explicit,0.8571428571428571,0.5714285714285714,0.24158940123791728
15.0,explicit,0.8571428571428571,0.6428571428571428,0.2037428363281999
15.0,explicit,0.8571428571428571,0.7142857142857142,0.16325449339560066
15.0,explicit,0.8571428571428571,0.7857142857142857,0.12251976926435759
15.0,explicit,0.8571428571428571,0.8571428571428571,0.08161228580669515
15.0,explicit,0.8571428571428571,0.9285714285714285,0.03482600940556536
15.0,explicit,0.8571428571428571,1.0,0.01109225897098661
15.0,explicit,0.9285714285714285,0.0,0.01109225897098661
15.0,explicit,0.9285714285714285,0.07142857142857142,0.00886970086936614
15.0,explicit,0.9285714285714285,0.14285714285714285,0.03482600940556534
15.0,explicit,0.9285714285714285,0.21428571428571427,0.05540917281194698
15.0,explicit,0.9285714285714285,0.2857142857142857,0.0757676613020734
15.0,explicit,0.9285714285714285,0.3571428571428571,0.09600990292580902
15.0,explicit,0.9285714285714285,0.42857142857142855,0.11493304189668181
15.0,explicit,0.9285714285714285,0.5,0.12615965072133098
15.0,explicit,0.9285714285714285,0.5714285714285714,0.11493304189668181
15.0,explicit,0.9285714285714285,0.6428571428571428,0.09600990292580906
15.0,explicit,0.9285714285714285,0.7142857142857142,0.07576766130207341
15.0,explicit,0.9285714285714285,0.7857142857142857,0.05540917281194699
15.0,explicit,0.9285714285714285,0.8571428571428571,0.03482600940556536
15.0,explicit,0.9285714285714285,0.9285714285714285,0.008869700869366153
15.0,explicit,0.9285714285714285,1.0,0.01109225897098661
15.0,explicit,1.0,0.0,0.01109225897098661
15.0,explicit,1.0,0.07142857142857142,0.01109225897098661
15.0,explicit,1.0,0.14285714285714285,0.01109225897098661
15.0,explicit,1.0,0.21428571428571427,0.01109225897098661
15.0,explicit,1.0,0.2857142857142857,0.01109225897098661
15.0,explicit,1.0,0.3571428571428571,0.01109225897098661
15.0,explicit,1.0,0.42857142857142855,0.01109225897098661
15.0,explicit,1.0,0.5,0.01109225897098661
15.0,explicit,1.0,0.5714285714285714,0.01109225897098661
15.0,explicit,1.0,0.6428571428571428,0.01109225897098661
15.0,explicit,1.0,0.7142857142857142,0.01109225897098661
15.0,explicit,1.0,0.7857142857142857,0.01109225897098661
15.0,explicit,1.0,0.8571428571428571,0.01109225897098661
15.0,explicit,1.0,0.9285714285714285,0.01109225897098661
15.0,explicit,1.0,1.0,0.01109225897098661
16.0,explicit,0.0,0.0,0.0375698018345672
16.0,explicit,0.0,0.07142857142857142,0.0375698018345672
16.0,explicit,0.0,0.14285714285714285,0.0375698018345672
16.0,explicit,0.0,0.21428571428571427,0.0375698018345672
16.0,explicit,0.0,0.2857142857142857,0.0375698018345672
16.0,explicit,0.0,0.3571428571428571,0.0375698018345672
16.0,explicit,0.0,0.42857142857142855,0.0375698018345672
16.0,explicit,0.0,0.5,0.0375698018345672
16.0,explicit,0.0,0.5714285714285714,0.0375698018345672
16.0,explicit,0.0,0.6428571428571428,0.0375698018345672
16.0,explicit,0.0,0.7142857142857142,0.0375698018345672
16.0,explicit,0.0,0.7857142857142857,0.0375698018345672
16.0,explicit,0.0,0.8571428571428571,0.0375698018345672
16.0,explicit,0.0,0.9285714285714285,0.0375698018345672
16.0,explicit,0.0,1.0,0.0375698018345672
16.0,explicit,0.07142857142857142,0.0,0.0375698018345672
16.0,explicit,0.07142857142857142,0.07142857142857142,0.0069215421018548745
16.0,explicit,0.07142857142857142,0.14285714285714285,0.033581538528738936
16.0,explicit,0.07142857142857142,0.21428571428571427,0.05428879656267311
16.0,explicit,0.07142857142857142,0.2857142857142857,0.07465132695017584
16.0,explicit,0.07142857142857142,0.3571428571428571,0.09486001023029787
16.0,explicit,0.07142857142857142,0.42857142857142855,0.11360790055203983
16.0,explicit,0.07142857142857142,0.5,0.12443747763097532
16.0,explicit,0.07142857142857142,0.5714285714285714,0.11360790055203986
16.0,explicit,0.07142857142857142,0.6428571428571428,0.0948600102302979
16.0,explicit,0.07142857142857142,0.7142857142857142,0.07465132695017587
16.0,explicit,0.07142857142857142,0.7857142857142857,0.05428879656267314
16.0,explicit,0.07142857142857142,0.8571428571428571,0.03358153852873895
16.0,explicit,0.07142857142857142,0.9285714285714285,0.00692154210185489
16.0,explicit,0.07142857142857142,1.0,0.0375698018345672
16.0,explicit,0.14285714285714285,0.0,0.0375698018345672
16.0,explicit,0.14285714285714285,0.07142857142857142,0.033581538528738936
16.0,explicit,0.14285714285714285,0.14285714285714285,0.08130348406730056
16.0,explicit,0.14285714285714285,0.21428571428571427,0.12236085899589186
16.0,explicit,0.14285714285714285,0.2857142857142857,0.1630946291609429
16.0,explicit,0.14285714285714285,0.3571428571428571,0.20351589047930077
16.0,explicit,0.14285714285714285,0.42857142857142855,0.24101201364142552
16.0,explicit,0.14285714285714285,0.5,0.26267115878805464
16.0,explicit,0.14285714285714285,0.5714285714285714,0.24101201364142558
16.0,explicit,0.14285714285714285,0.6428571428571428,0.20351589047930083
16.0,explicit,0.14285714285714285,0.7142857142857142,0.16309462916094294
16.0,explicit,0.14285714285714285,0.7857142857142857,0.12236085899589187
16.0,explicit,0.14285714285714285,0.8571428571428571,0.08130348406730059
16.0,explicit,0.14285714285714285,0.9285714285714285,0.033581538528738956
16.0,explicit,0.14285714285714285,1.0,0.0375698018345672
16.0,explicit,0.21428571428571427,0.0,0.0375698018345672
16.0,explicit,0.21428571428571427,0.07142857142857142,0.05428879656267312
16.0,explicit,0.21428571428571427,0.14285714285714285,0.12236085899589186
16.0,explicit,0.21428571428571427,0.21428571428571427,0.18379505264383517
16.0,explicit,0.21428571428571427,0.2857142857142857,0.24491484273429398
16.0,explicit,0.21428571428571427,0.3571428571428571,0.30554961758219795
16.0,explicit,0.21428571428571427,0.42857142857142855,0.3617931495213103
16.0,explicit,0.21428571428571427,0.5,0.39428127411497493
16.0,explicit,0.21428571428571427,0.5714285714285714,0.36179314952131036
16.0,explicit,0.21428571428571427,0.6428571428571428,0.30554961758219806
16.0,explicit,0.21428571428571427,0.7142857142857142,0.24491484273429404
16.0,explicit,0.21428571428571427,0.7857142857142857,0.1837950526438352
16.0,explicit,0.21428571428571427,0.8571428571428571,0.12236085899589191
16.0,explicit,0.21428571428571427,0.9285714285714285,0.054288796562673165
16.0,explicit,0.21428571428571427,1.0,0.0375698018345672
16.0,explicit,0.2857142857142857,0.0,0.0375698018345672
16.0,explicit,0.2857142857142857,0.07142857142857142,0.07465132695017586
16.0,explicit,0.2857142857142857,0.14285714285714285,0.1630946291609429
16.0,explicit,0.2857142857142857,0.21428571428571427,0.24491484273429398
16.0,explicit,0.2857142857142857,0.2857142857142857,0.326409223898982
16.0,explicit,0.2857142857142857,0.3571428571428571,0.407242567200728
16.0,explicit,0.2857142857142857,0.42857142857142855,0.48221914253930537
16.0,explicit,0.2857142857142857,0.5,0.5255275477952251
16.0,explicit,0.2857142857142857,0.5714285714285714,0.4822191425393054
16.0,explicit,0.2857142857142857,0.6428571428571428,0.4072425672007281
16.0,explicit,0.2857142857142857,0.7142857142857142,0.3264092238989821
16.0,explicit,0.2857142857142857,0.7857142857142857,0.24491484273429406
16.0,explicit,0.2857142857142857,0.8571428571428571,0.16309462916094294
16.0,explicit,0.2857142857142857,0.9285714285714285,0.07465132695017593
16.0,explicit,0.2857142857142857,1.0,0.0375698018345672
16.0,explicit,0.3571428571428571,0.0,0.0375698018345672
16.0,explicit,0.3571428571428571,0.07142857142857142,0.09486001023029787
16.0,explicit,0.3571428571428571,0.14285714285714285,0.20351589047930077
16.0,explicit,0.3571428571428571,0.21428571428571427,0.30554961758219795
16.0,explicit,0.3571428571428571,0.2857142857142857,0.407242567200728
16.0,explicit,0.3571428571428571,0.3571428571428571,0.5080992261148662
16.0,explicit,0.3571428571428571,0.42857142857142855,0.6016447969963833
16.0,explicit,0.3571428571428571,0.5,0.655675699181517
16.0,explicit,0.3571428571428571,0.5714285714285714,0.6016447969963833
16.0,explicit,0.3571428571428571,0.6428571428571428,0.5080992261148664
16.0,explicit,0.3571428571428571,0.7142857142857142,0.40724256720072816
16.0,explicit,0.3571428571428571,0.7857142857142857,0.30554961758219806
16.0,explicit,0.3571428571428571,0.8571428571428571,0.20351589047930085
16.0,explicit,0.3571428571428571,0.9285714285714285,0.09486001023029794
16.0,explicit,0.3571428571428571,1.0,0.0375698018345672
16.0,explicit,0.42857142857142855,0.0,0.0375698018345672
16.0,explicit,0.42857142857142855,0.07142857142857142,0.11360790055203983
16.0,explicit,0.42857142857142855,0.14285714285714285,0.24101201364142552
16.0,explicit,0.42857142857142855,0.21428571428571427,0.3617931495213103
16.0,explicit,0.42857142857142855,0.2857142857142857,0.48221914253930537
16.0,explicit,0.42857142857142855,0.3571428571428571,0.6016447969963833
16.0,explicit,0.42857142857142855,0.42857142857142855,0.712403518840584
16.0,explicit,0.42857142857142855,0.5,0.7763597365000051
16.0,explicit,0.42857142857142855,0.5714285714285714,0.7124035188405838
16.0,explicit,0.42857142857142855,0.6428571428571428,0.6016447969963834
16.0,explicit,0.42857142857142855,0.7142857142857142,0.48221914253930553
16.0,explicit,0.42857142857142855,0.7857142857142857,0.36179314952131036
16.0,explicit,0.42857142857142855,0.8571428571428571,0.24101201364142563
16.0,explicit,0.42857142857142855,0.9285714285714285,0.11360790055203995
16.0,explicit,0.42857142857142855,1.0,0.0375698018345672
16.0,explicit,0.5,0.0,0.0375698018345672
16.0,explicit,0.5,0.07142857142857142,0.1244374776309753
16.0,explicit,0.5,0.14285714285714285,0.26267115878805464
16.0,explicit,0.5,0.21428571428571427,0.39428127411497493
16.0,explicit,0.5,0.2857142857142857,0.5255275477952251
16.0,explicit,0.5,0.3571428571428571,0.655675699181517
16.0,explicit,0.5,0.42857142857142855,0.7763597365000051
16.0,explicit,0.5,0.5,0.8460114697266508
16.0,explicit,0.5,0.5714285714285714,0.7763597365000052
16.0,explicit,0.5,0.6428571428571428,0.6556756991815171
16.0,explicit,0.5,0.7142857142857142,0.5255275477952254
16.0,explicit,0.5,0.7857142857142857,0.39428127411497504
16.0,explicit,0.5,0.8571428571428571,0.26267115878805475
16.0,explicit,0.5,0.9285714285714285,0.12443747763097542
16.0,explicit,0.5,1.0,0.0375698018345672
16.0,explicit,0.5714285714285714,0.0,0.0375698018345672
16.0,explicit,0.5714285714285714,0.07142857142857142,0.11360790055203986
16.0,explicit,0.5714285714285714,0.14285714285714285,0.24101201364142558
16.0,explicit,0.5714285714285714,0.21428571428571427,0.36179314952131036
16.0,explicit,0.5714285714285714,0.2857142857142857,0.4822191425393054
16.0,explicit,0.5714285714285714,0.3571428571428571,0.6016447969963833
16.0,explicit,0.5714285714285714,0.42857142857142855,0.7124035188405838
16.0,explicit,0.5714285714285714,0.5,0.7763597365000052
16.0,explicit,0.5714285714285714,0.5714285714285714,0.712403518840584
16.0,explicit,0.5714285714285714,0.6428571428571428,0.6016447969963835
16.0,explicit,0.5714285714285714,0.7142857142857142,0.4822191425393056
16.0,explicit,0.5714285714285714,0.7857142857142857,0.3617931495213104
16.0,explicit,0.5714285714285714,0.8571428571428571,0.24101201364142566
16.0,explicit,0.5714285714285714,0.9285714285714285,0.11360790055203995
16.0,explicit,0.5714285714285714,1.0,0.0375698018345672
16.0,explicit,0.6428571428571428,0.0,0.0375698018345672
16.0,explicit,0.6428571428571428,0.07142857142857142,0.0948600102302979
16.0,explicit,0.6428571428571428,0.14285714285714285,0.20351589047930083
16.0,explicit,0.6428571428571428,0.21428571428571427,0.30554961758219806
16.0,explicit,0.6428571428571428,0.2857142857142857,0.4072425672007281
16.0,explicit,0.6428571428571428,0.3571428571428571,0.5080992261148664
16.0,explicit,0.6428571428571428,0.42857142857142855,0.6016447969963834
16.0,explicit,0.6428571428571428,0.5,0.6556756991815171
16.0,explicit,0.6428571428571428,0.5714285714285714,0.6016447969963835
16.0,explicit,0.6428571428571428,0.6428571428571428,0.5080992261148666
16.0,explicit,0.6428571428571428,0.7142857142857142,0.40724256720072827
16.0,explicit,0.6428571428571428,0.7857142857142857,0.3055496175821981
16.0,explicit,0.6428571428571428,0.8571428571428571,0.2035158904793009
16.0,explicit,0.6428571428571428,0.9285714285714285,0.09486001023029797
16.0,explicit,0.6428571428571428,1.0,0.0375698018345672
16.0,explicit,0.7142857142857142,0.0,0.0375698018345672
16.0,explicit,0.7142857142857142,0.07142857142857142,0.07465132695017587
16.0,explicit,0.7142857142857142,0.14285714285714285,0.16309462916094294
16.0,explicit,0.7142857142857142,0.21428571428571427,0.24491484273429404
16.0,explicit,0.7142857142857142,0.2857142857142857,0.3264092238989821
16.0,explicit,0.7142857142857142,0.3571428571428571,0.40724256720072816
16.0,explicit,0.7142857142857142,0.42857142857142855,0.48221914253930553
16.0,explicit,0.7142857142857142,0.5,0.5255275477952254
16.0,explicit,0.7142857142857142,0.5714285714285714,0.4822191425393056
16.0,explicit,0.7142857142857142,0.6428571428571428,0.40724256720072827
16.0,explicit,0.7142857142857142,0.7142857142857142,0.32640922389898225
16.0,explicit,0.7142857142857142,0.7857142857142857,0.24491484273429412
16.0,explicit,0.7142857142857142,0.8571428571428571,0.16309462916094303
16.0,explicit,0.7142857142857142,0.9285714285714285,0.07465132695017596
16.0,explicit,0.7142857142857142,1.0,0.0375698018345672
16.0,explicit,0.7857142857142857,0.0,0.0375698018345672
16.0,explicit,0.7857142857142857,0.07142857142857142,0.05428879656267313
16.0,explicit,0.7857142857142857,0.14285714285714285,0.12236085899589187
16.0,explicit,0.7857142857142857,0.21428571428571427,0.1837950526438352
16.0,explicit,0.7857142857142857,0.2857142857142857,0.24491484273429406
16.0,explicit,0.7857142857142857,0.3571428571428571,0.30554961758219806
16.0,explicit,0.7857142857142857,0.42857142857142855,0.36179314952131036
16.0,explicit,0.7857142857142857,0.5,0.39428127411497504
16.0,explicit,0.7857142857142857,0.5714285714285714,0.3617931495213104
16.0,explicit,0.7857142857142857,0.6428571428571428,0.3055496175821981
16.0,explicit,0.7857142857142857,0.7142857142857142,0.24491484273429412
16.0,explicit,0.7857142857142857,0.7857142857142857,0.18379505264383522
16.0,explicit,0.7857142857142857,0.8571428571428571,0.12236085899589193
16.0,explicit,0.7857142857142857,0.9285714285714285,0.05428879656267317
16.0,explicit,0.7857142857142857,1.0,0.0375698018345672
16.0,explicit,0.8571428571428571,0.0,0.0375698018345672
16.0,explicit,0.8571428571428571,0.07142857142857142,0.03358153852873895
16.0,explicit,0.8571428571428571,0.14285714285714285,0.08130348406730059
16.0,explicit,0.8571428571428571,0.21428571428571427,0.12236085899589191
16.0,explicit,0.8571428571428571,0.2857142857142857,0.16309462916094294
16.0,explicit,0.8571428571428571,0.3571428571428571,0.20351589047930085
16.0,explicit,0.8571428571428571,0.42857142857142855,0.24101201364142563
16.0,explicit,0.8571428571428571,0.5,0.26267115878805475
16.0,explicit,0.8571428571428571,0.5714285714285714,0.24101201364142566
16.0,explicit,0.8571428571428571,0.6428571428571428,0.2035158904793009
16.0,explicit,0.8571428571428571,0.7142857142857142,0.16309462916094303
16.0,explicit,0.8571428571428571,0.7857142857142857,0.12236085899589193
16.0,explicit,0.8571428571428571,0.8571428571428571,0.0813034840673006
16.0,explicit,0.8571428571428571,0.9285714285714285,0.03358153852873897
16.0,explicit,0.8571428571428571,1.0,0.0375698018345672
16.0,explicit,0.9285714285714285,0.0,0.0375698018345672
16.0,explicit,0.9285714285714285,0.07142857142857142,0.006921542101854888
16.0,explicit,0.9285714285714285,0.14285714285714285,0.033581538528738956
16.0,explicit,0.9285714285714285,0.21428571428571427,0.054288796562673165
16.0,explicit,0.9285714285714285,0.2857142857142857,0.07465132695017593
16.0,explicit,0.9285714285714285,0.3571428571428571,0.09486001023029794
16.0,explicit,0.9285714285714285,0.42857142857142855,0.11360790055203995
16.0,explicit,0.9285714285714285,0.5,0.12443747763097543
16.0,explicit,0.9285714285714285,0.5714285714285714,0.11360790055203995
16.0,explicit,0.9285714285714285,0.6428571428571428,0.09486001023029798
16.0,explicit,0.9285714285714285,0.7142857142857142,0.07465132695017594
16.0,explicit,0.9285714285714285,0.7857142857142857,0.05428879656267317
16.0,explicit,0.9285714285714285,0.8571428571428571,0.03358153852873897
16.0,explicit,0.9285714285714285,0.9285714285714285,0.006921542101854902
16.0,explicit,0.9285714285714285,1.0,0.0375698018345672
16.0,explicit,1.0,0.0,0.0375698018345672
16.0,explicit,1.0,0.07142857142857142,0.0375698018345672
16.0,explicit,1.0,0.14285714285714285,0.0375698018345672
16.0,explicit,1.0,0.21428571428571427,0.0375698018345672
16.0,explicit,1.0,0.2857142857142857,0.0375698018345672
16.0,explicit,1.0,0.3571428571428571,0.0375698018345672
16.0,explicit,1.0,0.42857142857142855,0.0375698018345672
16.0,explicit,1.0,0.5,0.0375698018345672
16.0,explicit,1.0,0.5714285714285714,0.0375698018345672
16.0,explicit,1.0,0.6428571428571428,0.0375698018345672
16.0,explicit,1.0,0.7142857142857142,0.0375698018345672
16.0,explicit,1.0,0.7857142857142857,0.0375698018345672
16.0,explicit,1.0,0.8571428571428571,0.0375698018345672
16.0,explicit,1.0,0.9285714285714285,0.0375698018345672
16.0,explicit,1.0,1.0,0.0375698018345672
17.0,explicit,0.0,0.0,-0.0600638689918805
17.0,explicit,0.0,0.07142857142857142,-0.0600638689918805
17.0,explicit,0.0,0.14285714285714285,-0.0600638689918805
17.0,explicit,0.0,0.21428571428571427,-0.0600638689918805
17.0,explicit,0.0,0.2857142857142857,-0.0600638689918805
17.0,explicit,0.0,0.3571428571428571,-0.0600638689918805
17.0,explicit,0.0,0.42857142857142855,-0.0600638689918805
17.0,explicit,0.0,0.5,-0.0600638689918805
17.0,explicit,0.0,0.5714285714285714,-0.0600638689918805
17.0,explicit,0.0,0.6428571428571428,-0.0600638689918805
17.0,explicit,0.0,0.7142857142857142,-0.0600638689918805
17.0,explicit,0.0,0.7857142857142857,-0.0600638689918805
17.0,explicit,0.0,0.8571428571428571,-0.0600638689918805
17.0,explicit,0.0,0.9285714285714285,-0.0600638689918805
17.0,explicit,0.0,1.0,-0.0600638689918805
17.0,explicit,0.07142857142857142,0.0,-0.0600638689918805
17.0,explicit,0.07142857142857142,0.07142857142857142,0.008491025433121819
17.0,explicit,0.07142857142857142,0.14285714285714285,0.03420811131220034
17.0,explicit,0.07142857142857142,0.21428571428571427,0.05498727130996561
17.0,explicit,0.07142857142857142,0.2857142857142857,0.07535253475102639
17.0,explicit,0.07142857142857142,0.3571428571428571,0.09554337490428397
17.0,explicit,0.07142857142857142,0.42857142857142855,0.11420284486960987
17.0,explicit,0.07142857142857142,0.5,0.12484426376365208
17.0,explicit,0.07142857142857142,0.5714285714285714,0.1142028448696099
17.0,explicit,0.07142857142857142,0.6428571428571428,0.095543374904284
17.0,explicit,0.07142857142857142,0.7142857142857142,0.07535253475102642
17.0,explicit,0.07142857142857142,0.7857142857142857,0.05498727130996564
17.0,explicit,0.07142857142857142,0.8571428571428571,0.034208111312200355
17.0,explicit,0.07142857142857142,0.9285714285714285,0.008491025433121835
17.0,explicit,0.07142857142857142,1.0,-0.0600638689918805
17.0,explicit,0.14285714285714285,0.0,-0.0600638689918805
17.0,explicit,0.14285714285714285,0.07142857142857142,0.03420811131220034
17.0,explicit,0.14285714285714285,0.14285714285714285,0.08112096355135134
17.0,explicit,0.14285714285714285,0.21428571428571427,0.12226553314384103
17.0,explicit,0.14285714285714285,0.2857142857142857,0.16299965763874746
17.0,explicit,0.14285714285714285,0.3571428571428571,0.20338515613522962
17.0,explicit,0.14285714285714285,0.42857142857142855,0.24070446174830507
17.0,explicit,0.14285714285714285,0.5,0.2619872877721582
17.0,explicit,0.14285714285714285,0.5714285714285714,0.24070446174830512
17.0,explicit,0.14285714285714285,0.6428571428571428,0.20338515613522967
17.0,explicit,0.14285714285714285,0.7142857142857142,0.16299965763874752
17.0,explicit,0.14285714285714285,0.7857142857142857,0.12226553314384105
17.0,explicit,0.14285714285714285,0.8571428571428571,0.08112096355135137
17.0,explicit,0.14285714285714285,0.9285714285714285,0.03420811131220036
17.0,explicit,0.14285714285714285,1.0,-0.0600638689918805
17.0,explicit,0.21428571428571427,0.0,-0.0600638689918805
17.0,explicit,0.21428571428571427,0.07142857142857142,0.05498727130996562
17.0,explicit,0.21428571428571427,0.14285714285714285,0.12226553314384103
17.0,explicit,0.21428571428571427,0.21428571428571427,0.18378644217170026
17.0,explicit,0.21428571428571427,0.2857142857142857,0.24490373951847427
17.0,explicit,0.21428571428571427,0.3571428571428571,0.3054848203991394
17.0,explicit,0.21428571428571427,0.42857142857142855,0.36146299546329197
17.0,explicit,0.21428571428571427,0.5,0.39338654977419374
17.0,explicit,0.21428571428571427,0.5714285714285714,0.361462995463292
17.0,explicit,0.21428571428571427,0.6428571428571428,0.3054848203991395
17.0,explicit,0.21428571428571427,0.7142857142857142,0.24490373951847433
17.0,explicit,0.21428571428571427,0.7857142857142857,0.1837864421717003
17.0,explicit,0.21428571428571427,0.8571428571428571,0.12226553314384109
17.0,explicit,0.21428571428571427,0.9285714285714285,0.05498727130996567
17.0,explicit,0.21428571428571427,1.0,-0.0600638689918805
17.0,explicit,0.2857142857142857,0.0,-0.0600638689918805
17.0,explicit,0.2857142857142857,0.07142857142857142,0.0753525347510264
17.0,explicit,0.2857142857142857,0.14285714285714285,0.16299965763874746
17.0,explicit,0.2857142857142857,0.21428571428571427,0.24490373951847427
17.0,explicit,0.2857142857142857,0.2857142857142857,0.3263911202612734
17.0,explicit,0.2857142857142857,0.3571428571428571,0.4071509168459809
17.0,explicit,0.2857142857142857,0.42857142857142855,0.48177180141248194
17.0,explicit,0.2857142857142857,0.5,0.5243264370463785
17.0,explicit,0.2857142857142857,0.5714285714285714,0.481771801412482
17.0,explicit,0.2857142857142857,0.6428571428571428,0.40715091684598104
17.0,explicit,0.2857142857142857,0.7142857142857142,0.3263911202612735
17.0,explicit,0.2857142857142857,0.7857142857142857,0.24490373951847436
17.0,explicit,0.2857142857142857,0.8571428571428571,0.16299965763874752
17.0,explicit,0.2857142857142857,0.9285714285714285,0.07535253475102648
17.0,explicit,0.2857142857142857,1.0,-0.0600638689918805
17.0,explicit,0.3571428571428571,0.0,-0.0600638689918805
17.0,explicit,0.3571428571428571,0.07142857142857142,0.09554337490428397
17.0,explicit,0.3571428571428571,0.14285714285714285,0.20338515613522962
17.0,explicit,0.3571428571428571,0.21428571428571427,0.3054848203991394
17.0,explicit,0.3571428571428571,0.2857142857142857,0.4071509168459809
17.0,explicit,0.3571428571428571,0.3571428571428571,0.5078989996279764
17.0,explicit,0.3571428571428571,0.42857142857142855,0.6009850297551846
17.0,explicit,0.3571428571428571,0.5,0.6540663763514286
17.0,explicit,0.3571428571428571,0.5714285714285714,0.6009850297551846
17.0,explicit,0.3571428571428571,0.6428571428571428,0.5078989996279765
17.0,explicit,0.3571428571428571,0.7142857142857142,0.4071509168459811
17.0,explicit,0.3571428571428571,0.7857142857142857,0.3054848203991395
17.0,explicit,0.3571428571428571,0.8571428571428571,0.2033851561352297
17.0,explicit,0.3571428571428571,0.9285714285714285,0.09554337490428404
17.0,explicit,0.3571428571428571,1.0,-0.0600638689918805
17.0,explicit,0.42857142857142855,0.0,-0.0600638689918805
17.0,explicit,0.42857142857142855,0.07142857142857142,0.11420284486960987
17.0,explicit,0.42857142857142855,0.14285714285714285,0.24070446174830507
17.0,explicit,0.42857142857142855,0.21428571428571427,0.36146299546329197
17.0,explicit,0.42857142857142855,0.2857142857142857,0.48177180141248194
17.0,explicit,0.42857142857142855,0.3571428571428571,0.6009850297551846
17.0,explicit,0.42857142857142855,0.42857142857142855,0.7111217532608567
17.0,explicit,0.42857142857142855,0.5,0.7739093846262642
17.0,explicit,0.42857142857142855,0.5714285714285714,0.7111217532608566
17.0,explicit,0.42857142857142855,0.6428571428571428,0.6009850297551848
17.0,explicit,0.42857142857142855,0.7142857142857142,0.4817718014124821
17.0,explicit,0.42857142857142855,0.7857142857142857,0.361462995463292
17.0,explicit,0.42857142857142855,0.8571428571428571,0.24070446174830518
17.0,explicit,0.42857142857142855,0.9285714285714285,0.11420284486960999
17.0,explicit,0.42857142857142855,1.0,-0.0600638689918805
17.0,explicit,0.5,0.0,-0.0600638689918805
17.0,explicit,0.5,0.07142857142857142,0.12484426376365207
17.0,explicit,0.5,0.14285714285714285,0.2619872877721582
17.0,explicit,0.5,0.21428571428571427,0.39338654977419374
17.0,explicit,0.5,0.2857142857142857,0.5243264370463785
17.0,explicit,0.5,0.3571428571428571,0.6540663763514286
17.0,explicit,0.5,0.42857142857142855,0.7739093846262642
17.0,explicit,0.5,0.5,0.8421964091535761
17.0,explicit,0.5,0.5714285714285714,0.7739093846262644
17.0,explicit,0.5,0.6428571428571428,0.6540663763514287
17.0,explicit,0.5,0.7142857142857142,0.5243264370463787
17.0,explicit,0.5,0.7857142857142857,0.39338654977419385
17.0,explicit,0.5,0.8571428571428571,0.2619872877721583
17.0,explicit,0.5,0.9285714285714285,0.12484426376365218
17.0,explicit,0.5,1.0,-0.0600638689918805
17.0,explicit,0.5714285714285714,0.0,-0.0600638689918805
17.0,explicit,0.5714285714285714,0.07142857142857142,0.1142028448696099
17.0,explicit,0.5714285714285714,0.14285714285714285,0.24070446174830512
17.0,explicit,0.5714285714285714,0.21428571428571427,0.361462995463292
17.0,explicit,0.5714285714285714,0.2857142857142857,0.481771801412482
17.0,explicit,0.5714285714285714,0.3571428571428571,0.6009850297551846
17.0,explicit,0.5714285714285714,0.42857142857142855,0.7111217532608566
17.0,explicit,0.5714285714285714,0.5,0.7739093846262644
17.0,explicit,0.5714285714285714,0.5714285714285714,0.7111217532608567
17.0,explicit,0.5714285714285714,0.6428571428571428,0.6009850297551849
17.0,explicit,0.5714285714285714,0.7142857142857142,0.48177180141248216
17.0,explicit,0.5714285714285714,0.7857142857142857,0.3614629954632921
17.0,explicit,0.5714285714285714,0.8571428571428571,0.2407044617483052
17.0,explicit,0.5714285714285714,0.9285714285714285,0.11420284486960999
17.0,explicit,0.5714285714285714,1.0,-0.0600638689918805
17.0,explicit,0.6428571428571428,0.0,-0.0600638689918805
17.0,explicit,0.6428571428571428,0.07142857142857142,0.095543374904284
17.0,explicit,0.6428571428571428,0.14285714285714285,0.20338515613522967
17.0,explicit,0.6428571428571428,0.21428571428571427,0.3054848203991395
17.0,explicit,0.6428571428571428,0.2857142857142857,0.40715091684598104
17.0,explicit,0.6428571428571428,0.3571428571428571,0.5078989996279765
17.0,explicit,0.6428571428571428,0.42857142857142855,0.6009850297551848
17.0,explicit,0.6428571428571428,0.5,0.6540663763514287
17.0,explicit,0.6428571428571428,0.5714285714285714,0.6009850297551849
17.0,explicit,0.6428571428571428,0.6428571428571428,0.5078989996279767
17.0,explicit,0.6428571428571428,0.7142857142857142,0.4071509168459812
17.0,explicit,0.6428571428571428,0.7857142857142857,0.30548482039913954
17.0,explicit,0.6428571428571428,0.8571428571428571,0.20338515613522976
17.0,explicit,0.6428571428571428,0.9285714285714285,0.09554337490428406
17.0,explicit,0.6428571428571428,1.0,-0.0600638689918805
17.0,explicit,0.7142857142857142,0.0,-0.0600638689918805
17.0,explicit,0.7142857142857142,0.07142857142857142,0.07535253475102642
17.0,explicit,0.7142857142857142,0.14285714285714285,0.16299965763874752
17.0,explicit,0.7142857142857142,0.21428571428571427,0.24490373951847433
17.0,explicit,0.7142857142857142,0.2857142857142857,0.3263911202612735
17.0,explicit,0.7142857142857142,0.3571428571428571,0.4071509168459811
17.0,explicit,0.7142857142857142,0.42857142857142855,0.4817718014124821
17.0,explicit,0.7142857142857142,0.5,0.5243264370463787
17.0,explicit,0.7142857142857142,0.5714285714285714,0.48177180141248216
17.0,explicit,0.7142857142857142,0.6428571428571428,0.4071509168459812
17.0,explicit,0.7142857142857142,0.7142857142857142,0.32639112026127365
17.0,explicit,0.7142857142857142,0.7857142857142857,0.2449037395184744
17.0,explicit,0.7142857142857142,0.8571428571428571,0.1629996576387476
17.0,explicit,0.7142857142857142,0.9285714285714285,0.0753525347510265
17.0,explicit,0.7142857142857142,1.0,-0.0600638689918805
17.0,explicit,0.7857142857142857,0.0,-0.0600638689918805
17.0,explicit,0.7857142857142857,0.07142857142857142,0.054987271309965634
17.0,explicit,0.7857142857142857,0.14285714285714285,0.12226553314384105
17.0,explicit,0.7857142857142857,0.21428571428571427,0.1837864421717003
17.0,explicit,0.7857142857142857,0.2857142857142857,0.24490373951847436
17.0,explicit,0.7857142857142857,0.3571428571428571,0.3054848203991395
17.0,explicit,0.7857142857142857,0.42857142857142855,0.361462995463292
17.0,explicit,0.7857142857142857,0.5,0.39338654977419385
17.0,explicit,0.7857142857142857,0.5714285714285714,0.3614629954632921
17.0,explicit,0.7857142857142857,0.6428571428571428,0.30548482039913954
17.0,explicit,0.7857142857142857,0.7142857142857142,0.2449037395184744
17.0,explicit,0.7857142857142857,0.7857142857142857,0.18378644217170031
17.0,explicit,0.7857142857142857,0.8571428571428571,0.1222655331438411
17.0,explicit,0.7857142857142857,0.9285714285714285,0.054987271309965675
17.0,explicit,0.7857142857142857,1.0,-0.0600638689918805
17.0,explicit,0.8571428571428571,0.0,-0.0600638689918805
17.0,explicit,0.8571428571428571,0.07142857142857142,0.034208111312200355
17.0,explicit,0.8571428571428571,0.14285714285714285,0.08112096355135137
17.0,explicit,0.8571428571428571,0.21428571428571427,0.12226553314384109
17.0,explicit,0.8571428571428571,0.2857142857142857,0.16299965763874752
17.0,explicit,0.8571428571428571,0.3571428571428571,0.2033851561352297
17.0,explicit,0.8571428571428571,0.42857142857142855,0.24070446174830518
17.0,explicit,0.8571428571428571,0.5,0.2619872877721583
17.0,explicit,0.8571428571428571,0.5714285714285714,0.2407044617483052
17.0,explicit,0.8571428571428571,0.6428571428571428,0.20338515613522976
17.0,explicit,0.8571428571428571,0.7142857142857142,0.1629996576387476
17.0,explicit,0.8571428571428571,0.7857142857142857,0.1222655331438411
17.0,explicit,0.8571428571428571,0.8571428571428571,0.08112096355135139
17.0,explicit,0.8571428571428571,0.9285714285714285,0.034208111312200376
17.0,explicit,0.8571428571428571,1.0,-0.0600638689918805
17.0,explicit,0.9285714285714285,0.0,-0.0600638689918805
17.0,explicit,0.9285714285714285,0.07142857142857142,0.008491025433121833
17.0,explicit,0.9285714285714285,0.14285714285714285,0.03420811131220036
17.0,explicit,0.9285714285714285,0.21428571428571427,0.05498727130996567
17.0,explicit,0.9285714285714285,0.2857142857142857,0.07535253475102648
17.0,explicit,0.9285714285714285,0.3571428571428571,0.09554337490428404
17.0,explicit,0.9285714285714285,0.42857142857142855,0.11420284486960999
17.0,explicit,0.9285714285714285,0.5,0.1248442637636522
17.0,explicit,0.9285714285714285,0.5714285714285714,0.11420284486960999
17.0,explicit,0.9285714285714285,0.6428571428571428,0.09554337490428408
17.0,explicit,0.9285714285714285,0.7142857142857142,0.07535253475102649
17.0,explicit,0.9285714285714285,0.7857142857142857,0.054987271309965675
17.0,explicit,0.9285714285714285,0.8571428571428571,0.034208111312200376
17.0,explicit,0.9285714285714285,0.9285714285714285,0.008491025433121847
17.0,explicit,0.9285714285714285,1.0,-0.0600638689918805
17.0,explicit,1.0,0.0,-0.0600638689918805
17.0,explicit,1.0,0.07142857142857142,-0.0600638689918805
17.0,explicit,1.0,0.14285714285714285,-0.0600638689918805
17.0,explicit,1.0,0.21428571428571427,-0.0600638689918805
17.0,explicit,1.0,0.2857142857142857,-0.0600638689918805
17.0,explicit,1.0,0.3571428571428571,-0.0600638689918805
17.0,explicit,1.0,0.42857142857142855,-0.0600638689918805
17.0,explicit,1.0,0.5,-0.0600638689918805
17.0,explicit,1.0,0.5714285714285714,-0.0600638689918805
17.0,explicit,1.0,0.6428571428571428,-0.0600638689918805
17.0,explicit,1.0,0.7142857142857142,-0.0600638689918805
17.0,explicit,1.0,0.7857142857142857,-0.0600638689918805
17.0,explicit,1.0,0.8571428571428571,-0.0600638689918805
17.0,explicit,1.0,0.9285714285714285,-0.0600638689918805
17.0,explicit,1.0,1.0,-0.0600638689918805
18.0,explicit,0.0,0.0,-0.060170661222939695
18.0,explicit,0.0,0.07142857142857142,-0.060170661222939695
18.0,explicit,0.0,0.14285714285714285,-0.060170661222939695
18.0,explicit,0.0,0.21428571428571427,-0.060170661222939695
18.0,explicit,0.0,0.2857142857142857,-0.060170661222939695
18.0,explicit,0.0,0.3571428571428571,-0.060170661222939695
18.0,explicit,0.0,0.42857142857142855,-0.060170661222939695
18.0,explicit,0.0,0.5,-0.060170661222939695
18.0,explicit,0.0,0.5714285714285714,-0.060170661222939695
18.0,explicit,0.0,0.6428571428571428,-0.060170661222939695
18.0,explicit,0.0,0.7142857142857142,-0.060170661222939695
18.0,explicit,0.0,0.7857142857142857,-0.060170661222939695
18.0,explicit,0.0,0.8571428571428571,-0.060170661222939695
18.0,explicit,0.0,0.9285714285714285,-0.060170661222939695
18.0,explicit,0.0,1.0,-0.060170661222939695
18.0,explicit,0.07142857142857142,0.0,-0.060170661222939695
18.0,explicit,0.07142857142857142,0.07142857142857142,0.007035399050916489
18.0,explicit,0.07142857142857142,0.14285714285714285,0.03321087812187795
18.0,explicit,0.07142857142857142,0.21428571428571427,0.05410683321008652
18.0,explicit,0.07142857142857142,0.2857142857142857,0.07447910250886619
18.0,explicit,0.07142857142857142,0.3571428571428571,0.09463221978879623
18.0,explicit,0.07142857142857142,0.42857142857142855,0.1131137428159691
18.0,explicit,0.07142857142857142,0.5,0.12339812828545299
18.0,explicit,0.07142857142857142,0.5714285714285714,0.11311374281596913
18.0,explicit,0.07142857142857142,0.6428571428571428,0.09463221978879625
18.0,explicit,0.07142857142857142,0.7142857142857142,0.07447910250886622
18.0,explicit,0.07142857142857142,0.7857142857142857,0.054106833210086545
18.0,explicit,0.07142857142857142,0.8571428571428571,0.033210878121877965
18.0,explicit,0.07142857142857142,0.9285714285714285,0.007035399050916504
18.0,explicit,0.07142857142857142,1.0,-0.060170661222939695
18.0,explicit,0.14285714285714285,0.0,-0.060170661222939695
18.0,explicit,0.14285714285714285,0.07142857142857142,0.03321087812187795
18.0,explicit,0.14285714285714285,0.14285714285714285,0.08079174279869572
18.0,explicit,0.14285714285714285,0.21428571428571427,0.1220887514454217
18.0,explicit,0.14285714285714285,0.2857142857142857,0.16282541936550873
18.0,explicit,0.14285714285714285,0.3571428571428571,0.20313511822312466
18.0,explicit,0.14285714285714285,0.42857142857142855,0.2400985624659431
18.0,explicit,0.14285714285714285,0.5,0.26066731381610236
18.0,explicit,0.14285714285714285,0.5714285714285714,0.24009856246594316
18.0,explicit,0.14285714285714285,0.6428571428571428,0.20313511822312472
18.0,explicit,0.14285714285714285,0.7142857142857142,0.16282541936550876
18.0,explicit,0.14285714285714285,0.7857142857142857,0.12208875144542171
18.0,explicit,0.14285714285714285,0.8571428571428571,0.08079174279869575
18.0,explicit,0.14285714285714285,0.9285714285714285,0.03321087812187797
18.0,explicit,0.14285714285714285,1.0,-0.060170661222939695
18.0,explicit,0.21428571428571427,0.0,-0.060170661222939695
18.0,explicit,0.21428571428571427,0.07142857142857142,0.054106833210086525
18.0,explicit,0.21428571428571427,0.14285714285714285,0.1220887514454217
18.0,explicit,0.21428571428571427,0.21428571428571427,0.18376227006207574
18.0,explicit,0.21428571428571427,0.2857142857142857,0.24487584615131386
18.0,explicit,0.21428571428571427,0.3571428571428571,0.30534291729085855
18.0,explicit,0.21428571428571427,0.42857142857142855,0.3607869772607549
18.0,explicit,0.21428571428571427,0.5,0.3916392084808363
18.0,explicit,0.21428571428571427,0.5714285714285714,0.360786977260755
18.0,explicit,0.21428571428571427,0.6428571428571428,0.30534291729085866
18.0,explicit,0.21428571428571427,0.7142857142857142,0.24487584615131391
18.0,explicit,0.21428571428571427,0.7857142857142857,0.18376227006207582
18.0,explicit,0.21428571428571427,0.8571428571428571,0.12208875144542175
18.0,explicit,0.21428571428571427,0.9285714285714285,0.05410683321008657
18.0,explicit,0.21428571428571427,1.0,-0.060170661222939695
18.0,explicit,0.2857142857142857,0.0,-0.060170661222939695
18.0,explicit,0.2857142857142857,0.07142857142857142,0.0744791025088662
18.0,explicit,0.2857142857142857,0.14285714285714285,0.16282541936550873
18.0,explicit,0.2857142857142857,0.21428571428571427,0.24487584615131386
18.0,explicit,0.2857142857142857,0.2857142857142857,0.32634935562739004
18.0,explicit,0.2857142857142857,0.3571428571428571,0.4069526352180661
18.0,explicit,0.2857142857142857,0.42857142857142855,0.4808571764820004
18.0,explicit,0.2857142857142857,0.5,0.5219811917278186
18.0,explicit,0.2857142857142857,0.5714285714285714,0.48085717648200044
18.0,explicit,0.2857142857142857,0.6428571428571428,0.40695263521806624
18.0,explicit,0.2857142857142857,0.7142857142857142,0.3263493556273901
18.0,explicit,0.2857142857142857,0.7857142857142857,0.24487584615131394
18.0,explicit,0.2857142857142857,0.8571428571428571,0.1628254193655088
18.0,explicit,0.2857142857142857,0.9285714285714285,0.07447910250886626
18.0,explicit,0.2857142857142857,1.0,-0.060170661222939695
18.0,explicit,0.3571428571428571,0.0,-0.060170661222939695
18.0,explicit,0.3571428571428571,0.07142857142857142,0.09463221978879623
18.0,explicit,0.3571428571428571,0.14285714285714285,0.20313511822312466
18.0,explicit,0.3571428571428571,0.21428571428571427,0.30534291729085855
18.0,explicit,0.3571428571428571,0.2857142857142857,0.4069526352180661
18.0,explicit,0.3571428571428571,0.3571428571428571,0.5074697640321868
18.0,explicit,0.3571428571428571,0.42857142857142855,0.5996290607700587
18.0,explicit,0.3571428571428571,0.5,0.6509071326058574
18.0,explicit,0.3571428571428571,0.5714285714285714,0.5996290607700587
18.0,explicit,0.3571428571428571,0.6428571428571428,0.5074697640321869
18.0,explicit,0.3571428571428571,0.7142857142857142,0.4069526352180663
18.0,explicit,0.3571428571428571,0.7857142857142857,0.30534291729085866
18.0,explicit,0.3571428571428571,0.8571428571428571,0.20313511822312474
18.0,explicit,0.3571428571428571,0.9285714285714285,0.0946322197887963
18.0,explicit,0.3571428571428571,1.0,-0.060170661222939695
18.0,explicit,0.42857142857142855,0.0,-0.060170661222939695
18.0,explicit,0.42857142857142855,0.07142857142857142,0.1131137428159691
18.0,explicit,0.42857142857142855,0.14285714285714285,0.2400985624659431
18.0,explicit,0.42857142857142855,0.21428571428571427,0.3607869772607549
18.0,explicit,0.42857142857142855,0.2857142857142857,0.4808571764820004
18.0,explicit,0.42857142857142855,0.3571428571428571,0.5996290607700587
18.0,explicit,0.42857142857142855,0.42857142857142855,0.7085144770441911
18.0,explicit,0.42857142857142855,0.5,0.7690827076082077
18.0,explicit,0.42857142857142855,0.5714285714285714,0.708514477044191
18.0,explicit,0.42857142857142855,0.6428571428571428,0.5996290607700588
18.0,explicit,0.42857142857142855,0.7142857142857142,0.48085717648200055
18.0,explicit,0.42857142857142855,0.7857142857142857,0.360786977260755
18.0,explicit,0.42857142857142855,0.8571428571428571,0.24009856246594322
18.0,explicit,0.42857142857142855,0.9285714285714285,0.1131137428159692
18.0,explicit,0.42857142857142855,1.0,-0.060170661222939695
18.0,explicit,0.5,0.0,-0.060170661222939695
18.0,explicit,0.5,0.07142857142857142,0.12339812828545299
18.0,explicit,0.5,0.14285714285714285,0.26066731381610236
18.0,explicit,0.5,0.21428571428571427,0.3916392084808363
18.0,explicit,0.5,0.2857142857142857,0.5219811917278186
18.0,explicit,0.5,0.3571428571428571,0.6509071326058574
18.0,explicit,0.5,0.42857142857142855,0.7690827076082077
18.0,explicit,0.5,0.5,0.8347878029973472
18.0,explicit,0.5,0.5714285714285714,0.7690827076082078
18.0,explicit,0.5,0.6428571428571428,0.6509071326058575
18.0,explicit,0.5,0.7142857142857142,0.5219811917278188
18.0,explicit,0.5,0.7857142857142857,0.3916392084808364
18.0,explicit,0.5,0.8571428571428571,0.2606673138161025
18.0,explicit,0.5,0.9285714285714285,0.12339812828545309
18.0,explicit,0.5,1.0,-0.060170661222939695
18.0,explicit,0.5714285714285714,0.0,-0.060170661222939695
18.0,explicit,0.5714285714285714,0.07142857142857142,0.11311374281596913
18.0,explicit,0.5714285714285714,0.14285714285714285,0.24009856246594316
18.0,explicit,0.5714285714285714,0.21428571428571427,0.360786977260755
18.0,explicit,0.5714285714285714,0.2857142857142857,0.48085717648200044
18.0,explicit,0.5714285714285714,0.3571428571428571,0.5996290607700587
18.0,explicit,0.5714285714285714,0.42857142857142855,0.708514477044191
18.0,explicit,0.5714285714285714,0.5,0.7690827076082078
18.0,explicit,0.5714285714285714,0.5714285714285714,0.7085144770441911
18.0,explicit,0.5714285714285714,0.6428571428571428,0.599629060770059
18.0,explicit,0.5714285714285714,0.7142857142857142,0.4808571764820006
18.0,explicit,0.5714285714285714,0.7857142857142857,0.36078697726075504
18.0,explicit,0.5714285714285714,0.8571428571428571,0.24009856246594324
18.0,explicit,0.5714285714285714,0.9285714285714285,0.1131137428159692
18.0,explicit,0.5714285714285714,1.0,-0.060170661222939695
18.0,explicit,0.6428571428571428,0.0,-0.060170661222939695
18.0,explicit,0.6428571428571428,0.07142857142857142,0.09463221978879625
18.0,explicit,0.6428571428571428,0.14285714285714285,0.20313511822312472
18.0,explicit,0.6428571428571428,0.21428571428571427,0.30534291729085866
18.0,explicit,0.6428571428571428,0.2857142857142857,0.40695263521806624
18.0,explicit,0.6428571428571428,0.3571428571428571,0.5074697640321869
18.0,explicit,0.6428571428571428,0.42857142857142855,0.5996290607700588
18.0,explicit,0.6428571428571428,0.5,0.6509071326058575
18.0,explicit,0.6428571428571428,0.5714285714285714,0.599629060770059
18.0,explicit,0.6428571428571428,0.6428571428571428,0.5074697640321871
18.0,explicit,0.6428571428571428,0.7142857142857142,0.4069526352180664
18.0,explicit,0.6428571428571428,0.7857142857142857,0.3053429172908587
18.0,explicit,0.6428571428571428,0.8571428571428571,0.2031351182231248
18.0,explicit,0.6428571428571428,0.9285714285714285,0.09463221978879632
18.0,explicit,0.6428571428571428,1.0,-0.060170661222939695
18.0,explicit,0.7142857142857142,0.0,-0.060170661222939695
18.0,explicit,0.7142857142857142,0.07142857142857142,0.07447910250886622
18.0,explicit,0.7142857142857142,0.14285714285714285,0.16282541936550876
18.0,explicit,0.7142857142857142,0.21428571428571427,0.24487584615131391
18.0,explicit,0.7142857142857142,0.2857142857142857,0.3263493556273901
18.0,explicit,0.7142857142857142,0.3571428571428571,0.4069526352180663
18.0,explicit,0.7142857142857142,0.42857142857142855,0.48085717648200055
18.0,explicit,0.7142857142857142,0.5,0.5219811917278188
18.0,explicit,0.7142857142857142,0.5714285714285714,0.4808571764820006
18.0,explicit,0.7142857142857142,0.6428571428571428,0.4069526352180664
18.0,explicit,0.7142857142857142,0.7142857142857142,0.32634935562739026
18.0,explicit,0.7142857142857142,0.7857142857142857,0.244875846151314
18.0,explicit,0.7142857142857142,0.8571428571428571,0.16282541936550884
18.0,explicit,0.7142857142857142,0.9285714285714285,0.07447910250886629
18.0,explicit,0.7142857142857142,1.0,-0.060170661222939695
18.0,explicit,0.7857142857142857,0.0,-0.060170661222939695
18.0,explicit,0.7857142857142857,0.07142857142857142,0.05410683321008654
18.0,explicit,0.7857142857142857,0.14285714285714285,0.12208875144542171
18.0,explicit,0.7857142857142857,0.21428571428571427,0.18376227006207582
18.0,explicit,0.7857142857142857,0.2857142857142857,0.24487584615131394
18.0,explicit,0.7857142857142857,0.3571428571428571,0.30534291729085866
18.0,explicit,0.7857142857142857,0.42857142857142855,0.360786977260755
18.0,explicit,0.7857142857142857,0.5,0.3916392084808364
18.0,explicit,0.7857142857142857,0.5714285714285714,0.36078697726075504
18.0,explicit,0.7857142857142857,0.6428571428571428,0.3053429172908587
18.0,explicit,0.7857142857142857,0.7142857142857142,0.244875846151314
18.0,explicit,0.7857142857142857,0.7857142857142857,0.18376227006207585
18.0,explicit,0.7857142857142857,0.8571428571428571,0.12208875144542176
18.0,explicit,0.7857142857142857,0.9285714285714285,0.05410683321008658
18.0,explicit,0.7857142857142857,1.0,-0.060170661222939695
18.0,explicit,0.8571428571428571,0.0,-0.060170661222939695
18.0,explicit,0.8571428571428571,0.07142857142857142,0.033210878121877965
18.0,explicit,0.8571428571428571,0.14285714285714285,0.08079174279869575
18.0,explicit,0.8571428571428571,0.21428571428571427,0.12208875144542175
18.0,explicit,0.8571428571428571,0.2857142857142857,0.1628254193655088
18.0,explicit,0.8571428571428571,0.3571428571428571,0.20313511822312474
18.0,explicit,0.8571428571428571,0.42857142857142855,0.24009856246594322
18.0,explicit,0.8571428571428571,0.5,0.2606673138161025
18.0,explicit,0.8571428571428571,0.5714285714285714,0.24009856246594324
18.0,explicit,0.8571428571428571,0.6428571428571428,0.2031351182231248
18.0,explicit,0.8571428571428571,0.7142857142857142,0.16282541936550884
18.0,explicit,0.8571428571428571,0.7857142857142857,0.12208875144542176
18.0,explicit,0.8571428571428571,0.8571428571428571,0.08079174279869576
18.0,explicit,0.8571428571428571,0.9285714285714285,0.033210878121877986
18.0,explicit,0.8571428571428571,1.0,-0.060170661222939695
18.0,explicit,0.9285714285714285,0.0,-0.060170661222939695
18.0,explicit,0.9285714285714285,0.07142857142857142,0.007035399050916503
18.0,explicit,0.9285714285714285,0.14285714285714285,0.03321087812187797
18.0,explicit,0.9285714285714285,0.21428571428571427,0.05410683321008657
18.0,explicit,0.9285714285714285,0.2857142857142857,0.07447910250886626
18.0,explicit,0.9285714285714285,0.3571428571428571,0.0946322197887963
18.0,explicit,0.9285714285714285,0.42857142857142855,0.1131137428159692
18.0,explicit,0.9285714285714285,0.5,0.1233981282854531
18.0,explicit,0.9285714285714285,0.5714285714285714,0.11311374281596921
18.0,explicit,0.9285714285714285,0.6428571428571428,0.09463221978879634
18.0,explicit,0.9285714285714285,0.7142857142857142,0.07447910250886627
18.0,explicit,0.9285714285714285,0.7857142857142857,0.05410683321008658
18.0,explicit,0.9285714285714285,0.8571428571428571,0.033210878121877986
18.0,explicit,0.9285714285714285,0.9285714285714285,0.007035399050916515
18.0,explicit,0.9285714285714285,1.0,-0.060170661222939695
18.0,explicit,1.0,0.0,-0.060170661222939695
18.0,explicit,1.0,0.07142857142857142,-0.060170661222939695
18.0,explicit,1.0,0.14285714285714285,-0.060170661222939695
18.0,explicit,1.0,0.21428571428571427,-0.060170661222939695
18.0,explicit,1.0,0.2857142857142857,-0.060170661222939695
18.0,explicit,1.0,0.3571428571428571,-0.060170661222939695
18.0,explicit,1.0,0.42857142857142855,-0.060170661222939695
18.0,explicit,1.0,0.5,-0.060170661222939695
18.0,explicit,1.0,0.5714285714285714,-0.060170661222939695
18.0,explicit,1.0,0.6428571428571428,-0.060170661222939695
18.0,explicit,1.0,0.7142857142857142,-0.060170661222939695
18.0,explicit,1.0,0.7857142857142857,-0.060170661222939695
18.0,explicit,1.0,0.8571428571428571,-0.060170661222939695
18.0,explicit,1.0,0.9285714285714285,-0.060170661222939695
18.0,explicit,1.0,1.0,-0.060170661222939695
19.0,explicit,0.0,0.0,-0.0013497224737933921
19.0,explicit,0.0,0.07142857142857142,-0.0013497224737933921
19.0,explicit,0.0,0.14285714285714285,-0.0013497224737933921
19.0,explicit,0.0,0.21428571428571427,-0.0013497224737933921
19.0,explicit,0.0,0.2857142857142857,-0.0013497224737933921
19.0,explicit,0.0,0.3571428571428571,-0.0013497224737933921
19.0,explicit,0.0,0.42857142857142855,-0.0013497224737933921
19.0,explicit,0.0,0.5,-0.0013497224737933921
19.0,explicit,0.0,0.5714285714285714,-0.0013497224737933921
19.0,explicit,0.0,0.6428571428571428,-0.0013497224737933921
19.0,explicit,0.0,0.7142857142857142,-0.0013497224737933921
19.0,explicit,0.0,0.7857142857142857,-0.0013497224737933921
19.0,explicit,0.0,0.8571428571428571,-0.0013497224737933921
19.0,explicit,0.0,0.9285714285714285,-0.0013497224737933921
19.0,explicit,0.0,1.0,-0.0013497224737933921
19.0,explicit,0.07142857142857142,0.0,-0.0013497224737933921
19.0,explicit,0.07142857142857142,0.07142857142857142,0.011551059729047868
19.0,explicit,0.07142857142857142,0.14285714285714285,0.035184075563332834
19.0,explicit,0.07142857142857142,0.21428571428571427,0.05620046115715194
19.0,explicit,0.07142857142857142,0.2857142857142857,0.0765811871867573
19.0,explicit,0.07142857142857142,0.3571428571428571,0.09669399340961744
19.0,explicit,0.07142857142857142,0.42857142857142855,0.11499666998101311
19.0,explicit,0.07142857142857142,0.5,0.12494797260216302
19.0,explicit,0.07142857142857142,0.5714285714285714,0.11499666998101314
19.0,explicit,0.07142857142857142,0.6428571428571428,0.09669399340961747
19.0,explicit,0.07142857142857142,0.7142857142857142,0.07658118718675733
19.0,explicit,0.07142857142857142,0.7857142857142857,0.056200461157151965
19.0,explicit,0.07142857142857142,0.8571428571428571,0.03518407556333285
19.0,explicit,0.07142857142857142,0.9285714285714285,0.011551059729047882
19.0,explicit,0.07142857142857142,1.0,-0.0013497224737933921
19.0,explicit,0.14285714285714285,0.0,-0.0013497224737933921
19.0,explicit,0.14285714285714285,0.07142857142857142,0.035184075563332834
19.0,explicit,0.14285714285714285,0.14285714285714285,0.08043524921819833
19.0,explicit,0.14285714285714285,0.21428571428571427,0.12189318507480615
19.0,explicit,0.14285714285714285,0.2857142857142857,0.16263429635607088
19.0,explicit,0.14285714285714285,0.3571428571428571,0.20286274040198599
19.0,explicit,0.14285714285714285,0.42857142857142855,0.2394684996255585
19.0,explicit,0.14285714285714285,0.5,0.25937107345871496
19.0,explicit,0.14285714285714285,0.5714285714285714,0.23946849962555855
19.0,explicit,0.14285714285714285,0.6428571428571428,0.20286274040198604
19.0,explicit,0.14285714285714285,0.7142857142857142,0.1626342963560709
19.0,explicit,0.14285714285714285,0.7857142857142857,0.12189318507480616
19.0,explicit,0.14285714285714285,0.8571428571428571,0.08043524921819836
19.0,explicit,0.14285714285714285,0.9285714285714285,0.035184075563332855
19.0,explicit,0.14285714285714285,1.0,-0.0013497224737933921
19.0,explicit,0.21428571428571427,0.0,-0.0013497224737933921
19.0,explicit,0.21428571428571427,0.07142857142857142,0.056200461157151944
19.0,explicit,0.21428571428571427,0.14285714285714285,0.12189318507480615
19.0,explicit,0.21428571428571427,0.21428571428571427,0.18372940538252303
19.0,explicit,0.21428571428571427,0.2857142857142857,0.24484040734966556
19.0,explicit,0.21428571428571427,0.3571428571428571,0.3051849649420263
19.0,explicit,0.21428571428571427,0.42857142857142855,0.3600920789790369
19.0,explicit,0.21428571428571427,0.5,0.38994479292879286
19.0,explicit,0.21428571428571427,0.5714285714285714,0.36009207897903694
19.0,explicit,0.21428571428571427,0.6428571428571428,0.3051849649420264
19.0,explicit,0.21428571428571427,0.7142857142857142,0.2448404073496656
19.0,explicit,0.21428571428571427,0.7857142857142857,0.18372940538252305
19.0,explicit,0.21428571428571427,0.8571428571428571,0.1218931850748062
19.0,explicit,0.21428571428571427,0.9285714285714285,0.05620046115715199
19.0,explicit,0.21428571428571427,1.0,-0.0013497224737933921
19.0,explicit,0.2857142857142857,0.0,-0.0013497224737933921
19.0,explicit,0.2857142857142857,0.07142857142857142,0.07658118718675731
19.0,explicit,0.2857142857142857,0.14285714285714285,0.16263429635607088
19.0,explicit,0.2857142857142857,0.21428571428571427,0.24484040734966556
19.0,explicit,0.2857142857142857,0.2857142857142857,0.32629961492747367
19.0,explicit,0.2857142857142857,0.3571428571428571,0.406734195592207
19.0,explicit,0.2857142857142857,0.42857142857142855,0.4799180350762199
19.0,explicit,0.2857142857142857,0.5,0.5197069463880967
19.0,explicit,0.2857142857142857,0.5714285714285714,0.47991803507621994
19.0,explicit,0.2857142857142857,0.6428571428571428,0.40673419559220714
19.0,explicit,0.2857142857142857,0.7142857142857142,0.3262996149274737
19.0,explicit,0.2857142857142857,0.7857142857142857,0.24484040734966564
19.0,explicit,0.2857142857142857,0.8571428571428571,0.16263429635607093
19.0,explicit,0.2857142857142857,0.9285714285714285,0.07658118718675737
19.0,explicit,0.2857142857142857,1.0,-0.0013497224737933921
19.0,explicit,0.3571428571428571,0.0,-0.0013497224737933921
19.0,explicit,0.3571428571428571,0.07142857142857142,0.09669399340961746
19.0,explicit,0.3571428571428571,0.14285714285714285,0.20286274040198599
19.0,explicit,0.3571428571428571,0.21428571428571427,0.3051849649420263
19.0,explicit,0.3571428571428571,0.2857142857142857,0.406734195592207
19.0,explicit,0.3571428571428571,0.3571428571428571,0.5070025540833567
19.0,explicit,0.3571428571428571,0.42857142857142855,0.598227889246205
19.0,explicit,0.3571428571428571,0.5,0.6478217469869729
19.0,explicit,0.3571428571428571,0.5714285714285714,0.598227889246205
19.0,explicit,0.3571428571428571,0.6428571428571428,0.5070025540833568
19.0,explicit,0.3571428571428571,0.7142857142857142,0.4067341955922072
19.0,explicit,0.3571428571428571,0.7857142857142857,0.3051849649420264
19.0,explicit,0.3571428571428571,0.8571428571428571,0.20286274040198607
19.0,explicit,0.3571428571428571,0.9285714285714285,0.09669399340961753
19.0,explicit,0.3571428571428571,1.0,-0.0013497224737933921
19.0,explicit,0.42857142857142855,0.0,-0.0013497224737933921
19.0,explicit,0.42857142857142855,0.07142857142857142,0.11499666998101311
19.0,explicit,0.42857142857142855,0.14285714285714285,0.2394684996255585
19.0,explicit,0.42857142857142855,0.21428571428571427,0.3600920789790369
19.0,explicit,0.42857142857142855,0.2857142857142857,0.4799180350762199
19.0,explicit,0.42857142857142855,0.3571428571428571,0.598227889246205
19.0,explicit,0.42857142857142855,0.42857142857142855,0.7058563164778144
19.0,explicit,0.42857142857142855,0.5,0.7643516329706683
19.0,explicit,0.42857142857142855,0.5714285714285714,0.7058563164778143
19.0,explicit,0.42857142857142855,0.6428571428571428,0.5982278892462051
19.0,explicit,0.42857142857142855,0.7142857142857142,0.47991803507622005
19.0,explicit,0.42857142857142855,0.7857142857142857,0.36009207897903694
19.0,explicit,0.42857142857142855,0.8571428571428571,0.2394684996255586
19.0,explicit,0.42857142857142855,0.9285714285714285,0.11499666998101321
19.0,explicit,0.42857142857142855,1.0,-0.0013497224737933921
19.0,explicit,0.5,0.0,-0.0013497224737933921
19.0,explicit,0.5,0.07142857142857142,0.124947972602163
19.0,explicit,0.5,0.14285714285714285,0.25937107345871496
19.0,explicit,0.5,0.21428571428571427,0.38994479292879286
19.0,explicit,0.5,0.2857142857142857,0.5197069463880967
19.0,explicit,0.5,0.3571428571428571,0.6478217469869729
19.0,explicit,0.5,0.42857142857142855,0.7643516329706683
19.0,explicit,0.5,0.5,0.8276569360252619
19.0,explicit,0.5,0.5714285714285714,0.7643516329706684
19.0,explicit,0.5,0.6428571428571428,0.647821746986973
19.0,explicit,0.5,0.7142857142857142,0.5197069463880969
19.0,explicit,0.5,0.7857142857142857,0.38994479292879297
19.0,explicit,0.5,0.8571428571428571,0.2593710734587151
19.0,explicit,0.5,0.9285714285714285,0.1249479726021631
19.0,explicit,0.5,1.0,-0.0013497224737933921
19.0,explicit,0.5714285714285714,0.0,-0.0013497224737933921
19.0,explicit,0.5714285714285714,0.07142857142857142,0.11499666998101314
19.0,explicit,0.5714285714285714,0.14285714285714285,0.23946849962555855
19.0,explicit,0.5714285714285714,0.21428571428571427,0.36009207897903694
19.0,explicit,0.5714285714285714,0.2857142857142857,0.47991803507621994
19.0,explicit,0.5714285714285714,0.3571428571428571,0.598227889246205
19.0,explicit,0.5714285714285714,0.42857142857142855,0.7058563164778143
19.0,explicit,0.5714285714285714,0.5,0.7643516329706684
19.0,explicit,0.5714285714285714,0.5714285714285714,0.7058563164778144
19.0,explicit,0.5714285714285714,0.6428571428571428,0.5982278892462052
19.0,explicit,0.5714285714285714,0.7142857142857142,0.4799180350762201
19.0,explicit,0.5714285714285714,0.7857142857142857,0.360092078979037
19.0,explicit,0.5714285714285714,0.8571428571428571,0.23946849962555863
19.0,explicit,0.5714285714285714,0.9285714285714285,0.11499666998101321
19.0,explicit,0.5714285714285714,1.0,-0.0013497224737933921
19.0,explicit,0.6428571428571428,0.0,-0.0013497224737933921
19.0,explicit,0.6428571428571428,0.07142857142857142,0.09669399340961747
19.0,explicit,0.6428571428571428,0.14285714285714285,0.20286274040198604
19.0,explicit,0.6428571428571428,0.21428571428571427,0.3051849649420264
19.0,explicit,0.6428571428571428,0.2857142857142857,0.40673419559220714
19.0,explicit,0.6428571428571428,0.3571428571428571,0.5070025540833568
19.0,explicit,0.6428571428571428,0.42857142857142855,0.5982278892462051
19.0,explicit,0.6428571428571428,0.5,0.647821746986973
19.0,explicit,0.6428571428571428,0.5714285714285714,0.5982278892462052
19.0,explicit,0.6428571428571428,0.6428571428571428,0.507002554083357
19.0,explicit,0.6428571428571428,0.7142857142857142,0.4067341955922073
19.0,explicit,0.6428571428571428,0.7857142857142857,0.30518496494202646
19.0,explicit,0.6428571428571428,0.8571428571428571,0.20286274040198612
19.0,explicit,0.6428571428571428,0.9285714285714285,0.09669399340961754
19.0,explicit,0.6428571428571428,1.0,-0.0013497224737933921
19.0,explicit,0.7142857142857142,0.0,-0.0013497224737933921
19.0,explicit,0.7142857142857142,0.07142857142857142,0.07658118718675733
19.0,explicit,0.7142857142857142,0.14285714285714285,0.1626342963560709
19.0,explicit,0.7142857142857142,0.21428571428571427,0.2448404073496656
19.0,explicit,0.7142857142857142,0.2857142857142857,0.3262996149274737
19.0,explicit,0.7142857142857142,0.3571428571428571,0.4067341955922072
19.0,explicit,0.7142857142857142,0.42857142857142855,0.47991803507622005
19.0,explicit,0.7142857142857142,0.5,0.5197069463880969
19.0,explicit,0.7142857142857142,0.5714285714285714,0.4799180350762201
19.0,explicit,0.7142857142857142,0.6428571428571428,0.4067341955922073
19.0,explicit,0.7142857142857142,0.7142857142857142,0.3262996149274739
19.0,explicit,0.7142857142857142,0.7857142857142857,0.2448404073496657
19.0,explicit,0.7142857142857142,0.8571428571428571,0.162634296356071
19.0,explicit,0.7142857142857142,0.9285714285714285,0.0765811871867574
19.0,explicit,0.7142857142857142,1.0,-0.0013497224737933921
19.0,explicit,0.7857142857142857,0.0,-0.0013497224737933921
19.0,explicit,0.7857142857142857,0.07142857142857142,0.05620046115715196
19.0,explicit,0.7857142857142857,0.14285714285714285,0.12189318507480616
19.0,explicit,0.7857142857142857,0.21428571428571427,0.18372940538252305
19.0,explicit,0.7857142857142857,0.2857142857142857,0.24484040734966564
19.0,explicit,0.7857142857142857,0.3571428571428571,0.3051849649420264
19.0,explicit,0.7857142857142857,0.42857142857142855,0.36009207897903694
19.0,explicit,0.7857142857142857,0.5,0.38994479292879297
19.0,explicit,0.7857142857142857,0.5714285714285714,0.360092078979037
19.0,explicit,0.7857142857142857,0.6428571428571428,0.30518496494202646
19.0,explicit,0.7857142857142857,0.7142857142857142,0.2448404073496657
19.0,explicit,0.7857142857142857,0.7857142857142857,0.18372940538252308
19.0,explicit,0.7857142857142857,0.8571428571428571,0.12189318507480622
19.0,explicit,0.7857142857142857,0.9285714285714285,0.056200461157152
19.0,explicit,0.7857142857142857,1.0,-0.0013497224737933921
19.0,explicit,0.8571428571428571,0.0,-0.0013497224737933921
19.0,explicit,0.8571428571428571,0.07142857142857142,0.03518407556333285
19.0,explicit,0.8571428571428571,0.14285714285714285,0.08043524921819836
19.0,explicit,0.8571428571428571,0.21428571428571427,0.1218931850748062
19.0,explicit,0.8571428571428571,0.2857142857142857,0.16263429635607093
19.0,explicit,0.8571428571428571,0.3571428571428571,0.20286274040198607
19.0,explicit,0.8571428571428571,0.42857142857142855,0.2394684996255586
19.0,explicit,0.8571428571428571,0.5,0.2593710734587151
19.0,explicit,0.8571428571428571,0.5714285714285714,0.23946849962555863
19.0,explicit,0.8571428571428571,0.6428571428571428,0.20286274040198612
19.0,explicit,0.8571428571428571,0.7142857142857142,0.162634296356071
19.0,explicit,0.8571428571428571,0.7857142857142857,0.12189318507480622
19.0,explicit,0.8571428571428571,0.8571428571428571,0.08043524921819838
19.0,explicit,0.8571428571428571,0.9285714285714285,0.03518407556333287
19.0,explicit,0.8571428571428571,1.0,-0.0013497224737933921
19.0,explicit,0.9285714285714285,0.0,-0.0013497224737933921
19.0,explicit,0.9285714285714285,0.07142857142857142,0.011551059729047882
19.0,explicit,0.9285714285714285,0.14285714285714285,0.035184075563332855
19.0,explicit,0.9285714285714285,0.21428571428571427,0.05620046115715199
19.0,explicit,0.9285714285714285,0.2857142857142857,0.07658118718675737
19.0,explicit,0.9285714285714285,0.3571428571428571,0.09669399340961753
19.0,explicit,0.9285714285714285,0.42857142857142855,0.11499666998101321
19.0,explicit,0.9285714285714285,0.5,0.12494797260216313
19.0,explicit,0.9285714285714285,0.5714285714285714,0.11499666998101322
19.0,explicit,0.9285714285714285,0.6428571428571428,0.09669399340961755
19.0,explicit,0.9285714285714285,0.7142857142857142,0.07658118718675738
19.0,explicit,0.9285714285714285,0.7857142857142857,0.056200461157152
19.0,explicit,0.9285714285714285,0.8571428571428571,0.03518407556333287
19.0,explicit,0.9285714285714285,0.9285714285714285,0.011551059729047894
19.0,explicit,0.9285714285714285,1.0,-0.0013497224737933921
19.0,explicit,1.0,0.0,-0.0013497224737933921
19.0,explicit,1.0,0.07142857142857142,-0.0013497224737933921
19.0,explicit,1.0,0.14285714285714285,-0.0013497224737933921
19.0,explicit,1.0,0.21428571428571427,-0.0013497224737933921
19.0,explicit,1.0,0.2857142857142857,-0.0013497224737933921
19.0,explicit,1.0,0.3571428571428571,-0.0013497224737933921
19.0,explicit,1.0,0.42857142857142855,-0.0013497224737933921
19.0,explicit,1.0,0.5,-0.0013497224737933921
19.0,explicit,1.0,0.5714285714285714,-0.0013497224737933921
19.0,explicit,1.0,0.6428571428571428,-0.0013497224737933921
19.0,explicit,1.0,0.7142857142857142,-0.0013497224737933921
19.0,explicit,1.0,0.7857142857142857,-0.0013497224737933921
19.0,explicit,1.0,0.8571428571428571,-0.0013497224737933921
19.0,explicit,1.0,0.9285714285714285,-0.0013497224737933921
19.0,explicit,1.0,1.0,-0.0013497224737933921
20.0,explicit,0.0,0.0,-0.10577109289559004
20.0,explicit,0.0,0.07142857142857142,-0.10577109289559004
20.0,explicit,0.0,0.14285714285714285,-0.10577109289559004
20.0,explicit,0.0,0.21428571428571427,-0.10577109289559004
20.0,explicit,0.0,0.2857142857142857,-0.10577109289559004
20.0,explicit,0.0,0.3571428571428571,-0.10577109289559004
20.0,explicit,0.0,0.42857142857142855,-0.10577109289559004
20.0,explicit,0.0,0.5,-0.10577109289559004
20.0,explicit,0.0,0.5714285714285714,-0.10577109289559004
20.0,explicit,0.0,0.6428571428571428,-0.10577109289559004
20.0,explicit,0.0,0.7142857142857142,-0.10577109289559004
20.0,explicit,0.0,0.7857142857142857,-0.10577109289559004
20.0,explicit,0.0,0.8571428571428571,-0.10577109289559004
20.0,explicit,0.0,0.9285714285714285,-0.10577109289559004
20.0,explicit,0.0,1.0,-0.10577109289559004
20.0,explicit,0.07142857142857142,0.0,-0.10577109289559004
20.0,explicit,0.07142857142857142,0.07142857142857142,0.011844980063055325
20.0,explicit,0.07142857142857142,0.14285714285714285,0.03526761516844025
20.0,explicit,0.07142857142857142,0.21428571428571427,0.05630325545725203
20.0,explicit,0.07142857142857142,0.2857142857142857,0.07668873854058925
20.0,explicit,0.07142857142857142,0.3571428571428571,0.096780465527601
20.0,explicit,0.07142857142857142,0.42857142857142855,0.11499357615122924
20.0,explicit,0.07142857142857142,0.5,0.12478670335857729
20.0,explicit,0.07142857142857142,0.5714285714285714,0.11499357615122927
20.0,explicit,0.07142857142857142,0.6428571428571428,0.09678046552760103
20.0,explicit,0.07142857142857142,0.7142857142857142,0.07668873854058927
20.0,explicit,0.07142857142857142,0.7857142857142857,0.05630325545725206
20.0,explicit,0.07142857142857142,0.8571428571428571,0.035267615168440264
20.0,explicit,0.07142857142857142,0.9285714285714285,0.011844980063055338
20.0,explicit,0.07142857142857142,1.0,-0.10577109289559004
20.0,explicit,0.14285714285714285,0.0,-0.10577109289559004
20.0,explicit,0.14285714285714285,0.07142857142857142,0.03526761516844025
20.0,explicit,0.14285714285714285,0.14285714285714285,0.08033136499810764
20.0,explicit,0.14285714285714285,0.21428571428571427,0.12183056091874021
20.0,explicit,0.14285714285714285,0.2857142857142857,0.1625745979578722
20.0,explicit,0.14285714285714285,0.3571428571428571,0.2027604619773666
20.0,explicit,0.14285714285714285,0.42857142857142855,0.23918708174707806
20.0,explicit,0.14285714285714285,0.5,0.25877329697523715
20.0,explicit,0.14285714285714285,0.5714285714285714,0.23918708174707812
20.0,explicit,0.14285714285714285,0.6428571428571428,0.20276046197736666
20.0,explicit,0.14285714285714285,0.7142857142857142,0.16257459795787224
20.0,explicit,0.14285714285714285,0.7857142857142857,0.12183056091874023
20.0,explicit,0.14285714285714285,0.8571428571428571,0.08033136499810767
20.0,explicit,0.14285714285714285,0.9285714285714285,0.03526761516844027
20.0,explicit,0.14285714285714285,1.0,-0.10577109289559004
20.0,explicit,0.21428571428571427,0.0,-0.10577109289559004
20.0,explicit,0.21428571428571427,0.07142857142857142,0.05630325545725204
20.0,explicit,0.21428571428571427,0.14285714285714285,0.12183056091874021
20.0,explicit,0.21428571428571427,0.21428571428571427,0.18370954405409784
20.0,explicit,0.21428571428571427,0.2857142857142857,0.24481968455777767
20.0,explicit,0.21428571428571427,0.3571428571428571,0.30509992328569857
20.0,explicit,0.21428571428571427,0.42857142857142855,0.35973807833029764
20.0,explicit,0.21428571428571427,0.5,0.3891161129133334
20.0,explicit,0.21428571428571427,0.5714285714285714,0.3597380783302977
20.0,explicit,0.21428571428571427,0.6428571428571428,0.3050999232856987
20.0,explicit,0.21428571428571427,0.7142857142857142,0.24481968455777772
20.0,explicit,0.21428571428571427,0.7857142857142857,0.18370954405409787
20.0,explicit,0.21428571428571427,0.8571428571428571,0.12183056091874027
20.0,explicit,0.21428571428571427,0.9285714285714285,0.05630325545725209
20.0,explicit,0.21428571428571427,1.0,-0.10577109289559004
20.0,explicit,0.2857142857142857,0.0,-0.10577109289559004
20.0,explicit,0.2857142857142857,0.07142857142857142,0.07668873854058926
20.0,explicit,0.2857142857142857,0.14285714285714285,0.1625745979578722
20.0,explicit,0.2857142857142857,0.21428571428571427,0.24481968455777767
20.0,explicit,0.2857142857142857,0.2857142857142857,0.32627155378988887
20.0,explicit,0.2857142857142857,0.3571428571428571,0.40661736927587083
20.0,explicit,0.2857142857142857,0.42857142857142855,0.47943998633167534
20.0,explicit,0.2857142857142857,0.5,0.5185947021187315
20.0,explicit,0.2857142857142857,0.5714285714285714,0.4794399863316754
20.0,explicit,0.2857142857142857,0.6428571428571428,0.40661736927587094
20.0,explicit,0.2857142857142857,0.7142857142857142,0.3262715537898889
20.0,explicit,0.2857142857142857,0.7857142857142857,0.24481968455777775
20.0,explicit,0.2857142857142857,0.8571428571428571,0.16257459795787227
20.0,explicit,0.2857142857142857,0.9285714285714285,0.07668873854058932
20.0,explicit,0.2857142857142857,1.0,-0.10577109289559004
20.0,explicit,0.3571428571428571,0.0,-0.10577109289559004
20.0,explicit,0.3571428571428571,0.07142857142857142,0.09678046552760101
20.0,explicit,0.3571428571428571,0.14285714285714285,0.2027604619773666
20.0,explicit,0.3571428571428571,0.21428571428571427,0.30509992328569857
20.0,explicit,0.3571428571428571,0.2857142857142857,0.40661736927587083
20.0,explicit,0.3571428571428571,0.3571428571428571,0.5067548956248877
20.0,explicit,0.3571428571428571,0.42857142857142855,0.5975115506511581
20.0,explicit,0.3571428571428571,0.5,0.6463048992572739
20.0,explicit,0.3571428571428571,0.5714285714285714,0.5975115506511581
20.0,explicit,0.3571428571428571,0.6428571428571428,0.5067548956248878
20.0,explicit,0.3571428571428571,0.7142857142857142,0.406617369275871
20.0,explicit,0.3571428571428571,0.7857142857142857,0.3050999232856987
20.0,explicit,0.3571428571428571,0.8571428571428571,0.2027604619773667
20.0,explicit,0.3571428571428571,0.9285714285714285,0.09678046552760108
20.0,explicit,0.3571428571428571,1.0,-0.10577109289559004
20.0,explicit,0.42857142857142855,0.0,-0.10577109289559004
20.0,explicit,0.42857142857142855,0.07142857142857142,0.11499357615122924
20.0,explicit,0.42857142857142855,0.14285714285714285,0.23918708174707806
20.0,explicit,0.42857142857142855,0.21428571428571427,0.35973807833029764
20.0,explicit,0.42857142857142855,0.2857142857142857,0.47943998633167534
20.0,explicit,0.42857142857142855,0.3571428571428571,0.5975115506511581
20.0,explicit,0.42857142857142855,0.42857142857142855,0.7045107233035426
20.0,explicit,0.42857142857142855,0.5,0.7620208174651125
20.0,explicit,0.42857142857142855,0.5714285714285714,0.7045107233035427
20.0,explicit,0.42857142857142855,0.6428571428571428,0.5975115506511582
20.0,explicit,0.42857142857142855,0.7142857142857142,0.4794399863316755
20.0,explicit,0.42857142857142855,0.7857142857142857,0.3597380783302977
20.0,explicit,0.42857142857142855,0.8571428571428571,0.23918708174707817
20.0,explicit,0.42857142857142855,0.9285714285714285,0.11499357615122933
20.0,explicit,0.42857142857142855,1.0,-0.10577109289559004
20.0,explicit,0.5,0.0,-0.10577109289559004
20.0,explicit,0.5,0.07142857142857142,0.12478670335857728
20.0,explicit,0.5,0.14285714285714285,0.25877329697523715
20.0,explicit,0.5,0.21428571428571427,0.3891161129133334
20.0,explicit,0.5,0.2857142857142857,0.5185947021187315
20.0,explicit,0.5,0.3571428571428571,0.6463048992572739
20.0,explicit,0.5,0.42857142857142855,0.7620208174651125
20.0,explicit,0.5,0.5,0.8241894908582588
20.0,explicit,0.5,0.5714285714285714,0.7620208174651126
20.0,explicit,0.5,0.6428571428571428,0.646304899257274
20.0,explicit,0.5,0.7142857142857142,0.5185947021187317
20.0,explicit,0.5,0.7857142857142857,0.38911611291333353
20.0,explicit,0.5,0.8571428571428571,0.25877329697523727
20.0,explicit,0.5,0.9285714285714285,0.12478670335857736
20.0,explicit,0.5,1.0,-0.10577109289559004
20.0,explicit,0.5714285714285714,0.0,-0.10577109289559004
20.0,explicit,0.5714285714285714,0.07142857142857142,0.11499357615122927
20.0,explicit,0.5714285714285714,0.14285714285714285,0.23918708174707812
20.0,explicit,0.5714285714285714,0.21428571428571427,0.3597380783302977
20.0,explicit,0.5714285714285714,0.2857142857142857,0.4794399863316754
20.0,explicit,0.5714285714285714,0.3571428571428571,0.5975115506511581
20.0,explicit,0.5714285714285714,0.42857142857142855,0.7045107233035427
20.0,explicit,0.5714285714285714,0.5,0.7620208174651126
20.0,explicit,0.5714285714285714,0.5714285714285714,0.7045107233035428
20.0,explicit,0.5714285714285714,0.6428571428571428,0.5975115506511584
20.0,explicit,0.5714285714285714,0.7142857142857142,0.47943998633167556
20.0,explicit,0.5714285714285714,0.7857142857142857,0.35973807833029775
20.0,explicit,0.5714285714285714,0.8571428571428571,0.2391870817470782
20.0,explicit,0.5714285714285714,0.9285714285714285,0.11499357615122933
20.0,explicit,0.5714285714285714,1.0,-0.10577109289559004
20.0,explicit,0.6428571428571428,0.0,-0.10577109289559004
20.0,explicit,0.6428571428571428,0.07142857142857142,0.09678046552760103
20.0,explicit,0.6428571428571428,0.14285714285714285,0.20276046197736666
20.0,explicit,0.6428571428571428,0.21428571428571427,0.3050999232856987
20.0,explicit,0.6428571428571428,0.2857142857142857,0.40661736927587094
20.0,explicit,0.6428571428571428,0.3571428571428571,0.5067548956248878
20.0,explicit,0.6428571428571428,0.42857142857142855,0.5975115506511582
20.0,explicit,0.6428571428571428,0.5,0.646304899257274
20.0,explicit,0.6428571428571428,0.5714285714285714,0.5975115506511584
20.0,explicit,0.6428571428571428,0.6428571428571428,0.5067548956248881
20.0,explicit,0.6428571428571428,0.7142857142857142,0.4066173692758711
20.0,explicit,0.6428571428571428,0.7857142857142857,0.30509992328569874
20.0,explicit,0.6428571428571428,0.8571428571428571,0.20276046197736675
20.0,explicit,0.6428571428571428,0.9285714285714285,0.0967804655276011
20.0,explicit,0.6428571428571428,1.0,-0.10577109289559004
20.0,explicit,0.7142857142857142,0.0,-0.10577109289559004
20.0,explicit,0.7142857142857142,0.07142857142857142,0.07668873854058927
20.0,explicit,0.7142857142857142,0.14285714285714285,0.16257459795787224
20.0,explicit,0.7142857142857142,0.21428571428571427,0.24481968455777772
20.0,explicit,0.7142857142857142,0.2857142857142857,0.3262715537898889
20.0,explicit,0.7142857142857142,0.3571428571428571,0.406617369275871
20.0,explicit,0.7142857142857142,0.42857142857142855,0.4794399863316755
20.0,explicit,0.7142857142857142,0.5,0.5185947021187317
20.0,explicit,0.7142857142857142,0.5714285714285714,0.47943998633167556
20.0,explicit,0.7142857142857142,0.6428571428571428,0.4066173692758711
20.0,explicit,0.7142857142857142,0.7142857142857142,0.3262715537898891
20.0,explicit,0.7142857142857142,0.7857142857142857,0.2448196845577778
20.0,explicit,0.7142857142857142,0.8571428571428571,0.16257459795787232
20.0,explicit,0.7142857142857142,0.9285714285714285,0.07668873854058934
20.0,explicit,0.7142857142857142,1.0,-0.10577109289559004
20.0,explicit,0.7857142857142857,0.0,-0.10577109289559004
20.0,explicit,0.7857142857142857,0.07142857142857142,0.05630325545725205
20.0,explicit,0.7857142857142857,0.14285714285714285,0.12183056091874023
20.0,explicit,0.7857142857142857,0.21428571428571427,0.18370954405409787
20.0,explicit,0.7857142857142857,0.2857142857142857,0.24481968455777775
20.0,explicit,0.7857142857142857,0.3571428571428571,0.3050999232856987
20.0,explicit,0.7857142857142857,0.42857142857142855,0.3597380783302977
20.0,explicit,0.7857142857142857,0.5,0.38911611291333353
20.0,explicit,0.7857142857142857,0.5714285714285714,0.35973807833029775
20.0,explicit,0.7857142857142857,0.6428571428571428,0.30509992328569874
20.0,explicit,0.7857142857142857,0.7142857142857142,0.2448196845577778
20.0,explicit,0.7857142857142857,0.7857142857142857,0.1837095440540979
20.0,explicit,0.7857142857142857,0.8571428571428571,0.12183056091874028
20.0,explicit,0.7857142857142857,0.9285714285714285,0.056303255457252094
20.0,explicit,0.7857142857142857,1.0,-0.10577109289559004
20.0,explicit,0.8571428571428571,0.0,-0.10577109289559004
20.0,explicit,0.8571428571428571,0.07142857142857142,0.035267615168440264
20.0,explicit,0.8571428571428571,0.14285714285714285,0.08033136499810767
20.0,explicit,0.8571428571428571,0.21428571428571427,0.12183056091874027
20.0,explicit,0.8571428571428571,0.2857142857142857,0.16257459795787227
20.0,explicit,0.8571428571428571,0.3571428571428571,0.2027604619773667
20.0,explicit,0.8571428571428571,0.42857142857142855,0.23918708174707817
20.0,explicit,0.8571428571428571,0.5,0.25877329697523727
20.0,explicit,0.8571428571428571,0.5714285714285714,0.2391870817470782
20.0,explicit,0.8571428571428571,0.6428571428571428,0.20276046197736675
20.0,explicit,0.8571428571428571,0.7142857142857142,0.16257459795787232
20.0,explicit,0.8571428571428571,0.7857142857142857,0.12183056091874028
20.0,explicit,0.8571428571428571,0.8571428571428571,0.08033136499810768
20.0,explicit,0.8571428571428571,0.9285714285714285,0.035267615168440285
20.0,explicit,0.8571428571428571,1.0,-0.10577109289559004
20.0,explicit,0.9285714285714285,0.0,-0.10577109289559004
20.0,explicit,0.9285714285714285,0.07142857142857142,0.011844980063055338
20.0,explicit,0.9285714285714285,0.14285714285714285,0.03526761516844027
20.0,explicit,0.9285714285714285,0.21428571428571427,0.05630325545725209
20.0,explicit,0.9285714285714285,0.2857142857142857,0.07668873854058932
20.0,explicit,0.9285714285714285,0.3571428571428571,0.09678046552760108
20.0,explicit,0.9285714285714285,0.42857142857142855,0.11499357615122933
20.0,explicit,0.9285714285714285,0.5,0.1247867033585774
20.0,explicit,0.9285714285714285,0.5714285714285714,0.11499357615122935
20.0,explicit,0.9285714285714285,0.6428571428571428,0.09678046552760111
20.0,explicit,0.9285714285714285,0.7142857142857142,0.07668873854058933
20.0,explicit,0.9285714285714285,0.7857142857142857,0.056303255457252094
20.0,explicit,0.9285714285714285,0.8571428571428571,0.035267615168440285
20.0,explicit,0.9285714285714285,0.9285714285714285,0.01184498006305535
20.0,explicit,0.9285714285714285,1.0,-0.10577109289559004
20.0,explicit,1.0,0.0,-0.10577109289559004
20.0,explicit,1.0,0.07142857142857142,-0.10577109289559004
20.0,explicit,1.0,0.14285714285714285,-0.10577109289559004
20.0,explicit,1.0,0.21428571428571427,-0.10577109289559004
20.0,explicit,1.0,0.2857142857142857,-0.10577109289559004
20.0,explicit,1.0,0.3571428571428571,-0.10577109289559004
20.0,explicit,1.0,0.42857142857142855,-0.10577109289559004
20.0,explicit,1.0,0.5,-0.10577109289559004
20.0,explicit,1.0,0.5714285714285714,-0.10577109289559004
20.0,explicit,1.0,0.6428571428571428,-0.10577109289559004
20.0,explicit,1.0,0.7142857142857142,-0.10577109289559004
20.0,explicit,1.0,0.7857142857142857,-0.10577109289559004
20.0,explicit,1.0,0.8571428571428571,-0.10577109289559004
20.0,explicit,1.0,0.9285714285714285,-0.10577109289559004
20.0,explicit,1.0,1.0,-0.10577109289559004
21.0,explicit,0.0,0.0,-0.12208436499710223
21.0,explicit,0.0,0.07142857142857142,-0.12208436499710223
21.0,explicit,0.0,0.14285714285714285,-0.12208436499710223
21.0,explicit,0.0,0.21428571428571427,-0.12208436499710223
21.0,explicit,0.0,0.2857142857142857,-0.12208436499710223
21.0,explicit,0.0,0.3571428571428571,-0.12208436499710223
21.0,explicit,0.0,0.42857142857142855,-0.12208436499710223
21.0,explicit,0.0,0.5,-0.12208436499710223
21.0,explicit,0.0,0.5714285714285714,-0.12208436499710223
21.0,explicit,0.0,0.6428571428571428,-0.12208436499710223
21.0,explicit,0.0,0.7142857142857142,-0.12208436499710223
21.0,explicit,0.0,0.7857142857142857,-0.12208436499710223
21.0,explicit,0.0,0.8571428571428571,-0.12208436499710223
21.0,explicit,0.0,0.9285714285714285,-0.12208436499710223
21.0,explicit,0.0,1.0,-0.12208436499710223
21.0,explicit,0.07142857142857142,0.0,-0.12208436499710223
21.0,explicit,0.07142857142857142,0.07142857142857142,0.011939494177880738
21.0,explicit,0.07142857142857142,0.14285714285714285,0.035167394568610705
21.0,explicit,0.07142857142857142,0.21428571428571427,0.05625151320062257
21.0,explicit,0.07142857142857142,0.2857142857142857,0.07664573234673992
21.0,explicit,0.07142857142857142,0.3571428571428571,0.0966935432653867
21.0,explicit,0.07142857142857142,0.42857142857142855,0.11472758067336622
21.0,explicit,0.07142857142857142,0.5,0.12421995432579255
21.0,explicit,0.07142857142857142,0.5714285714285714,0.11472758067336625
21.0,explicit,0.07142857142857142,0.6428571428571428,0.09669354326538673
21.0,explicit,0.07142857142857142,0.7142857142857142,0.07664573234673995
21.0,explicit,0.07142857142857142,0.7857142857142857,0.0562515132006226
21.0,explicit,0.07142857142857142,0.8571428571428571,0.03516739456861072
21.0,explicit,0.07142857142857142,0.9285714285714285,0.011939494177880752
21.0,explicit,0.07142857142857142,1.0,-0.12208436499710223
21.0,explicit,0.14285714285714285,0.0,-0.12208436499710223
21.0,explicit,0.14285714285714285,0.07142857142857142,0.035167394568610705
21.0,explicit,0.14285714285714285,0.14285714285714285,0.08010293078190897
21.0,explicit,0.14285714285714285,0.21428571428571427,0.12169262925355841
21.0,explicit,0.14285714285714285,0.2857142857142857,0.16244207108533643
21.0,explicit,0.14285714285714285,0.3571428571428571,0.20253905631984978
21.0,explicit,0.14285714285714285,0.42857142857142855,0.2386074871927391
21.0,explicit,0.14285714285714285,0.5,0.25759217522772654
21.0,explicit,0.14285714285714285,0.5714285714285714,0.23860748719273916
21.0,explicit,0.14285714285714285,0.6428571428571428,0.20253905631984984
21.0,explicit,0.14285714285714285,0.7142857142857142,0.16244207108533645
21.0,explicit,0.14285714285714285,0.7857142857142857,0.12169262925355842
21.0,explicit,0.14285714285714285,0.8571428571428571,0.080102930781909
21.0,explicit,0.14285714285714285,0.9285714285714285,0.035167394568610726
21.0,explicit,0.14285714285714285,1.0,-0.12208436499710223
21.0,explicit,0.21428571428571427,0.0,-0.12208436499710223
21.0,explicit,0.21428571428571427,0.07142857142857142,0.05625151320062258
21.0,explicit,0.21428571428571427,0.14285714285714285,0.12169262925355841
21.0,explicit,0.21428571428571427,0.21428571428571427,0.18366632519109266
21.0,explicit,0.21428571428571427,0.2857142857142857,0.24477374757176673
21.0,explicit,0.21428571428571427,0.3571428571428571,0.30491948435315586
21.0,explicit,0.21428571428571427,0.42857142857142855,0.35901976555014165
21.0,explicit,0.21428571428571427,0.5,0.387495192594693
21.0,explicit,0.21428571428571427,0.5714285714285714,0.3590197655501417
21.0,explicit,0.21428571428571427,0.6428571428571428,0.30491948435315597
21.0,explicit,0.21428571428571427,0.7142857142857142,0.24477374757176676
21.0,explicit,0.21428571428571427,0.7857142857142857,0.1836663251910927
21.0,explicit,0.21428571428571427,0.8571428571428571,0.12169262925355846
21.0,explicit,0.21428571428571427,0.9285714285714285,0.056251513200622626
21.0,explicit,0.21428571428571427,1.0,-0.12208436499710223
21.0,explicit,0.2857142857142857,0.0,-0.12208436499710223
21.0,explicit,0.2857142857142857,0.07142857142857142,0.07664573234673994
21.0,explicit,0.2857142857142857,0.14285714285714285,0.16244207108533643
21.0,explicit,0.2857142857142857,0.21428571428571427,0.24477374757176673
21.0,explicit,0.2857142857142857,0.2857142857142857,0.3262086831402357
21.0,explicit,0.2857142857142857,0.3571428571428571,0.40636845645314945
21.0,explicit,0.2857142857142857,0.42857142857142855,0.4784682341907469
21.0,explicit,0.2857142857142857,0.5,0.5164167326518547
21.0,explicit,0.2857142857142857,0.5714285714285714,0.47846823419074697
21.0,explicit,0.2857142857142857,0.6428571428571428,0.4063684564531495
21.0,explicit,0.2857142857142857,0.7142857142857142,0.32620868314023577
21.0,explicit,0.2857142857142857,0.7857142857142857,0.2447737475717668
21.0,explicit,0.2857142857142857,0.8571428571428571,0.16244207108533648
21.0,explicit,0.2857142857142857,0.9285714285714285,0.07664573234673999
21.0,explicit,0.2857142857142857,1.0,-0.12208436499710223
21.0,explicit,0.3571428571428571,0.0,-0.12208436499710223
21.0,explicit,0.3571428571428571,0.07142857142857142,0.09669354326538672
21.0,explicit,0.3571428571428571,0.14285714285714285,0.20253905631984978
21.0,explicit,0.3571428571428571,0.21428571428571427,0.30491948435315586
21.0,explicit,0.3571428571428571,0.2857142857142857,0.40636845645314945
21.0,explicit,0.3571428571428571,0.3571428571428571,0.5062319175091177
21.0,explicit,0.3571428571428571,0.42857142857142855,0.5960496138360621
21.0,explicit,0.3571428571428571,0.5,0.6433195162538496
21.0,explicit,0.3571428571428571,0.5714285714285714,0.5960496138360621
21.0,explicit,0.3571428571428571,0.6428571428571428,0.5062319175091178
21.0,explicit,0.3571428571428571,0.7142857142857142,0.40636845645314956
21.0,explicit,0.3571428571428571,0.7857142857142857,0.304919484353156
21.0,explicit,0.3571428571428571,0.8571428571428571,0.20253905631984986
21.0,explicit,0.3571428571428571,0.9285714285714285,0.09669354326538679
21.0,explicit,0.3571428571428571,1.0,-0.12208436499710223
21.0,explicit,0.42857142857142855,0.0,-0.12208436499710223
21.0,explicit,0.42857142857142855,0.07142857142857142,0.11472758067336622
21.0,explicit,0.42857142857142855,0.14285714285714285,0.2386074871927391
21.0,explicit,0.42857142857142855,0.21428571428571427,0.35901976555014165
21.0,explicit,0.42857142857142855,0.2857142857142857,0.4784682341907469
21.0,explicit,0.42857142857142855,0.3571428571428571,0.5960496138360621
21.0,explicit,0.42857142857142855,0.42857142857142855,0.7017911714802609
21.0,explicit,0.42857142857142855,0.5,0.7574264505002108
21.0,explicit,0.42857142857142855,0.5714285714285714,0.701791171480261
21.0,explicit,0.42857142857142855,0.6428571428571428,0.5960496138360623
21.0,explicit,0.42857142857142855,0.7142857142857142,0.4784682341907471
21.0,explicit,0.42857142857142855,0.7857142857142857,0.3590197655501417
21.0,explicit,0.42857142857142855,0.8571428571428571,0.23860748719273922
21.0,explicit,0.42857142857142855,0.9285714285714285,0.11472758067336632
21.0,explicit,0.42857142857142855,1.0,-0.12208436499710223
21.0,explicit,0.5,0.0,-0.12208436499710223
21.0,explicit,0.5,0.07142857142857142,0.12421995432579255
21.0,explicit,0.5,0.14285714285714285,0.25759217522772654
21.0,explicit,0.5,0.21428571428571427,0.387495192594693
21.0,explicit,0.5,0.2857142857142857,0.5164167326518547
21.0,explicit,0.5,0.3571428571428571,0.6433195162538496
21.0,explicit,0.5,0.42857142857142855,0.7574264505002108
21.0,explicit,0.5,0.5,0.8174391975148763
21.0,explicit,0.5,0.5714285714285714,0.757426450500211
21.0,explicit,0.5,0.6428571428571428,0.6433195162538498
21.0,explicit,0.5,0.7142857142857142,0.5164167326518548
21.0,explicit,0.5,0.7857142857142857,0.3874951925946931
21.0,explicit,0.5,0.8571428571428571,0.25759217522772665
21.0,explicit,0.5,0.9285714285714285,0.12421995432579262
21.0,explicit,0.5,1.0,-0.12208436499710223
21.0,explicit,0.5714285714285714,0.0,-0.12208436499710223
21.0,explicit,0.5714285714285714,0.07142857142857142,0.11472758067336625
21.0,explicit,0.5714285714285714,0.14285714285714285,0.23860748719273916
21.0,explicit,0.5714285714285714,0.21428571428571427,0.3590197655501417
21.0,explicit,0.5714285714285714,0.2857142857142857,0.47846823419074697
21.0,explicit,0.5714285714285714,0.3571428571428571,0.5960496138360621
21.0,explicit,0.5714285714285714,0.42857142857142855,0.701791171480261
21.0,explicit,0.5714285714285714,0.5,0.757426450500211
21.0,explicit,0.5714285714285714,0.5714285714285714,0.7017911714802612
21.0,explicit,0.5714285714285714,0.6428571428571428,0.5960496138360624
21.0,explicit,0.5714285714285714,0.7142857142857142,0.47846823419074713
21.0,explicit,0.5714285714285714,0.7857142857142857,0.35901976555014176
21.0,explicit,0.5714285714285714,0.8571428571428571,0.23860748719273925
21.0,explicit,0.5714285714285714,0.9285714285714285,0.11472758067336632
21.0,explicit,0.5714285714285714,1.0,-0.12208436499710223
21.0,explicit,0.6428571428571428,0.0,-0.12208436499710223
21.0,explicit,0.6428571428571428,0.07142857142857142,0.09669354326538673
21.0,explicit,0.6428571428571428,0.14285714285714285,0.20253905631984984
21.0,explicit,0.6428571428571428,0.21428571428571427,0.30491948435315597
21.0,explicit,0.6428571428571428,0.2857142857142857,0.4063684564531495
21.0,explicit,0.6428571428571428,0.3571428571428571,0.5062319175091178
21.0,explicit,0.6428571428571428,0.42857142857142855,0.5960496138360623
21.0,explicit,0.6428571428571428,0.5,0.6433195162538498
21.0,explicit,0.6428571428571428,0.5714285714285714,0.5960496138360624
21.0,explicit,0.6428571428571428,0.6428571428571428,0.506231917509118
21.0,explicit,0.6428571428571428,0.7142857142857142,0.4063684564531497
21.0,explicit,0.6428571428571428,0.7857142857142857,0.3049194843531561
21.0,explicit,0.6428571428571428,0.8571428571428571,0.20253905631984992
21.0,explicit,0.6428571428571428,0.9285714285714285,0.0966935432653868
21.0,explicit,0.6428571428571428,1.0,-0.12208436499710223
21.0,explicit,0.7142857142857142,0.0,-0.12208436499710223
21.0,explicit,0.7142857142857142,0.07142857142857142,0.07664573234673995
21.0,explicit,0.7142857142857142,0.14285714285714285,0.16244207108533645
21.0,explicit,0.7142857142857142,0.21428571428571427,0.24477374757176676
21.0,explicit,0.7142857142857142,0.2857142857142857,0.32620868314023577
21.0,explicit,0.7142857142857142,0.3571428571428571,0.40636845645314956
21.0,explicit,0.7142857142857142,0.42857142857142855,0.4784682341907471
21.0,explicit,0.7142857142857142,0.5,0.5164167326518548
21.0,explicit,0.7142857142857142,0.5714285714285714,0.47846823419074713
21.0,explicit,0.7142857142857142,0.6428571428571428,0.4063684564531497
21.0,explicit,0.7142857142857142,0.7142857142857142,0.32620868314023593
21.0,explicit,0.7142857142857142,0.7857142857142857,0.24477374757176687
21.0,explicit,0.7142857142857142,0.8571428571428571,0.16244207108533654
21.0,explicit,0.7142857142857142,0.9285714285714285,0.07664573234674002
21.0,explicit,0.7142857142857142,1.0,-0.12208436499710223
21.0,explicit,0.7857142857142857,0.0,-0.12208436499710223
21.0,explicit,0.7857142857142857,0.07142857142857142,0.05625151320062259
21.0,explicit,0.7857142857142857,0.14285714285714285,0.12169262925355842
21.0,explicit,0.7857142857142857,0.21428571428571427,0.1836663251910927
21.0,explicit,0.7857142857142857,0.2857142857142857,0.2447737475717668
21.0,explicit,0.7857142857142857,0.3571428571428571,0.304919484353156
21.0,explicit,0.7857142857142857,0.42857142857142855,0.3590197655501417
21.0,explicit,0.7857142857142857,0.5,0.3874951925946931
21.0,explicit,0.7857142857142857,0.5714285714285714,0.35901976555014176
21.0,explicit,0.7857142857142857,0.6428571428571428,0.3049194843531561
21.0,explicit,0.7857142857142857,0.7142857142857142,0.24477374757176687
21.0,explicit,0.7857142857142857,0.7857142857142857,0.18366632519109272
21.0,explicit,0.7857142857142857,0.8571428571428571,0.12169262925355848
21.0,explicit,0.7857142857142857,0.9285714285714285,0.05625151320062263
21.0,explicit,0.7857142857142857,1.0,-0.12208436499710223
21.0,explicit,0.8571428571428571,0.0,-0.12208436499710223
21.0,explicit,0.8571428571428571,0.07142857142857142,0.03516739456861072
21.0,explicit,0.8571428571428571,0.14285714285714285,0.080102930781909
21.0,explicit,0.8571428571428571,0.21428571428571427,0.12169262925355846
21.0,explicit,0.8571428571428571,0.2857142857142857,0.16244207108533648
21.0,explicit,0.8571428571428571,0.3571428571428571,0.20253905631984986
21.0,explicit,0.8571428571428571,0.42857142857142855,0.23860748719273922
21.0,explicit,0.8571428571428571,0.5,0.25759217522772665
21.0,explicit,0.8571428571428571,0.5714285714285714,0.23860748719273925
21.0,explicit,0.8571428571428571,0.6428571428571428,0.20253905631984992
21.0,explicit,0.8571428571428571,0.7142857142857142,0.16244207108533654
21.0,explicit,0.8571428571428571,0.7857142857142857,0.12169262925355848
21.0,explicit,0.8571428571428571,0.8571428571428571,0.08010293078190901
21.0,explicit,0.8571428571428571,0.9285714285714285,0.03516739456861074
21.0,explicit,0.8571428571428571,1.0,-0.12208436499710223
21.0,explicit,0.9285714285714285,0.0,-0.12208436499710223
21.0,explicit,0.9285714285714285,0.07142857142857142,0.011939494177880752
21.0,explicit,0.9285714285714285,0.14285714285714285,0.035167394568610726
21.0,explicit,0.9285714285714285,0.21428571428571427,0.056251513200622626
21.0,explicit,0.9285714285714285,0.2857142857142857,0.07664573234673999
21.0,explicit,0.9285714285714285,0.3571428571428571,0.09669354326538679
21.0,explicit,0.9285714285714285,0.42857142857142855,0.11472758067336632
21.0,explicit,0.9285714285714285,0.5,0.12421995432579266
21.0,explicit,0.9285714285714285,0.5714285714285714,0.11472758067336633
21.0,explicit,0.9285714285714285,0.6428571428571428,0.09669354326538682
21.0,explicit,0.9285714285714285,0.7142857142857142,0.07664573234674
21.0,explicit,0.9285714285714285,0.7857142857142857,0.05625151320062263
21.0,explicit,0.9285714285714285,0.8571428571428571,0.03516739456861074
21.0,explicit,0.9285714285714285,0.9285714285714285,0.011939494177880764
21.0,explicit,0.9285714285714285,1.0,-0.12208436499710223
21.0,explicit,1.0,0.0,-0.12208436499710223
21.0,explicit,1.0,0.07142857142857142,-0.12208436499710223
21.0,explicit,1.0,0.14285714285714285,-0.12208436499710223
21.0,explicit,1.0,0.21428571428571427,-0.12208436499710223
21.0,explicit,1.0,0.2857142857142857,-0.12208436499710223
21.0,explicit,1.0,0.3571428571428571,-0.12208436499710223
21.0,explicit,1.0,0.42857142857142855,-0.12208436499710223
21.0,explicit,1.0,0.5,-0.12208436499710223
21.0,explicit,1.0,0.5714285714285714,-0.12208436499710223
21.0,explicit,1.0,0.6428571428571428,-0.12208436499710223
21.0,explicit,1.0,0.7142857142857142,-0.12208436499710223
21.0,explicit,1.0,0.7857142857142857,-0.12208436499710223
21.0,explicit,1.0,0.8571428571428571,-0.12208436499710223
21.0,explicit,1.0,0.9285714285714285,-0.12208436499710223
21.0,explicit,1.0,1.0,-0.12208436499710223
22.0,explicit,0.0,0.0,-0.19596701238797756
22.0,explicit,0.0,0.07142857142857142,-0.19596701238797756
22.0,explicit,0.0,0.14285714285714285,-0.19596701238797756
22.0,explicit,0.0,0.21428571428571427,-0.19596701238797756
22.0,explicit,0.0,0.2857142857142857,-0.19596701238797756
22.0,explicit,0.0,0.3571428571428571,-0.19596701238797756
22.0,explicit,0.0,0.42857142857142855,-0.19596701238797756
22.0,explicit,0.0,0.5,-0.19596701238797756
22.0,explicit,0.0,0.5714285714285714,-0.19596701238797756
22.0,explicit,0.0,0.6428571428571428,-0.19596701238797756
22.0,explicit,0.0,0.7142857142857142,-0.19596701238797756
22.0,explicit,0.0,0.7857142857142857,-0.19596701238797756
22.0,explicit,0.0,0.8571428571428571,-0.19596701238797756
22.0,explicit,0.0,0.9285714285714285,-0.19596701238797756
22.0,explicit,0.0,1.0,-0.19596701238797756
22.0,explicit,0.07142857142857142,0.0,-0.19596701238797756
22.0,explicit,0.07142857142857142,0.07142857142857142,0.009909596571878511
22.0,explicit,0.07142857142857142,0.14285714285714285,0.034012207028200764
22.0,explicit,0.07142857142857142,0.21428571428571427,0.055140234052972664
22.0,explicit,0.07142857142857142,0.2857142857142857,0.07554245139923291
22.0,explicit,0.07142857142857142,0.3571428571428571,0.0955440856054345
22.0,explicit,0.07142857142857142,0.42857142857142855,0.11339953233976441
22.0,explicit,0.07142857142857142,0.5,0.12261055327040311
22.0,explicit,0.07142857142857142,0.5714285714285714,0.11339953233976444
22.0,explicit,0.07142857142857142,0.6428571428571428,0.09554408560543452
22.0,explicit,0.07142857142857142,0.7142857142857142,0.07554245139923293
22.0,explicit,0.07142857142857142,0.7857142857142857,0.05514023405297269
22.0,explicit,0.07142857142857142,0.8571428571428571,0.03401220702820078
22.0,explicit,0.07142857142857142,0.9285714285714285,0.009909596571878525
22.0,explicit,0.07142857142857142,1.0,-0.19596701238797756
22.0,explicit,0.14285714285714285,0.0,-0.19596701238797756
22.0,explicit,0.14285714285714285,0.07142857142857142,0.034012207028200764
22.0,explicit,0.14285714285714285,0.14285714285714285,0.07988014721258815
22.0,explicit,0.14285714285714285,0.21428571428571427,0.1215542375510301
22.0,explicit,0.14285714285714285,0.2857142857142857,0.16230860259475108
22.0,explicit,0.14285714285714285,0.3571428571428571,0.20231196377179397
22.0,explicit,0.14285714285714285,0.42857142857142855,0.23802312937019138
22.0,explicit,0.14285714285714285,0.5,0.25644508472673144
22.0,explicit,0.14285714285714285,0.5714285714285714,0.23802312937019143
22.0,explicit,0.14285714285714285,0.6428571428571428,0.20231196377179403
22.0,explicit,0.14285714285714285,0.7142857142857142,0.1623086025947511
22.0,explicit,0.14285714285714285,0.7857142857142857,0.12155423755103012
22.0,explicit,0.14285714285714285,0.8571428571428571,0.07988014721258818
22.0,explicit,0.14285714285714285,0.9285714285714285,0.03401220702820079
22.0,explicit,0.14285714285714285,1.0,-0.19596701238797756
22.0,explicit,0.21428571428571427,0.0,-0.19596701238797756
22.0,explicit,0.21428571428571427,0.07142857142857142,0.05514023405297267
22.0,explicit,0.21428571428571427,0.14285714285714285,0.1215542375510301
22.0,explicit,0.21428571428571427,0.21428571428571427,0.18361786354401904
22.0,explicit,0.21428571428571427,0.2857142857142857,0.2447213620144089
22.0,explicit,0.21428571428571427,0.3571428571428571,0.3047250949829389
22.0,explicit,0.21428571428571427,0.42857142857142855,0.3582887541811577
22.0,explicit,0.21428571428571427,0.5,0.38591971792576285
22.0,explicit,0.21428571428571427,0.5714285714285714,0.35828875418115774
22.0,explicit,0.21428571428571427,0.6428571428571428,0.30472509498293904
22.0,explicit,0.21428571428571427,0.7142857142857142,0.24472136201440892
22.0,explicit,0.21428571428571427,0.7857142857142857,0.18361786354401907
22.0,explicit,0.21428571428571427,0.8571428571428571,0.12155423755103016
22.0,explicit,0.21428571428571427,0.9285714285714285,0.05514023405297272
22.0,explicit,0.21428571428571427,1.0,-0.19596701238797756
22.0,explicit,0.2857142857142857,0.0,-0.19596701238797756
22.0,explicit,0.2857142857142857,0.07142857142857142,0.07554245139923292
22.0,explicit,0.2857142857142857,0.14285714285714285,0.16230860259475108
22.0,explicit,0.2857142857142857,0.21428571428571427,0.2447213620144089
22.0,explicit,0.2857142857142857,0.2857142857142857,0.3261364368687832
22.0,explicit,0.2857142857142857,0.3571428571428571,0.40609922493263834
22.0,explicit,0.2857142857142857,0.42857142857142855,0.47747722317647734
22.0,explicit,0.2857142857142857,0.5,0.5142968209737773
22.0,explicit,0.2857142857142857,0.5714285714285714,0.4774772231764774
22.0,explicit,0.2857142857142857,0.6428571428571428,0.4060992249326384
22.0,explicit,0.2857142857142857,0.7142857142857142,0.32613643686878324
22.0,explicit,0.2857142857142857,0.7857142857142857,0.24472136201440894
22.0,explicit,0.2857142857142857,0.8571428571428571,0.16230860259475113
22.0,explicit,0.2857142857142857,0.9285714285714285,0.07554245139923298
22.0,explicit,0.2857142857142857,1.0,-0.19596701238797756
22.0,explicit,0.3571428571428571,0.0,-0.19596701238797756
22.0,explicit,0.3571428571428571,0.07142857142857142,0.09554408560543451
22.0,explicit,0.3571428571428571,0.14285714285714285,0.20231196377179397
22.0,explicit,0.3571428571428571,0.21428571428571427,0.3047250949829389
22.0,explicit,0.3571428571428571,0.2857142857142857,0.40609922493263834
22.0,explicit,0.3571428571428571,0.3571428571428571,0.5056727329206969
22.0,explicit,0.3571428571428571,0.42857142857142855,0.5945514716308858
22.0,explicit,0.3571428571428571,0.5,0.6403944400652024
22.0,explicit,0.3571428571428571,0.5714285714285714,0.594551471630886
22.0,explicit,0.3571428571428571,0.6428571428571428,0.505672732920697
22.0,explicit,0.3571428571428571,0.7142857142857142,0.40609922493263845
22.0,explicit,0.3571428571428571,0.7857142857142857,0.3047250949829391
22.0,explicit,0.3571428571428571,0.8571428571428571,0.20231196377179406
22.0,explicit,0.3571428571428571,0.9285714285714285,0.09554408560543456
22.0,explicit,0.3571428571428571,1.0,-0.19596701238797756
22.0,explicit,0.42857142857142855,0.0,-0.19596701238797756
22.0,explicit,0.42857142857142855,0.07142857142857142,0.11339953233976441
22.0,explicit,0.42857142857142855,0.14285714285714285,0.23802312937019138
22.0,explicit,0.42857142857142855,0.21428571428571427,0.3582887541811577
22.0,explicit,0.42857142857142855,0.2857142857142857,0.47747722317647734
22.0,explicit,0.42857142857142855,0.3571428571428571,0.5945514716308858
22.0,explicit,0.42857142857142855,0.42857142857142855,0.6990394334272312
22.0,explicit,0.42857142857142855,0.5,0.7529189675414849
22.0,explicit,0.42857142857142855,0.5714285714285714,0.6990394334272313
22.0,explicit,0.42857142857142855,0.6428571428571428,0.594551471630886
22.0,explicit,0.42857142857142855,0.7142857142857142,0.4774772231764775
22.0,explicit,0.42857142857142855,0.7857142857142857,0.35828875418115774
22.0,explicit,0.42857142857142855,0.8571428571428571,0.23802312937019146
22.0,explicit,0.42857142857142855,0.9285714285714285,0.1133995323397645
22.0,explicit,0.42857142857142855,1.0,-0.19596701238797756
22.0,explicit,0.5,0.0,-0.19596701238797756
22.0,explicit,0.5,0.07142857142857142,0.12261055327040311
22.0,explicit,0.5,0.14285714285714285,0.25644508472673144
22.0,explicit,0.5,0.21428571428571427,0.38591971792576285
22.0,explicit,0.5,0.2857142857142857,0.5142968209737773
22.0,explicit,0.5,0.3571428571428571,0.6403944400652024
22.0,explicit,0.5,0.42857142857142855,0.7529189675414849
22.0,explicit,0.5,0.5,0.810921012974257
22.0,explicit,0.5,0.5714285714285714,0.752918967541485
22.0,explicit,0.5,0.6428571428571428,0.6403944400652026
22.0,explicit,0.5,0.7142857142857142,0.5142968209737774
22.0,explicit,0.5,0.7857142857142857,0.38591971792576296
22.0,explicit,0.5,0.8571428571428571,0.25644508472673155
22.0,explicit,0.5,0.9285714285714285,0.12261055327040318
22.0,explicit,0.5,1.0,-0.19596701238797756
22.0,explicit,0.5714285714285714,0.0,-0.19596701238797756
22.0,explicit,0.5714285714285714,0.07142857142857142,0.11339953233976444
22.0,explicit,0.5714285714285714,0.14285714285714285,0.23802312937019143
22.0,explicit,0.5714285714285714,0.21428571428571427,0.35828875418115774
22.0,explicit,0.5714285714285714,0.2857142857142857,0.4774772231764774
22.0,explicit,0.5714285714285714,0.3571428571428571,0.594551471630886
22.0,explicit,0.5714285714285714,0.42857142857142855,0.6990394334272313
22.0,explicit,0.5714285714285714,0.5,0.752918967541485
22.0,explicit,0.5714285714285714,0.5714285714285714,0.6990394334272314
22.0,explicit,0.5714285714285714,0.6428571428571428,0.5945514716308861
22.0,explicit,0.5714285714285714,0.7142857142857142,0.47747722317647756
22.0,explicit,0.5714285714285714,0.7857142857142857,0.3582887541811578
22.0,explicit,0.5714285714285714,0.8571428571428571,0.2380231293701915
22.0,explicit,0.5714285714285714,0.9285714285714285,0.1133995323397645
22.0,explicit,0.5714285714285714,1.0,-0.19596701238797756
22.0,explicit,0.6428571428571428,0.0,-0.19596701238797756
22.0,explicit,0.6428571428571428,0.07142857142857142,0.09554408560543452
22.0,explicit,0.6428571428571428,0.14285714285714285,0.20231196377179403
22.0,explicit,0.6428571428571428,0.21428571428571427,0.30472509498293904
22.0,explicit,0.6428571428571428,0.2857142857142857,0.4060992249326384
22.0,explicit,0.6428571428571428,0.3571428571428571,0.505672732920697
22.0,explicit,0.6428571428571428,0.42857142857142855,0.594551471630886
22.0,explicit,0.6428571428571428,0.5,0.6403944400652026
22.0,explicit,0.6428571428571428,0.5714285714285714,0.5945514716308861
22.0,explicit,0.6428571428571428,0.6428571428571428,0.5056727329206973
22.0,explicit,0.6428571428571428,0.7142857142857142,0.40609922493263856
22.0,explicit,0.6428571428571428,0.7857142857142857,0.30472509498293915
22.0,explicit,0.6428571428571428,0.8571428571428571,0.2023119637717941
22.0,explicit,0.6428571428571428,0.9285714285714285,0.09554408560543459
22.0,explicit,0.6428571428571428,1.0,-0.19596701238797756
22.0,explicit,0.7142857142857142,0.0,-0.19596701238797756
22.0,explicit,0.7142857142857142,0.07142857142857142,0.07554245139923293
22.0,explicit,0.7142857142857142,0.14285714285714285,0.1623086025947511
22.0,explicit,0.7142857142857142,0.21428571428571427,0.24472136201440892
22.0,explicit,0.7142857142857142,0.2857142857142857,0.32613643686878324
22.0,explicit,0.7142857142857142,0.3571428571428571,0.40609922493263845
22.0,explicit,0.7142857142857142,0.42857142857142855,0.4774772231764775
22.0,explicit,0.7142857142857142,0.5,0.5142968209737774
22.0,explicit,0.7142857142857142,0.5714285714285714,0.47747722317647756
22.0,explicit,0.7142857142857142,0.6428571428571428,0.40609922493263856
22.0,explicit,0.7142857142857142,0.7142857142857142,0.3261364368687834
22.0,explicit,0.7142857142857142,0.7857142857142857,0.24472136201440903
22.0,explicit,0.7142857142857142,0.8571428571428571,0.1623086025947512
22.0,explicit,0.7142857142857142,0.9285714285714285,0.075542451399233
22.0,explicit,0.7142857142857142,1.0,-0.19596701238797756
22.0,explicit,0.7857142857142857,0.0,-0.19596701238797756
22.0,explicit,0.7857142857142857,0.07142857142857142,0.055140234052972685
22.0,explicit,0.7857142857142857,0.14285714285714285,0.12155423755103012
22.0,explicit,0.7857142857142857,0.21428571428571427,0.18361786354401907
22.0,explicit,0.7857142857142857,0.2857142857142857,0.24472136201440894
22.0,explicit,0.7857142857142857,0.3571428571428571,0.3047250949829391
22.0,explicit,0.7857142857142857,0.42857142857142855,0.35828875418115774
22.0,explicit,0.7857142857142857,0.5,0.38591971792576296
22.0,explicit,0.7857142857142857,0.5714285714285714,0.3582887541811578
22.0,explicit,0.7857142857142857,0.6428571428571428,0.30472509498293915
22.0,explicit,0.7857142857142857,0.7142857142857142,0.24472136201440903
22.0,explicit,0.7857142857142857,0.7857142857142857,0.1836178635440191
22.0,explicit,0.7857142857142857,0.8571428571428571,0.12155423755103018
22.0,explicit,0.7857142857142857,0.9285714285714285,0.05514023405297273
22.0,explicit,0.7857142857142857,1.0,-0.19596701238797756
22.0,explicit,0.8571428571428571,0.0,-0.19596701238797756
22.0,explicit,0.8571428571428571,0.07142857142857142,0.03401220702820078
22.0,explicit,0.8571428571428571,0.14285714285714285,0.07988014721258818
22.0,explicit,0.8571428571428571,0.21428571428571427,0.12155423755103016
22.0,explicit,0.8571428571428571,0.2857142857142857,0.16230860259475113
22.0,explicit,0.8571428571428571,0.3571428571428571,0.20231196377179406
22.0,explicit,0.8571428571428571,0.42857142857142855,0.23802312937019146
22.0,explicit,0.8571428571428571,0.5,0.25644508472673155
22.0,explicit,0.8571428571428571,0.5714285714285714,0.2380231293701915
22.0,explicit,0.8571428571428571,0.6428571428571428,0.2023119637717941
22.0,explicit,0.8571428571428571,0.7142857142857142,0.1623086025947512
22.0,explicit,0.8571428571428571,0.7857142857142857,0.12155423755103018
22.0,explicit,0.8571428571428571,0.8571428571428571,0.0798801472125882
22.0,explicit,0.8571428571428571,0.9285714285714285,0.0340122070282008
22.0,explicit,0.8571428571428571,1.0,-0.19596701238797756
22.0,explicit,0.9285714285714285,0.0,-0.19596701238797756
22.0,explicit,0.9285714285714285,0.07142857142857142,0.009909596571878525
22.0,explicit,0.9285714285714285,0.14285714285714285,0.03401220702820079
22.0,explicit,0.9285714285714285,0.21428571428571427,0.05514023405297272
22.0,explicit,0.9285714285714285,0.2857142857142857,0.07554245139923298
22.0,explicit,0.9285714285714285,0.3571428571428571,0.09554408560543456
22.0,explicit,0.9285714285714285,0.42857142857142855,0.1133995323397645
22.0,explicit,0.9285714285714285,0.5,0.12261055327040322
22.0,explicit,0.9285714285714285,0.5714285714285714,0.11339953233976452
22.0,explicit,0.9285714285714285,0.6428571428571428,0.09554408560543459
22.0,explicit,0.9285714285714285,0.7142857142857142,0.07554245139923299
22.0,explicit,0.9285714285714285,0.7857142857142857,0.05514023405297273
22.0,explicit,0.9285714285714285,0.8571428571428571,0.0340122070282008
22.0,explicit,0.9285714285714285,0.9285714285714285,0.009909596571878537
22.0,explicit,0.9285714285714285,1.0,-0.19596701238797756
22.0,explicit,1.0,0.0,-0.19596701238797756
22.0,explicit,1.0,0.07142857142857142,-0.19596701238797756
22.0,explicit,1.0,0.14285714285714285,-0.19596701238797756
22.0,explicit,1.0,0.21428571428571427,-0.19596701238797756
22.0,explicit,1.0,0.2857142857142857,-0.19596701238797756
22.0,explicit,1.0,0.3571428571428571,-0.19596701238797756
22.0,explicit,1.0,0.42857142857142855,-0.19596701238797756
22.0,explicit,1.0,0.5,-0.19596701238797756
22.0,explicit,1.0,0.5714285714285714,-0.19596701238797756
22.0,explicit,1.0,0.6428571428571428,-0.19596701238797756
22.0,explicit,1.0,0.7142857142857142,-0.19596701238797756
22.0,explicit,1.0,0.7857142857142857,-0.19596701238797756
22.0,explicit,1.0,0.8571428571428571,-0.19596701238797756
22.0,explicit,1.0,0.9285714285714285,-0.19596701238797756
22.0,explicit,1.0,1.0,-0.19596701238797756
23.0,explicit,0.0,0.0,-0.13281860488984307
23.0,explicit,0.0,0.07142857142857142,-0.13281860488984307
23.0,explicit,0.0,0.14285714285714285,-0.13281860488984307
23.0,explicit,0.0,0.21428571428571427,-0.13281860488984307
23.0,explicit,0.0,0.2857142857142857,-0.13281860488984307
23.0,explicit,0.0,0.3571428571428571,-0.13281860488984307
23.0,explicit,0.0,0.42857142857142855,-0.13281860488984307
23.0,explicit,0.0,0.5,-0.13281860488984307
23.0,explicit,0.0,0.5714285714285714,-0.13281860488984307
23.0,explicit,0.0,0.6428571428571428,-0.13281860488984307
23.0,explicit,0.0,0.7142857142857142,-0.13281860488984307
23.0,explicit,0.0,0.7857142857142857,-0.13281860488984307
23.0,explicit,0.0,0.8571428571428571,-0.13281860488984307
23.0,explicit,0.0,0.9285714285714285,-0.13281860488984307
23.0,explicit,0.0,1.0,-0.13281860488984307
23.0,explicit,0.07142857142857142,0.0,-0.13281860488984307
23.0,explicit,0.07142857142857142,0.07142857142857142,0.004931408788349764
23.0,explicit,0.07142857142857142,0.14285714285714285,0.03145037595321488
23.0,explicit,0.07142857142857142,0.21428571428571427,0.05260122718127367
23.0,explicit,0.07142857142857142,0.2857142857142857,0.07300721234547791
23.0,explicit,0.07142857142857142,0.3571428571428571,0.09298494466133421
23.0,explicit,0.07142857142857142,0.42857142857142855,0.11075141250915865
23.0,explicit,0.07142857142857142,0.5,0.11982854399508178
23.0,explicit,0.07142857142857142,0.5714285714285714,0.11075141250915868
23.0,explicit,0.07142857142857142,0.6428571428571428,0.09298494466133424
23.0,explicit,0.07142857142857142,0.7142857142857142,0.07300721234547794
23.0,explicit,0.07142857142857142,0.7857142857142857,0.0526012271812737
23.0,explicit,0.07142857142857142,0.8571428571428571,0.03145037595321489
23.0,explicit,0.07142857142857142,0.9285714285714285,0.004931408788349778
23.0,explicit,0.07142857142857142,1.0,-0.13281860488984307
23.0,explicit,0.14285714285714285,0.0,-0.13281860488984307
23.0,explicit,0.14285714285714285,0.07142857142857142,0.03145037595321488
23.0,explicit,0.14285714285714285,0.14285714285714285,0.0797652915553384
23.0,explicit,0.14285714285714285,0.21428571428571427,0.12148207222047723
23.0,explicit,0.14285714285714285,0.2857142857142857,0.1622387063493057
23.0,explicit,0.14285714285714285,0.3571428571428571,0.2021935582131296
23.0,explicit,0.14285714285714285,0.42857142857142855,0.23772670705411778
23.0,explicit,0.14285714285714285,0.5,0.2558808667963898
23.0,explicit,0.14285714285714285,0.5714285714285714,0.23772670705411783
23.0,explicit,0.14285714285714285,0.6428571428571428,0.20219355821312965
23.0,explicit,0.14285714285714285,0.7142857142857142,0.16223870634930573
23.0,explicit,0.14285714285714285,0.7857142857142857,0.12148207222047724
23.0,explicit,0.14285714285714285,0.8571428571428571,0.07976529155533843
23.0,explicit,0.14285714285714285,0.9285714285714285,0.031450375953214905
23.0,explicit,0.14285714285714285,1.0,-0.13281860488984307
23.0,explicit,0.21428571428571427,0.0,-0.13281860488984307
23.0,explicit,0.21428571428571427,0.07142857142857142,0.05260122718127368
23.0,explicit,0.21428571428571427,0.14285714285714285,0.12148207222047723
23.0,explicit,0.21428571428571427,0.21428571428571427,0.18359156883111744
23.0,explicit,0.21428571428571427,0.2857142857142857,0.2446926409091167
23.0,explicit,0.21428571428571427,0.3571428571428571,0.3046226814357273
23.0,explicit,0.21428571428571427,0.42857142857142855,0.3579188989963389
23.0,explicit,0.21428571428571427,0.5,0.3851479684846418
23.0,explicit,0.21428571428571427,0.5714285714285714,0.35791889899633894
23.0,explicit,0.21428571428571427,0.6428571428571428,0.3046226814357274
23.0,explicit,0.21428571428571427,0.7142857142857142,0.24469264090911672
23.0,explicit,0.21428571428571427,0.7857142857142857,0.18359156883111746
23.0,explicit,0.21428571428571427,0.8571428571428571,0.12148207222047729
23.0,explicit,0.21428571428571427,0.9285714285714285,0.052601227181273726
23.0,explicit,0.21428571428571427,1.0,-0.13281860488984307
23.0,explicit,0.2857142857142857,0.0,-0.13281860488984307
23.0,explicit,0.2857142857142857,0.07142857142857142,0.07300721234547793
23.0,explicit,0.2857142857142857,0.14285714285714285,0.1622387063493057
23.0,explicit,0.2857142857142857,0.21428571428571427,0.2446926409091167
23.0,explicit,0.2857142857142857,0.2857142857142857,0.32609666354356476
23.0,explicit,0.2857142857142857,0.3571428571428571,0.40595701391653044
23.0,explicit,0.2857142857142857,0.42857142857142855,0.47697505236191456
23.0,explicit,0.2857142857142857,0.5,0.513257240378657
23.0,explicit,0.2857142857142857,0.5714285714285714,0.4769750523619146
23.0,explicit,0.2857142857142857,0.6428571428571428,0.4059570139165305
23.0,explicit,0.2857142857142857,0.7142857142857142,0.3260966635435648
23.0,explicit,0.2857142857142857,0.7857142857142857,0.24469264090911674
23.0,explicit,0.2857142857142857,0.8571428571428571,0.16223870634930576
23.0,explicit,0.2857142857142857,0.9285714285714285,0.07300721234547798
23.0,explicit,0.2857142857142857,1.0,-0.13281860488984307
23.0,explicit,0.3571428571428571,0.0,-0.13281860488984307
23.0,explicit,0.3571428571428571,0.07142857142857142,0.09298494466133422
23.0,explicit,0.3571428571428571,0.14285714285714285,0.2021935582131296
23.0,explicit,0.3571428571428571,0.21428571428571427,0.3046226814357273
23.0,explicit,0.3571428571428571,0.2857142857142857,0.40595701391653044
23.0,explicit,0.3571428571428571,0.3571428571428571,0.505379838611252
23.0,explicit,0.3571428571428571,0.42857142857142855,0.5937898196713018
23.0,explicit,0.3571428571428571,0.5,0.6389530919790684
23.0,explicit,0.3571428571428571,0.5714285714285714,0.593789819671302
23.0,explicit,0.3571428571428571,0.6428571428571428,0.5053798386112521
23.0,explicit,0.3571428571428571,0.7142857142857142,0.40595701391653055
23.0,explicit,0.3571428571428571,0.7857142857142857,0.3046226814357274
23.0,explicit,0.3571428571428571,0.8571428571428571,0.20219355821312968
23.0,explicit,0.3571428571428571,0.9285714285714285,0.09298494466133428
23.0,explicit,0.3571428571428571,1.0,-0.13281860488984307
23.0,explicit,0.42857142857142855,0.0,-0.13281860488984307
23.0,explicit,0.42857142857142855,0.07142857142857142,0.11075141250915865
23.0,explicit,0.42857142857142855,0.14285714285714285,0.23772670705411778
23.0,explicit,0.42857142857142855,0.21428571428571427,0.3579188989963389
23.0,explicit,0.42857142857142855,0.2857142857142857,0.47697505236191456
23.0,explicit,0.42857142857142855,0.3571428571428571,0.5937898196713018
23.0,explicit,0.42857142857142855,0.42857142857142855,0.6976534362081313
23.0,explicit,0.42857142857142855,0.5,0.7506967904487568
23.0,explicit,0.42857142857142855,0.5714285714285714,0.6976534362081314
23.0,explicit,0.42857142857142855,0.6428571428571428,0.593789819671302
23.0,explicit,0.42857142857142855,0.7142857142857142,0.47697505236191473
23.0,explicit,0.42857142857142855,0.7857142857142857,0.35791889899633894
23.0,explicit,0.42857142857142855,0.8571428571428571,0.23772670705411786
23.0,explicit,0.42857142857142855,0.9285714285714285,0.11075141250915874
23.0,explicit,0.42857142857142855,1.0,-0.13281860488984307
23.0,explicit,0.5,0.0,-0.13281860488984307
23.0,explicit,0.5,0.07142857142857142,0.11982854399508178
23.0,explicit,0.5,0.14285714285714285,0.2558808667963898
23.0,explicit,0.5,0.21428571428571427,0.3851479684846418
23.0,explicit,0.5,0.2857142857142857,0.513257240378657
23.0,explicit,0.5,0.3571428571428571,0.6389530919790684
23.0,explicit,0.5,0.42857142857142855,0.7506967904487568
23.0,explicit,0.5,0.5,0.8077440451309987
23.0,explicit,0.5,0.5714285714285714,0.7506967904487569
23.0,explicit,0.5,0.6428571428571428,0.6389530919790686
23.0,explicit,0.5,0.7142857142857142,0.5132572403786573
23.0,explicit,0.5,0.7857142857142857,0.3851479684846419
23.0,explicit,0.5,0.8571428571428571,0.25588086679638994
23.0,explicit,0.5,0.9285714285714285,0.11982854399508185
23.0,explicit,0.5,1.0,-0.13281860488984307
23.0,explicit,0.5714285714285714,0.0,-0.13281860488984307
23.0,explicit,0.5714285714285714,0.07142857142857142,0.11075141250915868
23.0,explicit,0.5714285714285714,0.14285714285714285,0.23772670705411783
23.0,explicit,0.5714285714285714,0.21428571428571427,0.35791889899633894
23.0,explicit,0.5714285714285714,0.2857142857142857,0.4769750523619146
23.0,explicit,0.5714285714285714,0.3571428571428571,0.593789819671302
23.0,explicit,0.5714285714285714,0.42857142857142855,0.6976534362081314
23.0,explicit,0.5714285714285714,0.5,0.7506967904487569
23.0,explicit,0.5714285714285714,0.5714285714285714,0.6976534362081315
23.0,explicit,0.5714285714285714,0.6428571428571428,0.5937898196713021
23.0,explicit,0.5714285714285714,0.7142857142857142,0.4769750523619148
23.0,explicit,0.5714285714285714,0.7857142857142857,0.357918898996339
23.0,explicit,0.5714285714285714,0.8571428571428571,0.2377267070541179
23.0,explicit,0.5714285714285714,0.9285714285714285,0.11075141250915874
23.0,explicit,0.5714285714285714,1.0,-0.13281860488984307
23.0,explicit,0.6428571428571428,0.0,-0.13281860488984307
23.0,explicit,0.6428571428571428,0.07142857142857142,0.09298494466133424
23.0,explicit,0.6428571428571428,0.14285714285714285,0.20219355821312965
23.0,explicit,0.6428571428571428,0.21428571428571427,0.3046226814357274
23.0,explicit,0.6428571428571428,0.2857142857142857,0.4059570139165305
23.0,explicit,0.6428571428571428,0.3571428571428571,0.5053798386112521
23.0,explicit,0.6428571428571428,0.42857142857142855,0.593789819671302
23.0,explicit,0.6428571428571428,0.5,0.6389530919790686
23.0,explicit,0.6428571428571428,0.5714285714285714,0.5937898196713021
23.0,explicit,0.6428571428571428,0.6428571428571428,0.5053798386112524
23.0,explicit,0.6428571428571428,0.7142857142857142,0.40595701391653066
23.0,explicit,0.6428571428571428,0.7857142857142857,0.3046226814357275
23.0,explicit,0.6428571428571428,0.8571428571428571,0.20219355821312973
23.0,explicit,0.6428571428571428,0.9285714285714285,0.0929849446613343
23.0,explicit,0.6428571428571428,1.0,-0.13281860488984307
23.0,explicit,0.7142857142857142,0.0,-0.13281860488984307
23.0,explicit,0.7142857142857142,0.07142857142857142,0.07300721234547794
23.0,explicit,0.7142857142857142,0.14285714285714285,0.16223870634930573
23.0,explicit,0.7142857142857142,0.21428571428571427,0.24469264090911672
23.0,explicit,0.7142857142857142,0.2857142857142857,0.3260966635435648
23.0,explicit,0.7142857142857142,0.3571428571428571,0.40595701391653055
23.0,explicit,0.7142857142857142,0.42857142857142855,0.47697505236191473
23.0,explicit,0.7142857142857142,0.5,0.5132572403786573
23.0,explicit,0.7142857142857142,0.5714285714285714,0.4769750523619148
23.0,explicit,0.7142857142857142,0.6428571428571428,0.40595701391653066
23.0,explicit,0.7142857142857142,0.7142857142857142,0.326096663543565
23.0,explicit,0.7142857142857142,0.7857142857142857,0.24469264090911683
23.0,explicit,0.7142857142857142,0.8571428571428571,0.16223870634930582
23.0,explicit,0.7142857142857142,0.9285714285714285,0.07300721234547801
23.0,explicit,0.7142857142857142,1.0,-0.13281860488984307
23.0,explicit,0.7857142857142857,0.0,-0.13281860488984307
23.0,explicit,0.7857142857142857,0.07142857142857142,0.05260122718127369
23.0,explicit,0.7857142857142857,0.14285714285714285,0.12148207222047724
23.0,explicit,0.7857142857142857,0.21428571428571427,0.18359156883111746
23.0,explicit,0.7857142857142857,0.2857142857142857,0.24469264090911674
23.0,explicit,0.7857142857142857,0.3571428571428571,0.3046226814357274
23.0,explicit,0.7857142857142857,0.42857142857142855,0.35791889899633894
23.0,explicit,0.7857142857142857,0.5,0.3851479684846419
23.0,explicit,0.7857142857142857,0.5714285714285714,0.357918898996339
23.0,explicit,0.7857142857142857,0.6428571428571428,0.3046226814357275
23.0,explicit,0.7857142857142857,0.7142857142857142,0.24469264090911683
23.0,explicit,0.7857142857142857,0.7857142857142857,0.1835915688311175
23.0,explicit,0.7857142857142857,0.8571428571428571,0.1214820722204773
23.0,explicit,0.7857142857142857,0.9285714285714285,0.05260122718127373
23.0,explicit,0.7857142857142857,1.0,-0.13281860488984307
23.0,explicit,0.8571428571428571,0.0,-0.13281860488984307
23.0,explicit,0.8571428571428571,0.07142857142857142,0.03145037595321489
23.0,explicit,0.8571428571428571,0.14285714285714285,0.07976529155533843
23.0,explicit,0.8571428571428571,0.21428571428571427,0.12148207222047729
23.0,explicit,0.8571428571428571,0.2857142857142857,0.16223870634930576
23.0,explicit,0.8571428571428571,0.3571428571428571,0.20219355821312968
23.0,explicit,0.8571428571428571,0.42857142857142855,0.23772670705411786
23.0,explicit,0.8571428571428571,0.5,0.25588086679638994
23.0,explicit,0.8571428571428571,0.5714285714285714,0.2377267070541179
23.0,explicit,0.8571428571428571,0.6428571428571428,0.20219355821312973
23.0,explicit,0.8571428571428571,0.7142857142857142,0.16223870634930582
23.0,explicit,0.8571428571428571,0.7857142857142857,0.1214820722204773
23.0,explicit,0.8571428571428571,0.8571428571428571,0.07976529155533844
23.0,explicit,0.8571428571428571,0.9285714285714285,0.03145037595321491
23.0,explicit,0.8571428571428571,1.0,-0.13281860488984307
23.0,explicit,0.9285714285714285,0.0,-0.13281860488984307
23.0,explicit,0.9285714285714285,0.07142857142857142,0.004931408788349778
23.0,explicit,0.9285714285714285,0.14285714285714285,0.031450375953214905
23.0,explicit,0.9285714285714285,0.21428571428571427,0.052601227181273726
23.0,explicit,0.9285714285714285,0.2857142857142857,0.07300721234547798
23.0,explicit,0.9285714285714285,0.3571428571428571,0.09298494466133428
23.0,explicit,0.9285714285714285,0.42857142857142855,0.11075141250915874
23.0,explicit,0.9285714285714285,0.5,0.11982854399508189
23.0,explicit,0.9285714285714285,0.5714285714285714,0.11075141250915875
23.0,explicit,0.9285714285714285,0.6428571428571428,0.0929849446613343
23.0,explicit,0.9285714285714285,0.7142857142857142,0.073007212345478
23.0,explicit,0.9285714285714285,0.7857142857142857,0.05260122718127373
23.0,explicit,0.9285714285714285,0.8571428571428571,0.03145037595321491
23.0,explicit,0.9285714285714285,0.9285714285714285,0.00493140878834979
23.0,explicit,0.9285714285714285,1.0,-0.13281860488984307
23.0,explicit,1.0,0.0,-0.13281860488984307
23.0,explicit,1.0,0.07142857142857142,-0.13281860488984307
23.0,explicit,1.0,0.14285714285714285,-0.13281860488984307
23.0,explicit,1.0,0.21428571428571427,-0.13281860488984307
23.0,explicit,1.0,0.2857142857142857,-0.13281860488984307
23.0,explicit,1.0,0.3571428571428571,-0.13281860488984307
23.0,explicit,1.0,0.42857142857142855,-0.13281860488984307
23.0,explicit,1.0,0.5,-0.13281860488984307
23.0,explicit,1.0,0.5714285714285714,-0.13281860488984307
23.0,explicit,1.0,0.6428571428571428,-0.13281860488984307
23.0,explicit,1.0,0.7142857142857142,-0.13281860488984307
23.0,explicit,1.0,0.7857142857142857,-0.13281860488984307
23.0,explicit,1.0,0.8571428571428571,-0.13281860488984307
23.0,explicit,1.0,0.9285714285714285,-0.13281860488984307
23.0,explicit,1.0,1.0,-0.13281860488984307
24.0,explicit,0.0,0.0,0.07384665799954104
24.0,explicit,0.0,0.07142857142857142,0.07384665799954104
24.0,explicit,0.0,0.14285714285714285,0.07384665799954104
24.0,explicit,0.0,0.21428571428571427,0.07384665799954104
24.0,explicit,0.0,0.2857142857142857,0.07384665799954104
24.0,explicit,0.0,0.3571428571428571,0.07384665799954104
24.0,explicit,0.0,0.42857142857142855,0.07384665799954104
24.0,explicit,0.0,0.5,0.07384665799954104
24.0,explicit,0.0,0.5714285714285714,0.07384665799954104
24.0,explicit,0.0,0.6428571428571428,0.07384665799954104
24.0,explicit,0.0,0.7142857142857142,0.07384665799954104
24.0,explicit,0.0,0.7857142857142857,0.07384665799954104
24.0,explicit,0.0,0.8571428571428571,0.07384665799954104
24.0,explicit,0.0,0.9285714285714285,0.07384665799954104
24.0,explicit,0.0,1.0,0.07384665799954104
24.0,explicit,0.07142857142857142,0.0,0.07384665799954104
24.0,explicit,0.07142857142857142,0.07142857142857142,0.0031368639879392774
24.0,explicit,0.07142857142857142,0.14285714285714285,0.030240878923948205
24.0,explicit,0.07142857142857142,0.21428571428571427,0.051519335901132945
24.0,explicit,0.07142857142857142,0.2857142857142857,0.07193273191581465
24.0,explicit,0.07142857142857142,0.3571428571428571,0.09186110965835313
24.0,explicit,0.07142857142857142,0.42857142857142855,0.10945048952573008
24.0,explicit,0.07142857142857142,0.5,0.11827251458091115
24.0,explicit,0.07142857142857142,0.5714285714285714,0.10945048952573011
24.0,explicit,0.07142857142857142,0.6428571428571428,0.09186110965835316
24.0,explicit,0.07142857142857142,0.7142857142857142,0.07193273191581467
24.0,explicit,0.07142857142857142,0.7857142857142857,0.05151933590113297
24.0,explicit,0.07142857142857142,0.8571428571428571,0.03024087892394822
24.0,explicit,0.07142857142857142,0.9285714285714285,0.0031368639879392913
24.0,explicit,0.07142857142857142,1.0,0.07384665799954104
24.0,explicit,0.14285714285714285,0.0,0.07384665799954104
24.0,explicit,0.14285714285714285,0.07142857142857142,0.030240878923948205
24.0,explicit,0.14285714285714285,0.14285714285714285,0.07936538992858641
24.0,explicit,0.14285714285714285,0.21428571428571427,0.1212498656553249
24.0,explicit,0.14285714285714285,0.2857142857142857,0.16201090892271405
24.0,explicit,0.14285714285714285,0.3571428571428571,0.20186551785384635
24.0,explicit,0.14285714285714285,0.42857142857142855,0.2370443364901095
24.0,explicit,0.14285714285714285,0.5,0.2546882428593156
24.0,explicit,0.14285714285714285,0.5714285714285714,0.23704433649010953
24.0,explicit,0.14285714285714285,0.6428571428571428,0.2018655178538464
24.0,explicit,0.14285714285714285,0.7142857142857142,0.16201090892271408
24.0,explicit,0.14285714285714285,0.7857142857142857,0.12124986565532492
24.0,explicit,0.14285714285714285,0.8571428571428571,0.07936538992858644
24.0,explicit,0.14285714285714285,0.9285714285714285,0.030240878923948233
24.0,explicit,0.14285714285714285,1.0,0.07384665799954104
24.0,explicit,0.21428571428571427,0.0,0.07384665799954104
24.0,explicit,0.21428571428571427,0.07142857142857142,0.05151933590113295
24.0,explicit,0.21428571428571427,0.14285714285714285,0.1212498656553249
24.0,explicit,0.21428571428571427,0.21428571428571427,0.18353411439661454
24.0,explicit,0.21428571428571427,0.2857142857142857,0.24462965496430086
24.0,explicit,0.21428571428571427,0.3571428571428571,0.3044071830174097
24.0,explicit,0.21428571428571427,0.42857142857142855,0.35717095534751897
24.0,explicit,0.21428571428571427,0.5,0.38363420408939736
24.0,explicit,0.21428571428571427,0.5714285714285714,0.357170955347519
24.0,explicit,0.21428571428571427,0.6428571428571428,0.3044071830174098
24.0,explicit,0.21428571428571427,0.7142857142857142,0.2446296549643009
24.0,explicit,0.21428571428571427,0.7857142857142857,0.18353411439661457
24.0,explicit,0.21428571428571427,0.8571428571428571,0.12124986565532496
24.0,explicit,0.21428571428571427,0.9285714285714285,0.051519335901133
24.0,explicit,0.21428571428571427,1.0,0.07384665799954104
24.0,explicit,0.2857142857142857,0.0,0.07384665799954104
24.0,explicit,0.2857142857142857,0.07142857142857142,0.07193273191581466
24.0,explicit,0.2857142857142857,0.14285714285714285,0.16201090892271405
24.0,explicit,0.2857142857142857,0.21428571428571427,0.24462965496430086
24.0,explicit,0.2857142857142857,0.2857142857142857,0.32600956127024977
24.0,explicit,0.2857142857142857,0.3571428571428571,0.4056574765300561
24.0,explicit,0.2857142857142857,0.42857142857142855,0.47595838871361684
24.0,explicit,0.2857142857142857,0.5,0.5112162340040004
24.0,explicit,0.2857142857142857,0.5714285714285714,0.4759583887136169
24.0,explicit,0.2857142857142857,0.6428571428571428,0.4056574765300562
24.0,explicit,0.2857142857142857,0.7142857142857142,0.3260095612702498
24.0,explicit,0.2857142857142857,0.7857142857142857,0.24462965496430092
24.0,explicit,0.2857142857142857,0.8571428571428571,0.1620109089227141
24.0,explicit,0.2857142857142857,0.9285714285714285,0.07193273191581472
24.0,explicit,0.2857142857142857,1.0,0.07384665799954104
24.0,explicit,0.3571428571428571,0.0,0.07384665799954104
24.0,explicit,0.3571428571428571,0.07142857142857142,0.09186110965835315
24.0,explicit,0.3571428571428571,0.14285714285714285,0.20186551785384635
24.0,explicit,0.3571428571428571,0.21428571428571427,0.3044071830174097
24.0,explicit,0.3571428571428571,0.2857142857142857,0.4056574765300561
24.0,explicit,0.3571428571428571,0.3571428571428571,0.5047680400204724
24.0,explicit,0.3571428571428571,0.42857142857142855,0.5922432216106798
24.0,explicit,0.3571428571428571,0.5,0.6361101739958736
24.0,explicit,0.3571428571428571,0.5714285714285714,0.5922432216106799
24.0,explicit,0.3571428571428571,0.6428571428571428,0.5047680400204725
24.0,explicit,0.3571428571428571,0.7142857142857142,0.40565747653005624
24.0,explicit,0.3571428571428571,0.7857142857142857,0.3044071830174098
24.0,explicit,0.3571428571428571,0.8571428571428571,0.20186551785384643
24.0,explicit,0.3571428571428571,0.9285714285714285,0.0918611096583532
24.0,explicit,0.3571428571428571,1.0,0.07384665799954104
24.0,explicit,0.42857142857142855,0.0,0.07384665799954104
24.0,explicit,0.42857142857142855,0.07142857142857142,0.10945048952573008
24.0,explicit,0.42857142857142855,0.14285714285714285,0.2370443364901095
24.0,explicit,0.42857142857142855,0.21428571428571427,0.35717095534751897
24.0,explicit,0.42857142857142855,0.2857142857142857,0.47595838871361684
24.0,explicit,0.42857142857142855,0.3571428571428571,0.5922432216106798
24.0,explicit,0.42857142857142855,0.42857142857142855,0.6948647011768296
24.0,explicit,0.42857142857142855,0.5,0.7463136077161814
24.0,explicit,0.42857142857142855,0.5714285714285714,0.6948647011768297
24.0,explicit,0.42857142857142855,0.6428571428571428,0.5922432216106799
24.0,explicit,0.42857142857142855,0.7142857142857142,0.475958388713617
24.0,explicit,0.42857142857142855,0.7857142857142857,0.357170955347519
24.0,explicit,0.42857142857142855,0.8571428571428571,0.23704433649010956
24.0,explicit,0.42857142857142855,0.9285714285714285,0.10945048952573017
24.0,explicit,0.42857142857142855,1.0,0.07384665799954104
24.0,explicit,0.5,0.0,0.07384665799954104
24.0,explicit,0.5,0.07142857142857142,0.11827251458091115
24.0,explicit,0.5,0.14285714285714285,0.2546882428593156
24.0,explicit,0.5,0.21428571428571427,0.38363420408939736
24.0,explicit,0.5,0.2857142857142857,0.5112162340040004
24.0,explicit,0.5,0.3571428571428571,0.6361101739958736
24.0,explicit,0.5,0.42857142857142855,0.7463136077161814
24.0,explicit,0.5,0.5,0.8015452601378732
24.0,explicit,0.5,0.5714285714285714,0.7463136077161815
24.0,explicit,0.5,0.6428571428571428,0.6361101739958738
24.0,explicit,0.5,0.7142857142857142,0.5112162340040006
24.0,explicit,0.5,0.7857142857142857,0.38363420408939747
24.0,explicit,0.5,0.8571428571428571,0.2546882428593157
24.0,explicit,0.5,0.9285714285714285,0.11827251458091122
24.0,explicit,0.5,1.0,0.07384665799954104
24.0,explicit,0.5714285714285714,0.0,0.07384665799954104
24.0,explicit,0.5714285714285714,0.07142857142857142,0.10945048952573011
24.0,explicit,0.5714285714285714,0.14285714285714285,0.23704433649010953
24.0,explicit,0.5714285714285714,0.21428571428571427,0.357170955347519
24.0,explicit,0.5714285714285714,0.2857142857142857,0.4759583887136169
24.0,explicit,0.5714285714285714,0.3571428571428571,0.5922432216106799
24.0,explicit,0.5714285714285714,0.42857142857142855,0.6948647011768297
24.0,explicit,0.5714285714285714,0.5,0.7463136077161815
24.0,explicit,0.5714285714285714,0.5714285714285714,0.6948647011768299
24.0,explicit,0.5714285714285714,0.6428571428571428,0.59224322161068
24.0,explicit,0.5714285714285714,0.7142857142857142,0.47595838871361706
24.0,explicit,0.5714285714285714,0.7857142857142857,0.3571709553475191
24.0,explicit,0.5714285714285714,0.8571428571428571,0.2370443364901096
24.0,explicit,0.5714285714285714,0.9285714285714285,0.10945048952573017
24.0,explicit,0.5714285714285714,1.0,0.07384665799954104
24.0,explicit,0.6428571428571428,0.0,0.07384665799954104
24.0,explicit,0.6428571428571428,0.07142857142857142,0.09186110965835316
24.0,explicit,0.6428571428571428,0.14285714285714285,0.2018655178538464
24.0,explicit,0.6428571428571428,0.21428571428571427,0.3044071830174098
24.0,explicit,0.6428571428571428,0.2857142857142857,0.4056574765300562
24.0,explicit,0.6428571428571428,0.3571428571428571,0.5047680400204725
24.0,explicit,0.6428571428571428,0.42857142857142855,0.5922432216106799
24.0,explicit,0.6428571428571428,0.5,0.6361101739958738
24.0,explicit,0.6428571428571428,0.5714285714285714,0.59224322161068
24.0,explicit,0.6428571428571428,0.6428571428571428,0.5047680400204727
24.0,explicit,0.6428571428571428,0.7142857142857142,0.40565747653005635
24.0,explicit,0.6428571428571428,0.7857142857142857,0.30440718301740993
24.0,explicit,0.6428571428571428,0.8571428571428571,0.2018655178538465
24.0,explicit,0.6428571428571428,0.9285714285714285,0.09186110965835323
24.0,explicit,0.6428571428571428,1.0,0.07384665799954104
24.0,explicit,0.7142857142857142,0.0,0.07384665799954104
24.0,explicit,0.7142857142857142,0.07142857142857142,0.07193273191581467
24.0,explicit,0.7142857142857142,0.14285714285714285,0.16201090892271408
24.0,explicit,0.7142857142857142,0.21428571428571427,0.2446296549643009
24.0,explicit,0.7142857142857142,0.2857142857142857,0.3260095612702498
24.0,explicit,0.7142857142857142,0.3571428571428571,0.40565747653005624
24.0,explicit,0.7142857142857142,0.42857142857142855,0.475958388713617
24.0,explicit,0.7142857142857142,0.5,0.5112162340040006
24.0,explicit,0.7142857142857142,0.5714285714285714,0.47595838871361706
24.0,explicit,0.7142857142857142,0.6428571428571428,0.40565747653005635
24.0,explicit,0.7142857142857142,0.7142857142857142,0.32600956127025
24.0,explicit,0.7142857142857142,0.7857142857142857,0.244629654964301
24.0,explicit,0.7142857142857142,0.8571428571428571,0.16201090892271416
24.0,explicit,0.7142857142857142,0.9285714285714285,0.07193273191581474
24.0,explicit,0.7142857142857142,1.0,0.07384665799954104
24.0,explicit,0.7857142857142857,0.0,0.07384665799954104
24.0,explicit,0.7857142857142857,0.07142857142857142,0.051519335901132966
24.0,explicit,0.7857142857142857,0.14285714285714285,0.12124986565532492
24.0,explicit,0.7857142857142857,0.21428571428571427,0.18353411439661457
24.0,explicit,0.7857142857142857,0.2857142857142857,0.24462965496430092
24.0,explicit,0.7857142857142857,0.3571428571428571,0.3044071830174098
24.0,explicit,0.7857142857142857,0.42857142857142855,0.357170955347519
24.0,explicit,0.7857142857142857,0.5,0.38363420408939747
24.0,explicit,0.7857142857142857,0.5714285714285714,0.3571709553475191
24.0,explicit,0.7857142857142857,0.6428571428571428,0.30440718301740993
24.0,explicit,0.7857142857142857,0.7142857142857142,0.244629654964301
24.0,explicit,0.7857142857142857,0.7857142857142857,0.1835341143966146
24.0,explicit,0.7857142857142857,0.8571428571428571,0.12124986565532497
24.0,explicit,0.7857142857142857,0.9285714285714285,0.05151933590113301
24.0,explicit,0.7857142857142857,1.0,0.07384665799954104
24.0,explicit,0.8571428571428571,0.0,0.07384665799954104
24.0,explicit,0.8571428571428571,0.07142857142857142,0.03024087892394822
24.0,explicit,0.8571428571428571,0.14285714285714285,0.07936538992858644
24.0,explicit,0.8571428571428571,0.21428571428571427,0.12124986565532496
24.0,explicit,0.8571428571428571,0.2857142857142857,0.1620109089227141
24.0,explicit,0.8571428571428571,0.3571428571428571,0.20186551785384643
24.0,explicit,0.8571428571428571,0.42857142857142855,0.23704433649010956
24.0,explicit,0.8571428571428571,0.5,0.2546882428593157
24.0,explicit,0.8571428571428571,0.5714285714285714,0.23704433649010961
24.0,explicit,0.8571428571428571,0.6428571428571428,0.2018655178538465
24.0,explicit,0.8571428571428571,0.7142857142857142,0.16201090892271416
24.0,explicit,0.8571428571428571,0.7857142857142857,0.12124986565532497
24.0,explicit,0.8571428571428571,0.8571428571428571,0.07936538992858645
24.0,explicit,0.8571428571428571,0.9285714285714285,0.03024087892394824
24.0,explicit,0.8571428571428571,1.0,0.07384665799954104
24.0,explicit,0.9285714285714285,0.0,0.07384665799954104
24.0,explicit,0.9285714285714285,0.07142857142857142,0.003136863987939291
24.0,explicit,0.9285714285714285,0.14285714285714285,0.030240878923948233
24.0,explicit,0.9285714285714285,0.21428571428571427,0.051519335901133
24.0,explicit,0.9285714285714285,0.2857142857142857,0.07193273191581472
24.0,explicit,0.9285714285714285,0.3571428571428571,0.0918611096583532
24.0,explicit,0.9285714285714285,0.42857142857142855,0.10945048952573017
24.0,explicit,0.9285714285714285,0.5,0.11827251458091124
24.0,explicit,0.9285714285714285,0.5714285714285714,0.10945048952573018
24.0,explicit,0.9285714285714285,0.6428571428571428,0.09186110965835323
24.0,explicit,0.9285714285714285,0.7142857142857142,0.07193273191581473
24.0,explicit,0.9285714285714285,0.7857142857142857,0.05151933590113301
24.0,explicit,0.9285714285714285,0.8571428571428571,0.03024087892394824
24.0,explicit,0.9285714285714285,0.9285714285714285,0.0031368639879393026
24.0,explicit,0.9285714285714285,1.0,0.07384665799954104
24.0,explicit,1.0,0.0,0.07384665799954104
24.0,explicit,1.0,0.07142857142857142,0.07384665799954104
24.0,explicit,1.0,0.14285714285714285,0.07384665799954104
24.0,explicit,1.0,0.21428571428571427,0.07384665799954104
24.0,explicit,1.0,0.2857142857142857,0.07384665799954104
24.0,explicit,1.0,0.3571428571428571,0.07384665799954104
24.0,explicit,1.0,0.42857142857142855,0.07384665799954104
24.0,explicit,1.0,0.5,0.07384665799954104
24.0,explicit,1.0,0.5714285714285714,0.07384665799954104
24.0,explicit,1.0,0.6428571428571428,0.07384665799954104
24.0,explicit,1.0,0.7142857142857142,0.07384665799954104
24.0,explicit,1.0,0.7857142857142857,0.07384665799954104
24.0,explicit,1.0,0.8571428571428571,0.07384665799954104
24.0,explicit,1.0,0.9285714285714285,0.07384665799954104
24.0,explicit,1.0,1.0,0.07384665799954104
25.0,explicit,0.0,0.0,-0.011564828238824054
25.0,explicit,0.0,0.07142857142857142,-0.011564828238824054
25.0,explicit,0.0,0.14285714285714285,-0.011564828238824054
25.0,explicit,0.0,0.21428571428571427,-0.011564828238824054
25.0,explicit,0.0,0.2857142857142857,-0.011564828238824054
25.0,explicit,0.0,0.3571428571428571,-0.011564828238824054
25.0,explicit,0.0,0.42857142857142855,-0.011564828238824054
25.0,explicit,0.0,0.5,-0.011564828238824054
25.0,explicit,0.0,0.5714285714285714,-0.011564828238824054
25.0,explicit,0.0,0.6428571428571428,-0.011564828238824054
25.0,explicit,0.0,0.7142857142857142,-0.011564828238824054
25.0,explicit,0.0,0.7857142857142857,-0.011564828238824054
25.0,explicit,0.0,0.8571428571428571,-0.011564828238824054
25.0,explicit,0.0,0.9285714285714285,-0.011564828238824054
25.0,explicit,0.0,1.0,-0.011564828238824054
25.0,explicit,0.07142857142857142,0.0,-0.011564828238824054
25.0,explicit,0.07142857142857142,0.07142857142857142,0.006827225998394221
25.0,explicit,0.07142857142857142,0.14285714285714285,0.031830249186492535
25.0,explicit,0.07142857142857142,0.21428571428571427,0.053203706510499264
25.0,explicit,0.07142857142857142,0.2857142857142857,0.07362596849396214
25.0,explicit,0.07142857142857142,0.3571428571428571,0.09350305141325956
25.0,explicit,0.07142857142857142,0.42857142857142855,0.11091677837043182
25.0,explicit,0.07142857142857142,0.5,0.1194994839451801
25.0,explicit,0.07142857142857142,0.5714285714285714,0.11091677837043183
25.0,explicit,0.07142857142857142,0.6428571428571428,0.09350305141325958
25.0,explicit,0.07142857142857142,0.7142857142857142,0.07362596849396216
25.0,explicit,0.07142857142857142,0.7857142857142857,0.053203706510499285
25.0,explicit,0.07142857142857142,0.8571428571428571,0.03183024918649255
25.0,explicit,0.07142857142857142,0.9285714285714285,0.006827225998394234
25.0,explicit,0.07142857142857142,1.0,-0.011564828238824054
25.0,explicit,0.14285714285714285,0.0,-0.011564828238824054
25.0,explicit,0.14285714285714285,0.07142857142857142,0.03183024918649253
25.0,explicit,0.14285714285714285,0.14285714285714285,0.07900906608485381
25.0,explicit,0.14285714285714285,0.21428571428571427,0.12103396690996328
25.0,explicit,0.14285714285714285,0.2857142857142857,0.16180086613122868
25.0,explicit,0.14285714285714285,0.3571428571428571,0.20155118411153577
25.0,explicit,0.14285714285714285,0.42857142857142855,0.2363784918321644
25.0,explicit,0.14285714285714285,0.5,0.25354370821248934
25.0,explicit,0.14285714285714285,0.5714285714285714,0.23637849183216442
25.0,explicit,0.14285714285714285,0.6428571428571428,0.20155118411153583
25.0,explicit,0.14285714285714285,0.7142857142857142,0.1618008661312287
25.0,explicit,0.14285714285714285,0.7857142857142857,0.1210339669099633
25.0,explicit,0.14285714285714285,0.8571428571428571,0.07900906608485384
25.0,explicit,0.14285714285714285,0.9285714285714285,0.031830249186492555
25.0,explicit,0.14285714285714285,1.0,-0.011564828238824054
25.0,explicit,0.21428571428571427,0.0,-0.011564828238824054
25.0,explicit,0.21428571428571427,0.07142857142857142,0.053203706510499264
25.0,explicit,0.21428571428571427,0.14285714285714285,0.12103396690996328
25.0,explicit,0.21428571428571427,0.21428571428571427,0.18346661533924086
25.0,explicit,0.21428571428571427,0.2857142857142857,0.2445573277210911
25.0,explicit,0.21428571428571427,0.3571428571428571,0.3041758701800363
25.0,explicit,0.21428571428571427,0.42857142857142855,0.3564112605477615
25.0,explicit,0.21428571428571427,0.5,0.3821559795823357
25.0,explicit,0.21428571428571427,0.5714285714285714,0.35641126054776157
25.0,explicit,0.21428571428571427,0.6428571428571428,0.30417587018003633
25.0,explicit,0.21428571428571427,0.7142857142857142,0.24455732772109115
25.0,explicit,0.21428571428571427,0.7857142857142857,0.18346661533924088
25.0,explicit,0.21428571428571427,0.8571428571428571,0.12103396690996333
25.0,explicit,0.21428571428571427,0.9285714285714285,0.05320370651049931
25.0,explicit,0.21428571428571427,1.0,-0.011564828238824054
25.0,explicit,0.2857142857142857,0.0,-0.011564828238824054
25.0,explicit,0.2857142857142857,0.07142857142857142,0.07362596849396215
25.0,explicit,0.2857142857142857,0.14285714285714285,0.16180086613122868
25.0,explicit,0.2857142857142857,0.21428571428571427,0.2445573277210911
25.0,explicit,0.2857142857142857,0.2857142857142857,0.32591202580636197
25.0,explicit,0.2857142857142857,0.3571428571428571,0.4053378980111893
25.0,explicit,0.2857142857142857,0.42857142857142855,0.4749264959989166
25.0,explicit,0.2857142857142857,0.5,0.5092228645525099
25.0,explicit,0.2857142857142857,0.5714285714285714,0.4749264959989167
25.0,explicit,0.2857142857142857,0.6428571428571428,0.40533789801118936
25.0,explicit,0.2857142857142857,0.7142857142857142,0.325912025806362
25.0,explicit,0.2857142857142857,0.7857142857142857,0.24455732772109115
25.0,explicit,0.2857142857142857,0.8571428571428571,0.16180086613122874
25.0,explicit,0.2857142857142857,0.9285714285714285,0.0736259684939622
25.0,explicit,0.2857142857142857,1.0,-0.011564828238824054
25.0,explicit,0.3571428571428571,0.0,-0.011564828238824054
25.0,explicit,0.3571428571428571,0.07142857142857142,0.09350305141325957
25.0,explicit,0.3571428571428571,0.14285714285714285,0.20155118411153577
25.0,explicit,0.3571428571428571,0.21428571428571427,0.3041758701800363
25.0,explicit,0.3571428571428571,0.2857142857142857,0.4053378980111893
25.0,explicit,0.3571428571428571,0.3571428571428571,0.504122399236435
25.0,explicit,0.3571428571428571,0.42857142857142855,0.5906678986826568
25.0,explicit,0.3571428571428571,0.5,0.63331712430562
25.0,explicit,0.3571428571428571,0.5714285714285714,0.5906678986826569
25.0,explicit,0.3571428571428571,0.6428571428571428,0.5041223992364351
25.0,explicit,0.3571428571428571,0.7142857142857142,0.4053378980111894
25.0,explicit,0.3571428571428571,0.7857142857142857,0.30417587018003633
25.0,explicit,0.3571428571428571,0.8571428571428571,0.20155118411153586
25.0,explicit,0.3571428571428571,0.9285714285714285,0.09350305141325962
25.0,explicit,0.3571428571428571,1.0,-0.011564828238824054
25.0,explicit,0.42857142857142855,0.0,-0.011564828238824054
25.0,explicit,0.42857142857142855,0.07142857142857142,0.11091677837043182
25.0,explicit,0.42857142857142855,0.14285714285714285,0.2363784918321644
25.0,explicit,0.42857142857142855,0.21428571428571427,0.3564112605477615
25.0,explicit,0.42857142857142855,0.2857142857142857,0.4749264959989166
25.0,explicit,0.42857142857142855,0.3571428571428571,0.5906678986826568
25.0,explicit,0.42857142857142855,0.42857142857142855,0.6920578873514285
25.0,explicit,0.42857142857142855,0.5,0.7420094776332616
25.0,explicit,0.42857142857142855,0.5714285714285714,0.6920578873514286
25.0,explicit,0.42857142857142855,0.6428571428571428,0.5906678986826569
25.0,explicit,0.42857142857142855,0.7142857142857142,0.4749264959989168
25.0,explicit,0.42857142857142855,0.7857142857142857,0.35641126054776157
25.0,explicit,0.42857142857142855,0.8571428571428571,0.23637849183216444
25.0,explicit,0.42857142857142855,0.9285714285714285,0.1109167783704319
25.0,explicit,0.42857142857142855,1.0,-0.011564828238824054
25.0,explicit,0.5,0.0,-0.011564828238824054
25.0,explicit,0.5,0.07142857142857142,0.1194994839451801
25.0,explicit,0.5,0.14285714285714285,0.25354370821248934
25.0,explicit,0.5,0.21428571428571427,0.3821559795823357
25.0,explicit,0.5,0.2857142857142857,0.5092228645525099
25.0,explicit,0.5,0.3571428571428571,0.63331712430562
25.0,explicit,0.5,0.42857142857142855,0.7420094776332616
25.0,explicit,0.5,0.5,0.7955421067035306
25.0,explicit,0.5,0.5714285714285714,0.7420094776332617
25.0,explicit,0.5,0.6428571428571428,0.6333171243056203
25.0,explicit,0.5,0.7142857142857142,0.5092228645525101
25.0,explicit,0.5,0.7857142857142857,0.3821559795823358
25.0,explicit,0.5,0.8571428571428571,0.25354370821248945
25.0,explicit,0.5,0.9285714285714285,0.11949948394518017
25.0,explicit,0.5,1.0,-0.011564828238824054
25.0,explicit,0.5714285714285714,0.0,-0.011564828238824054
25.0,explicit,0.5714285714285714,0.07142857142857142,0.11091677837043183
25.0,explicit,0.5714285714285714,0.14285714285714285,0.23637849183216442
25.0,explicit,0.5714285714285714,0.21428571428571427,0.35641126054776157
25.0,explicit,0.5714285714285714,0.2857142857142857,0.4749264959989167
25.0,explicit,0.5714285714285714,0.3571428571428571,0.5906678986826569
25.0,explicit,0.5714285714285714,0.42857142857142855,0.6920578873514286
25.0,explicit,0.5714285714285714,0.5,0.7420094776332617
25.0,explicit,0.5714285714285714,0.5714285714285714,0.6920578873514287
25.0,explicit,0.5714285714285714,0.6428571428571428,0.590667898682657
25.0,explicit,0.5714285714285714,0.7142857142857142,0.47492649599891684
25.0,explicit,0.5714285714285714,0.7857142857142857,0.3564112605477616
25.0,explicit,0.5714285714285714,0.8571428571428571,0.23637849183216447
25.0,explicit,0.5714285714285714,0.9285714285714285,0.1109167783704319
25.0,explicit,0.5714285714285714,1.0,-0.011564828238824054
25.0,explicit,0.6428571428571428,0.0,-0.011564828238824054
25.0,explicit,0.6428571428571428,0.07142857142857142,0.09350305141325958
25.0,explicit,0.6428571428571428,0.14285714285714285,0.20155118411153583
25.0,explicit,0.6428571428571428,0.21428571428571427,0.30417587018003633
25.0,explicit,0.6428571428571428,0.2857142857142857,0.40533789801118936
25.0,explicit,0.6428571428571428,0.3571428571428571,0.5041223992364351
25.0,explicit,0.6428571428571428,0.42857142857142855,0.5906678986826569
25.0,explicit,0.6428571428571428,0.5,0.6333171243056203
25.0,explicit,0.6428571428571428,0.5714285714285714,0.590667898682657
25.0,explicit,0.6428571428571428,0.6428571428571428,0.5041223992364353
25.0,explicit,0.6428571428571428,0.7142857142857142,0.4053378980111895
25.0,explicit,0.6428571428571428,0.7857142857142857,0.30417587018003645
25.0,explicit,0.6428571428571428,0.8571428571428571,0.2015511841115359
25.0,explicit,0.6428571428571428,0.9285714285714285,0.09350305141325965
25.0,explicit,0.6428571428571428,1.0,-0.011564828238824054
25.0,explicit,0.7142857142857142,0.0,-0.011564828238824054
25.0,explicit,0.7142857142857142,0.07142857142857142,0.07362596849396216
25.0,explicit,0.7142857142857142,0.14285714285714285,0.1618008661312287
25.0,explicit,0.7142857142857142,0.21428571428571427,0.24455732772109115
25.0,explicit,0.7142857142857142,0.2857142857142857,0.325912025806362
25.0,explicit,0.7142857142857142,0.3571428571428571,0.4053378980111894
25.0,explicit,0.7142857142857142,0.42857142857142855,0.4749264959989168
25.0,explicit,0.7142857142857142,0.5,0.5092228645525101
25.0,explicit,0.7142857142857142,0.5714285714285714,0.47492649599891684
25.0,explicit,0.7142857142857142,0.6428571428571428,0.4053378980111895
25.0,explicit,0.7142857142857142,0.7142857142857142,0.3259120258063622
25.0,explicit,0.7142857142857142,0.7857142857142857,0.24455732772109123
25.0,explicit,0.7142857142857142,0.8571428571428571,0.1618008661312288
25.0,explicit,0.7142857142857142,0.9285714285714285,0.07362596849396223
25.0,explicit,0.7142857142857142,1.0,-0.011564828238824054
25.0,explicit,0.7857142857142857,0.0,-0.011564828238824054
25.0,explicit,0.7857142857142857,0.07142857142857142,0.05320370651049928
25.0,explicit,0.7857142857142857,0.14285714285714285,0.1210339669099633
25.0,explicit,0.7857142857142857,0.21428571428571427,0.18346661533924088
25.0,explicit,0.7857142857142857,0.2857142857142857,0.24455732772109115
25.0,explicit,0.7857142857142857,0.3571428571428571,0.30417587018003633
25.0,explicit,0.7857142857142857,0.42857142857142855,0.35641126054776157
25.0,explicit,0.7857142857142857,0.5,0.3821559795823358
25.0,explicit,0.7857142857142857,0.5714285714285714,0.3564112605477616
25.0,explicit,0.7857142857142857,0.6428571428571428,0.30417587018003645
25.0,explicit,0.7857142857142857,0.7142857142857142,0.24455732772109123
25.0,explicit,0.7857142857142857,0.7857142857142857,0.1834666153392409
25.0,explicit,0.7857142857142857,0.8571428571428571,0.12103396690996335
25.0,explicit,0.7857142857142857,0.9285714285714285,0.05320370651049932
25.0,explicit,0.7857142857142857,1.0,-0.011564828238824054
25.0,explicit,0.8571428571428571,0.0,-0.011564828238824054
25.0,explicit,0.8571428571428571,0.07142857142857142,0.03183024918649254
25.0,explicit,0.8571428571428571,0.14285714285714285,0.07900906608485384
25.0,explicit,0.8571428571428571,0.21428571428571427,0.12103396690996333
25.0,explicit,0.8571428571428571,0.2857142857142857,0.16180086613122874
25.0,explicit,0.8571428571428571,0.3571428571428571,0.20155118411153586
25.0,explicit,0.8571428571428571,0.42857142857142855,0.23637849183216444
25.0,explicit,0.8571428571428571,0.5,0.25354370821248945
25.0,explicit,0.8571428571428571,0.5714285714285714,0.2363784918321645
25.0,explicit,0.8571428571428571,0.6428571428571428,0.2015511841115359
25.0,explicit,0.8571428571428571,0.7142857142857142,0.1618008661312288
25.0,explicit,0.8571428571428571,0.7857142857142857,0.12103396690996335
25.0,explicit,0.8571428571428571,0.8571428571428571,0.07900906608485385
25.0,explicit,0.8571428571428571,0.9285714285714285,0.03183024918649256
25.0,explicit,0.8571428571428571,1.0,-0.011564828238824054
25.0,explicit,0.9285714285714285,0.0,-0.011564828238824054
25.0,explicit,0.9285714285714285,0.07142857142857142,0.006827225998394233
25.0,explicit,0.9285714285714285,0.14285714285714285,0.03183024918649256
25.0,explicit,0.9285714285714285,0.21428571428571427,0.05320370651049931
25.0,explicit,0.9285714285714285,0.2857142857142857,0.0736259684939622
25.0,explicit,0.9285714285714285,0.3571428571428571,0.09350305141325962
25.0,explicit,0.9285714285714285,0.42857142857142855,0.1109167783704319
25.0,explicit,0.9285714285714285,0.5,0.1194994839451802
25.0,explicit,0.9285714285714285,0.5714285714285714,0.11091677837043191
25.0,explicit,0.9285714285714285,0.6428571428571428,0.09350305141325965
25.0,explicit,0.9285714285714285,0.7142857142857142,0.07362596849396222
25.0,explicit,0.9285714285714285,0.7857142857142857,0.05320370651049932
25.0,explicit,0.9285714285714285,0.8571428571428571,0.03183024918649257
25.0,explicit,0.9285714285714285,0.9285714285714285,0.006827225998394244
25.0,explicit,0.9285714285714285,1.0,-0.011564828238824054
25.0,explicit,1.0,0.0,-0.011564828238824054
25.0,explicit,1.0,0.07142857142857142,-0.011564828238824054
25.0,explicit,1.0,0.14285714285714285,-0.011564828238824054
25.0,explicit,1.0,0.21428571428571427,-0.011564828238824054
25.0,explicit,1.0,0.2857142857142857,-0.011564828238824054
25.0,explicit,1.0,0.3571428571428571,-0.011564828238824054
25.0,explicit,1.0,0.42857142857142855,-0.011564828238824054
25.0,explicit,1.0,0.5,-0.011564828238824054
25.0,explicit,1.0,0.5714285714285714,-0.011564828238824054
25.0,explicit,1.0,0.6428571428571428,-0.011564828238824054
25.0,explicit,1.0,0.7142857142857142,-0.011564828238824054
25.0,explicit,1.0,0.7857142857142857,-0.011564828238824054
25.0,explicit,1.0,0.8571428571428571,-0.011564828238824054
25.0,explicit,1.0,0.9285714285714285,-0.011564828238824054
25.0,explicit,1.0,1.0,-0.011564828238824054
26.0,explicit,0.0,0.0,-0.03011036955892888
26.0,explicit,0.0,0.07142857142857142,-0.03011036955892888
26.0,explicit,0.0,0.14285714285714285,-0.03011036955892888
26.0,explicit,0.0,0.21428571428571427,-0.03011036955892888
26.0,explicit,0.0,0.2857142857142857,-0.03011036955892888
26.0,explicit,0.0,0.3571428571428571,-0.03011036955892888
26.0,explicit,0.0,0.42857142857142855,-0.03011036955892888
26.0,explicit,0.0,0.5,-0.03011036955892888
26.0,explicit,0.0,0.5714285714285714,-0.03011036955892888
26.0,explicit,0.0,0.6428571428571428,-0.03011036955892888
26.0,explicit,0.0,0.7142857142857142,-0.03011036955892888
26.0,explicit,0.0,0.7857142857142857,-0.03011036955892888
26.0,explicit,0.0,0.8571428571428571,-0.03011036955892888
26.0,explicit,0.0,0.9285714285714285,-0.03011036955892888
26.0,explicit,0.0,1.0,-0.03011036955892888
26.0,explicit,0.07142857142857142,0.0,-0.03011036955892888
26.0,explicit,0.07142857142857142,0.07142857142857142,0.00700827854242966
26.0,explicit,0.07142857142857142,0.14285714285714285,0.031832360338755646
26.0,explicit,0.07142857142857142,0.21428571428571427,0.053232606728050996
26.0,explicit,0.07142857142857142,0.2857142857142857,0.07365936548971068
26.0,explicit,0.07142857142857142,0.3571428571428571,0.09351012946284429
26.0,explicit,0.07142857142857142,0.42857142857142855,0.11083665978505865
26.0,explicit,0.07142857142857142,0.5,0.11930523702665506
26.0,explicit,0.07142857142857142,0.5714285714285714,0.11083665978505866
26.0,explicit,0.07142857142857142,0.6428571428571428,0.09351012946284432
26.0,explicit,0.07142857142857142,0.7142857142857142,0.07365936548971071
26.0,explicit,0.07142857142857142,0.7857142857142857,0.05323260672805102
26.0,explicit,0.07142857142857142,0.8571428571428571,0.03183236033875566
26.0,explicit,0.07142857142857142,0.9285714285714285,0.007008278542429673
26.0,explicit,0.07142857142857142,1.0,-0.03011036955892888
26.0,explicit,0.14285714285714285,0.0,-0.03011036955892888
26.0,explicit,0.14285714285714285,0.07142857142857142,0.03183236033875564
26.0,explicit,0.14285714285714285,0.14285714285714285,0.07886791739337748
26.0,explicit,0.14285714285714285,0.21428571428571427,0.120942829303763
26.0,explicit,0.14285714285714285,0.2857142857142857,0.1617127492258532
26.0,explicit,0.14285714285714285,0.3571428571428571,0.20140950651816733
26.0,explicit,0.14285714285714285,0.42857142857142855,0.23606229833171635
26.0,explicit,0.14285714285714285,0.5,0.2529992281874121
26.0,explicit,0.14285714285714285,0.5714285714285714,0.23606229833171638
26.0,explicit,0.14285714285714285,0.6428571428571428,0.20140950651816739
26.0,explicit,0.14285714285714285,0.7142857142857142,0.16171274922585321
26.0,explicit,0.14285714285714285,0.7857142857142857,0.12094282930376303
26.0,explicit,0.14285714285714285,0.8571428571428571,0.0788679173933775
26.0,explicit,0.14285714285714285,0.9285714285714285,0.031832360338755666
26.0,explicit,0.14285714285714285,1.0,-0.03011036955892888
26.0,explicit,0.21428571428571427,0.0,-0.03011036955892888
26.0,explicit,0.21428571428571427,0.07142857142857142,0.053232606728050996
26.0,explicit,0.21428571428571427,0.14285714285714285,0.120942829303763
26.0,explicit,0.21428571428571427,0.21428571428571427,0.18342986415539403
26.0,explicit,0.21428571428571427,0.2857142857142857,0.24451797396203528
26.0,explicit,0.21428571428571427,0.3571428571428571,0.30405474145624845
26.0,explicit,0.21428571428571427,0.42857142857142855,0.3560277345673843
26.0,explicit,0.21428571428571427,0.5,0.38142975548690455
26.0,explicit,0.21428571428571427,0.5714285714285714,0.35602773456738435
26.0,explicit,0.21428571428571427,0.6428571428571428,0.3040547414562485
26.0,explicit,0.21428571428571427,0.7142857142857142,0.24451797396203534
26.0,explicit,0.21428571428571427,0.7857142857142857,0.18342986415539406
26.0,explicit,0.21428571428571427,0.8571428571428571,0.12094282930376306
26.0,explicit,0.21428571428571427,0.9285714285714285,0.053232606728051045
26.0,explicit,0.21428571428571427,1.0,-0.03011036955892888
26.0,explicit,0.2857142857142857,0.0,-0.03011036955892888
26.0,explicit,0.2857142857142857,0.07142857142857142,0.0736593654897107
26.0,explicit,0.2857142857142857,0.14285714285714285,0.1617127492258532
26.0,explicit,0.2857142857142857,0.21428571428571427,0.24451797396203528
26.0,explicit,0.2857142857142857,0.2857142857142857,0.32585920165376797
26.0,explicit,0.2857142857142857,0.3571428571428571,0.4051706365416284
26.0,explicit,0.2857142857142857,0.42857142857142855,0.47440524431446546
26.0,explicit,0.2857142857142857,0.5,0.5082428954277193
26.0,explicit,0.2857142857142857,0.5714285714285714,0.4744052443144655
26.0,explicit,0.2857142857142857,0.6428571428571428,0.40517063654162844
26.0,explicit,0.2857142857142857,0.7142857142857142,0.325859201653768
26.0,explicit,0.2857142857142857,0.7857142857142857,0.24451797396203534
26.0,explicit,0.2857142857142857,0.8571428571428571,0.16171274922585324
26.0,explicit,0.2857142857142857,0.9285714285714285,0.07365936548971075
26.0,explicit,0.2857142857142857,1.0,-0.03011036955892888
26.0,explicit,0.3571428571428571,0.0,-0.03011036955892888
26.0,explicit,0.3571428571428571,0.07142857142857142,0.0935101294628443
26.0,explicit,0.3571428571428571,0.14285714285714285,0.20140950651816733
26.0,explicit,0.3571428571428571,0.21428571428571427,0.30405474145624845
26.0,explicit,0.3571428571428571,0.2857142857142857,0.4051706365416284
26.0,explicit,0.3571428571428571,0.3571428571428571,0.5037872135132815
26.0,explicit,0.3571428571428571,0.42857142857142855,0.5898702930558833
26.0,explicit,0.3571428571428571,0.5,0.6319381996671026
26.0,explicit,0.3571428571428571,0.5714285714285714,0.5898702930558835
26.0,explicit,0.3571428571428571,0.6428571428571428,0.5037872135132816
26.0,explicit,0.3571428571428571,0.7142857142857142,0.4051706365416285
26.0,explicit,0.3571428571428571,0.7857142857142857,0.3040547414562485
26.0,explicit,0.3571428571428571,0.8571428571428571,0.2014095065181674
26.0,explicit,0.3571428571428571,0.9285714285714285,0.09351012946284436
26.0,explicit,0.3571428571428571,1.0,-0.03011036955892888
26.0,explicit,0.42857142857142855,0.0,-0.03011036955892888
26.0,explicit,0.42857142857142855,0.07142857142857142,0.11083665978505865
26.0,explicit,0.42857142857142855,0.14285714285714285,0.23606229833171635
26.0,explicit,0.42857142857142855,0.21428571428571427,0.3560277345673843
26.0,explicit,0.42857142857142855,0.2857142857142857,0.47440524431446546
26.0,explicit,0.42857142857142855,0.3571428571428571,0.5898702930558833
26.0,explicit,0.42857142857142855,0.42857142857142855,0.6906491599835858
26.0,explicit,0.42857142857142855,0.5,0.7398861479359078
26.0,explicit,0.42857142857142855,0.5714285714285714,0.6906491599835859
26.0,explicit,0.42857142857142855,0.6428571428571428,0.5898702930558835
26.0,explicit,0.42857142857142855,0.7142857142857142,0.4744052443144656
26.0,explicit,0.42857142857142855,0.7857142857142857,0.35602773456738435
26.0,explicit,0.42857142857142855,0.8571428571428571,0.2360622983317164
26.0,explicit,0.42857142857142855,0.9285714285714285,0.11083665978505873
26.0,explicit,0.42857142857142855,1.0,-0.03011036955892888
26.0,explicit,0.5,0.0,-0.03011036955892888
26.0,explicit,0.5,0.07142857142857142,0.11930523702665506
26.0,explicit,0.5,0.14285714285714285,0.2529992281874121
26.0,explicit,0.5,0.21428571428571427,0.38142975548690455
26.0,explicit,0.5,0.2857142857142857,0.5082428954277193
26.0,explicit,0.5,0.3571428571428571,0.6319381996671026
26.0,explicit,0.5,0.42857142857142855,0.7398861479359078
26.0,explicit,0.5,0.5,0.7926099438831962
26.0,explicit,0.5,0.5714285714285714,0.7398861479359079
26.0,explicit,0.5,0.6428571428571428,0.6319381996671029
26.0,explicit,0.5,0.7142857142857142,0.5082428954277195
26.0,explicit,0.5,0.7857142857142857,0.38142975548690466
26.0,explicit,0.5,0.8571428571428571,0.2529992281874122
26.0,explicit,0.5,0.9285714285714285,0.11930523702665513
26.0,explicit,0.5,1.0,-0.03011036955892888
26.0,explicit,0.5714285714285714,0.0,-0.03011036955892888
26.0,explicit,0.5714285714285714,0.07142857142857142,0.11083665978505866
26.0,explicit,0.5714285714285714,0.14285714285714285,0.23606229833171638
26.0,explicit,0.5714285714285714,0.21428571428571427,0.35602773456738435
26.0,explicit,0.5714285714285714,0.2857142857142857,0.4744052443144655
26.0,explicit,0.5714285714285714,0.3571428571428571,0.5898702930558835
26.0,explicit,0.5714285714285714,0.42857142857142855,0.6906491599835859
26.0,explicit,0.5714285714285714,0.5,0.7398861479359079
26.0,explicit,0.5714285714285714,0.5714285714285714,0.690649159983586
26.0,explicit,0.5714285714285714,0.6428571428571428,0.5898702930558836
26.0,explicit,0.5714285714285714,0.7142857142857142,0.4744052443144657
26.0,explicit,0.5714285714285714,0.7857142857142857,0.3560277345673844
26.0,explicit,0.5714285714285714,0.8571428571428571,0.23606229833171644
26.0,explicit,0.5714285714285714,0.9285714285714285,0.11083665978505873
26.0,explicit,0.5714285714285714,1.0,-0.03011036955892888
26.0,explicit,0.6428571428571428,0.0,-0.03011036955892888
26.0,explicit,0.6428571428571428,0.07142857142857142,0.09351012946284432
26.0,explicit,0.6428571428571428,0.14285714285714285,0.20140950651816739
26.0,explicit,0.6428571428571428,0.21428571428571427,0.3040547414562485
26.0,explicit,0.6428571428571428,0.2857142857142857,0.40517063654162844
26.0,explicit,0.6428571428571428,0.3571428571428571,0.5037872135132816
26.0,explicit,0.6428571428571428,0.42857142857142855,0.5898702930558835
26.0,explicit,0.6428571428571428,0.5,0.6319381996671029
26.0,explicit,0.6428571428571428,0.5714285714285714,0.5898702930558836
26.0,explicit,0.6428571428571428,0.6428571428571428,0.5037872135132818
26.0,explicit,0.6428571428571428,0.7142857142857142,0.4051706365416286
26.0,explicit,0.6428571428571428,0.7857142857142857,0.3040547414562486
26.0,explicit,0.6428571428571428,0.8571428571428571,0.20140950651816744
26.0,explicit,0.6428571428571428,0.9285714285714285,0.09351012946284439
26.0,explicit,0.6428571428571428,1.0,-0.03011036955892888
26.0,explicit,0.7142857142857142,0.0,-0.03011036955892888
26.0,explicit,0.7142857142857142,0.07142857142857142,0.07365936548971071
26.0,explicit,0.7142857142857142,0.14285714285714285,0.16171274922585321
26.0,explicit,0.7142857142857142,0.21428571428571427,0.24451797396203534
26.0,explicit,0.7142857142857142,0.2857142857142857,0.325859201653768
26.0,explicit,0.7142857142857142,0.3571428571428571,0.4051706365416285
26.0,explicit,0.7142857142857142,0.42857142857142855,0.4744052443144656
26.0,explicit,0.7142857142857142,0.5,0.5082428954277195
26.0,explicit,0.7142857142857142,0.5714285714285714,0.4744052443144657
26.0,explicit,0.7142857142857142,0.6428571428571428,0.4051706365416286
26.0,explicit,0.7142857142857142,0.7142857142857142,0.3258592016537682
26.0,explicit,0.7142857142857142,0.7857142857142857,0.24451797396203542
26.0,explicit,0.7142857142857142,0.8571428571428571,0.1617127492258533
26.0,explicit,0.7142857142857142,0.9285714285714285,0.07365936548971078
26.0,explicit,0.7142857142857142,1.0,-0.03011036955892888
26.0,explicit,0.7857142857142857,0.0,-0.03011036955892888
26.0,explicit,0.7857142857142857,0.07142857142857142,0.05323260672805101
26.0,explicit,0.7857142857142857,0.14285714285714285,0.12094282930376303
26.0,explicit,0.7857142857142857,0.21428571428571427,0.18342986415539406
26.0,explicit,0.7857142857142857,0.2857142857142857,0.24451797396203534
26.0,explicit,0.7857142857142857,0.3571428571428571,0.3040547414562485
26.0,explicit,0.7857142857142857,0.42857142857142855,0.35602773456738435
26.0,explicit,0.7857142857142857,0.5,0.38142975548690466
26.0,explicit,0.7857142857142857,0.5714285714285714,0.3560277345673844
26.0,explicit,0.7857142857142857,0.6428571428571428,0.3040547414562486
26.0,explicit,0.7857142857142857,0.7142857142857142,0.24451797396203542
26.0,explicit,0.7857142857142857,0.7857142857142857,0.18342986415539408
26.0,explicit,0.7857142857142857,0.8571428571428571,0.12094282930376307
26.0,explicit,0.7857142857142857,0.9285714285714285,0.05323260672805105
26.0,explicit,0.7857142857142857,1.0,-0.03011036955892888
26.0,explicit,0.8571428571428571,0.0,-0.03011036955892888
26.0,explicit,0.8571428571428571,0.07142857142857142,0.03183236033875565
26.0,explicit,0.8571428571428571,0.14285714285714285,0.0788679173933775
26.0,explicit,0.8571428571428571,0.21428571428571427,0.12094282930376306
26.0,explicit,0.8571428571428571,0.2857142857142857,0.16171274922585324
26.0,explicit,0.8571428571428571,0.3571428571428571,0.2014095065181674
26.0,explicit,0.8571428571428571,0.42857142857142855,0.2360622983317164
26.0,explicit,0.8571428571428571,0.5,0.2529992281874122
26.0,explicit,0.8571428571428571,0.5714285714285714,0.23606229833171646
26.0,explicit,0.8571428571428571,0.6428571428571428,0.20140950651816747
26.0,explicit,0.8571428571428571,0.7142857142857142,0.1617127492258533
26.0,explicit,0.8571428571428571,0.7857142857142857,0.12094282930376307
26.0,explicit,0.8571428571428571,0.8571428571428571,0.07886791739337752
26.0,explicit,0.8571428571428571,0.9285714285714285,0.03183236033875567
26.0,explicit,0.8571428571428571,1.0,-0.03011036955892888
26.0,explicit,0.9285714285714285,0.0,-0.03011036955892888
26.0,explicit,0.9285714285714285,0.07142857142857142,0.007008278542429672
26.0,explicit,0.9285714285714285,0.14285714285714285,0.03183236033875567
26.0,explicit,0.9285714285714285,0.21428571428571427,0.053232606728051045
26.0,explicit,0.9285714285714285,0.2857142857142857,0.07365936548971075
26.0,explicit,0.9285714285714285,0.3571428571428571,0.09351012946284436
26.0,explicit,0.9285714285714285,0.42857142857142855,0.11083665978505873
26.0,explicit,0.9285714285714285,0.5,0.11930523702665516
26.0,explicit,0.9285714285714285,0.5714285714285714,0.11083665978505874
26.0,explicit,0.9285714285714285,0.6428571428571428,0.09351012946284439
26.0,explicit,0.9285714285714285,0.7142857142857142,0.07365936548971076
26.0,explicit,0.9285714285714285,0.7857142857142857,0.05323260672805105
26.0,explicit,0.9285714285714285,0.8571428571428571,0.03183236033875568
26.0,explicit,0.9285714285714285,0.9285714285714285,0.007008278542429683
26.0,explicit,0.9285714285714285,1.0,-0.03011036955892888
26.0,explicit,1.0,0.0,-0.03011036955892888
26.0,explicit,1.0,0.07142857142857142,-0.03011036955892888
26.0,explicit,1.0,0.14285714285714285,-0.03011036955892888
26.0,explicit,1.0,0.21428571428571427,-0.03011036955892888
26.0,explicit,1.0,0.2857142857142857,-0.03011036955892888
26.0,explicit,1.0,0.3571428571428571,-0.03011036955892888
26.0,explicit,1.0,0.42857142857142855,-0.03011036955892888
26.0,explicit,1.0,0.5,-0.03011036955892888
26.0,explicit,1.0,0.5714285714285714,-0.03011036955892888
26.0,explicit,1.0,0.6428571428571428,-0.03011036955892888
26.0,explicit,1.0,0.7142857142857142,-0.03011036955892888
26.0,explicit,1.0,0.7857142857142857,-0.03011036955892888
26.0,explicit,1.0,0.8571428571428571,-0.03011036955892888
26.0,explicit,1.0,0.9285714285714285,-0.03011036955892888
26.0,explicit,1.0,1.0,-0.03011036955892888
27.0,explicit,0.0,0.0,-0.07198442083947086
27.0,explicit,0.0,0.07142857142857142,-0.07198442083947086
27.0,explicit,0.0,0.14285714285714285,-0.07198442083947086
27.0,explicit,0.0,0.21428571428571427,-0.07198442083947086
27.0,explicit,0.0,0.2857142857142857,-0.07198442083947086
27.0,explicit,0.0,0.3571428571428571,-0.07198442083947086
27.0,explicit,0.0,0.42857142857142855,-0.07198442083947086
27.0,explicit,0.0,0.5,-0.07198442083947086
27.0,explicit,0.0,0.5714285714285714,-0.07198442083947086
27.0,explicit,0.0,0.6428571428571428,-0.07198442083947086
27.0,explicit,0.0,0.7142857142857142,-0.07198442083947086
27.0,explicit,0.0,0.7857142857142857,-0.07198442083947086
27.0,explicit,0.0,0.8571428571428571,-0.07198442083947086
27.0,explicit,0.0,0.9285714285714285,-0.07198442083947086
27.0,explicit,0.0,1.0,-0.07198442083947086
27.0,explicit,0.07142857142857142,0.0,-0.07198442083947086
27.0,explicit,0.07142857142857142,0.07142857142857142,0.0031218730855437516
27.0,explicit,0.07142857142857142,0.14285714285714285,0.02972221941282727
27.0,explicit,0.07142857142857142,0.21428571428571427,0.05117027636563272
27.0,explicit,0.07142857142857142,0.2857142857142857,0.07160539223741634
27.0,explicit,0.07142857142857142,0.3571428571428571,0.09140226007383405
27.0,explicit,0.07142857142857142,0.42857142857142855,0.1085558157485524
27.0,explicit,0.07142857142857142,0.5,0.11680648101053473
27.0,explicit,0.07142857142857142,0.5714285714285714,0.10855581574855241
27.0,explicit,0.07142857142857142,0.6428571428571428,0.09140226007383408
27.0,explicit,0.07142857142857142,0.7142857142857142,0.07160539223741637
27.0,explicit,0.07142857142857142,0.7857142857142857,0.05117027636563274
27.0,explicit,0.07142857142857142,0.8571428571428571,0.029722219412827284
27.0,explicit,0.07142857142857142,0.9285714285714285,0.0031218730855437633
27.0,explicit,0.07142857142857142,1.0,-0.07198442083947086
27.0,explicit,0.14285714285714285,0.0,-0.07198442083947086
27.0,explicit,0.14285714285714285,0.07142857142857142,0.02972221941282726
27.0,explicit,0.14285714285714285,0.14285714285714285,0.07859432480696629
27.0,explicit,0.14285714285714285,0.21428571428571427,0.1207622563875542
27.0,explicit,0.14285714285714285,0.2857142857142857,0.16153759495075218
27.0,explicit,0.14285714285714285,0.3571428571428571,0.20112457969773903
27.0,explicit,0.14285714285714285,0.42857142857142855,0.23543113443373004
27.0,explicit,0.14285714285714285,0.5,0.2519321711445317
27.0,explicit,0.14285714285714285,0.5714285714285714,0.23543113443373007
27.0,explicit,0.14285714285714285,0.6428571428571428,0.2011245796977391
27.0,explicit,0.14285714285714285,0.7142857142857142,0.1615375949507522
27.0,explicit,0.14285714285714285,0.7857142857142857,0.12076225638755422
27.0,explicit,0.14285714285714285,0.8571428571428571,0.07859432480696632
27.0,explicit,0.14285714285714285,0.9285714285714285,0.029722219412827287
27.0,explicit,0.14285714285714285,1.0,-0.07198442083947086
27.0,explicit,0.21428571428571427,0.0,-0.07198442083947086
27.0,explicit,0.21428571428571427,0.07142857142857142,0.05117027636563272
27.0,explicit,0.21428571428571427,0.14285714285714285,0.1207622563875542
27.0,explicit,0.21428571428571427,0.21428571428571427,0.1833517598152667
27.0,explicit,0.21428571428571427,0.2857142857142857,0.24443347925414027
27.0,explicit,0.21428571428571427,0.3571428571428571,0.30380239678179166
27.0,explicit,0.21428571428571427,0.42857142857142855,0.3552546496860995
27.0,explicit,0.21428571428571427,0.5,0.3800022510174755
27.0,explicit,0.21428571428571427,0.5714285714285714,0.35525464968609954
27.0,explicit,0.21428571428571427,0.6428571428571428,0.3038023967817917
27.0,explicit,0.21428571428571427,0.7142857142857142,0.24443347925414033
27.0,explicit,0.21428571428571427,0.7857142857142857,0.18335175981526672
27.0,explicit,0.21428571428571427,0.8571428571428571,0.12076225638755425
27.0,explicit,0.21428571428571427,0.9285714285714285,0.05117027636563277
27.0,explicit,0.21428571428571427,1.0,-0.07198442083947086
27.0,explicit,0.2857142857142857,0.0,-0.07198442083947086
27.0,explicit,0.2857142857142857,0.07142857142857142,0.07160539223741635
27.0,explicit,0.2857142857142857,0.14285714285714285,0.16153759495075218
27.0,explicit,0.2857142857142857,0.21428571428571427,0.24443347925414027
27.0,explicit,0.2857142857142857,0.2857142857142857,0.32574522081718177
27.0,explicit,0.2857142857142857,0.3571428571428571,0.40482130027521906
27.0,explicit,0.2857142857142857,0.42857142857142855,0.4733528901402195
27.0,explicit,0.2857142857142857,0.5,0.5063142779724545
27.0,explicit,0.2857142857142857,0.5714285714285714,0.47335289014021953
27.0,explicit,0.2857142857142857,0.6428571428571428,0.4048213002752191
27.0,explicit,0.2857142857142857,0.7142857142857142,0.3257452208171818
27.0,explicit,0.2857142857142857,0.7857142857142857,0.24443347925414033
27.0,explicit,0.2857142857142857,0.8571428571428571,0.16153759495075223
27.0,explicit,0.2857142857142857,0.9285714285714285,0.07160539223741641
27.0,explicit,0.2857142857142857,1.0,-0.07198442083947086
27.0,explicit,0.3571428571428571,0.0,-0.07198442083947086
27.0,explicit,0.3571428571428571,0.07142857142857142,0.09140226007383406
27.0,explicit,0.3571428571428571,0.14285714285714285,0.20112457969773903
27.0,explicit,0.3571428571428571,0.21428571428571427,0.30380239678179166
27.0,explicit,0.3571428571428571,0.2857142857142857,0.40482130027521906
27.0,explicit,0.3571428571428571,0.3571428571428571,0.5030927824053211
27.0,explicit,0.3571428571428571,0.42857142857142855,0.5882567437662806
27.0,explicit,0.3571428571428571,0.5,0.629213538174507
27.0,explicit,0.3571428571428571,0.5714285714285714,0.5882567437662806
27.0,explicit,0.3571428571428571,0.6428571428571428,0.5030927824053212
27.0,explicit,0.3571428571428571,0.7142857142857142,0.4048213002752192
27.0,explicit,0.3571428571428571,0.7857142857142857,0.3038023967817917
27.0,explicit,0.3571428571428571,0.8571428571428571,0.20112457969773911
27.0,explicit,0.3571428571428571,0.9285714285714285,0.09140226007383412
27.0,explicit,0.3571428571428571,1.0,-0.07198442083947086
27.0,explicit,0.42857142857142855,0.0,-0.07198442083947086
27.0,explicit,0.42857142857142855,0.07142857142857142,0.1085558157485524
27.0,explicit,0.42857142857142855,0.14285714285714285,0.23543113443373004
27.0,explicit,0.42857142857142855,0.21428571428571427,0.3552546496860995
27.0,explicit,0.42857142857142855,0.2857142857142857,0.4733528901402195
27.0,explicit,0.42857142857142855,0.3571428571428571,0.5882567437662806
27.0,explicit,0.42857142857142855,0.42857142857142855,0.6878237001834726
27.0,explicit,0.42857142857142855,0.5,0.735695212248222
27.0,explicit,0.42857142857142855,0.5714285714285714,0.6878237001834727
27.0,explicit,0.42857142857142855,0.6428571428571428,0.5882567437662807
27.0,explicit,0.42857142857142855,0.7142857142857142,0.47335289014021964
27.0,explicit,0.42857142857142855,0.7857142857142857,0.3552546496860996
27.0,explicit,0.42857142857142855,0.8571428571428571,0.23543113443373012
27.0,explicit,0.42857142857142855,0.9285714285714285,0.10855581574855248
27.0,explicit,0.42857142857142855,1.0,-0.07198442083947086
27.0,explicit,0.5,0.0,-0.07198442083947086
27.0,explicit,0.5,0.07142857142857142,0.11680648101053473
27.0,explicit,0.5,0.14285714285714285,0.2519321711445317
27.0,explicit,0.5,0.21428571428571427,0.3800022510174755
27.0,explicit,0.5,0.2857142857142857,0.5063142779724545
27.0,explicit,0.5,0.3571428571428571,0.629213538174507
27.0,explicit,0.5,0.42857142857142855,0.735695212248222
27.0,explicit,0.5,0.5,0.7868771228305156
27.0,explicit,0.5,0.5714285714285714,0.7356952122482221
27.0,explicit,0.5,0.6428571428571428,0.6292135381745072
27.0,explicit,0.5,0.7142857142857142,0.5063142779724548
27.0,explicit,0.5,0.7857142857142857,0.3800022510174756
27.0,explicit,0.5,0.8571428571428571,0.2519321711445318
27.0,explicit,0.5,0.9285714285714285,0.11680648101053479
27.0,explicit,0.5,1.0,-0.07198442083947086
27.0,explicit,0.5714285714285714,0.0,-0.07198442083947086
27.0,explicit,0.5714285714285714,0.07142857142857142,0.10855581574855241
27.0,explicit,0.5714285714285714,0.14285714285714285,0.23543113443373007
27.0,explicit,0.5714285714285714,0.21428571428571427,0.35525464968609954
27.0,explicit,0.5714285714285714,0.2857142857142857,0.47335289014021953
27.0,explicit,0.5714285714285714,0.3571428571428571,0.5882567437662806
27.0,explicit,0.5714285714285714,0.42857142857142855,0.6878237001834727
27.0,explicit,0.5714285714285714,0.5,0.7356952122482221
27.0,explicit,0.5714285714285714,0.5714285714285714,0.6878237001834728
27.0,explicit,0.5714285714285714,0.6428571428571428,0.5882567437662808
27.0,explicit,0.5714285714285714,0.7142857142857142,0.4733528901402197
27.0,explicit,0.5714285714285714,0.7857142857142857,0.3552546496860996
27.0,explicit,0.5714285714285714,0.8571428571428571,0.23543113443373015
27.0,explicit,0.5714285714285714,0.9285714285714285,0.10855581574855248
27.0,explicit,0.5714285714285714,1.0,-0.07198442083947086
27.0,explicit,0.6428571428571428,0.0,-0.07198442083947086
27.0,explicit,0.6428571428571428,0.07142857142857142,0.09140226007383408
27.0,explicit,0.6428571428571428,0.14285714285714285,0.2011245796977391
27.0,explicit,0.6428571428571428,0.21428571428571427,0.3038023967817917
27.0,explicit,0.6428571428571428,0.2857142857142857,0.4048213002752191
27.0,explicit,0.6428571428571428,0.3571428571428571,0.5030927824053212
27.0,explicit,0.6428571428571428,0.42857142857142855,0.5882567437662807
27.0,explicit,0.6428571428571428,0.5,0.6292135381745072
27.0,explicit,0.6428571428571428,0.5714285714285714,0.5882567437662808
27.0,explicit,0.6428571428571428,0.6428571428571428,0.5030927824053214
27.0,explicit,0.6428571428571428,0.7142857142857142,0.4048213002752193
27.0,explicit,0.6428571428571428,0.7857142857142857,0.30380239678179183
27.0,explicit,0.6428571428571428,0.8571428571428571,0.20112457969773914
27.0,explicit,0.6428571428571428,0.9285714285714285,0.09140226007383415
27.0,explicit,0.6428571428571428,1.0,-0.07198442083947086
27.0,explicit,0.7142857142857142,0.0,-0.07198442083947086
27.0,explicit,0.7142857142857142,0.07142857142857142,0.07160539223741637
27.0,explicit,0.7142857142857142,0.14285714285714285,0.1615375949507522
27.0,explicit,0.7142857142857142,0.21428571428571427,0.24443347925414033
27.0,explicit,0.7142857142857142,0.2857142857142857,0.3257452208171818
27.0,explicit,0.7142857142857142,0.3571428571428571,0.4048213002752192
27.0,explicit,0.7142857142857142,0.42857142857142855,0.47335289014021964
27.0,explicit,0.7142857142857142,0.5,0.5063142779724548
27.0,explicit,0.7142857142857142,0.5714285714285714,0.4733528901402197
27.0,explicit,0.7142857142857142,0.6428571428571428,0.4048213002752193
27.0,explicit,0.7142857142857142,0.7142857142857142,0.325745220817182
27.0,explicit,0.7142857142857142,0.7857142857142857,0.2444334792541404
27.0,explicit,0.7142857142857142,0.8571428571428571,0.1615375949507523
27.0,explicit,0.7142857142857142,0.9285714285714285,0.07160539223741644
27.0,explicit,0.7142857142857142,1.0,-0.07198442083947086
27.0,explicit,0.7857142857142857,0.0,-0.07198442083947086
27.0,explicit,0.7857142857142857,0.07142857142857142,0.05117027636563273
27.0,explicit,0.7857142857142857,0.14285714285714285,0.12076225638755422
27.0,explicit,0.7857142857142857,0.21428571428571427,0.18335175981526672
27.0,explicit,0.7857142857142857,0.2857142857142857,0.24443347925414033
27.0,explicit,0.7857142857142857,0.3571428571428571,0.3038023967817917
27.0,explicit,0.7857142857142857,0.42857142857142855,0.3552546496860996
27.0,explicit,0.7857142857142857,0.5,0.3800022510174756
27.0,explicit,0.7857142857142857,0.5714285714285714,0.3552546496860996
27.0,explicit,0.7857142857142857,0.6428571428571428,0.30380239678179183
27.0,explicit,0.7857142857142857,0.7142857142857142,0.2444334792541404
27.0,explicit,0.7857142857142857,0.7857142857142857,0.18335175981526675
27.0,explicit,0.7857142857142857,0.8571428571428571,0.12076225638755426
27.0,explicit,0.7857142857142857,0.9285714285714285,0.051170276365632775
27.0,explicit,0.7857142857142857,1.0,-0.07198442083947086
27.0,explicit,0.8571428571428571,0.0,-0.07198442083947086
27.0,explicit,0.8571428571428571,0.07142857142857142,0.029722219412827273
27.0,explicit,0.8571428571428571,0.14285714285714285,0.07859432480696632
27.0,explicit,0.8571428571428571,0.21428571428571427,0.12076225638755425
27.0,explicit,0.8571428571428571,0.2857142857142857,0.16153759495075223
27.0,explicit,0.8571428571428571,0.3571428571428571,0.20112457969773911
27.0,explicit,0.8571428571428571,0.42857142857142855,0.23543113443373012
27.0,explicit,0.8571428571428571,0.5,0.2519321711445318
27.0,explicit,0.8571428571428571,0.5714285714285714,0.23543113443373015
27.0,explicit,0.8571428571428571,0.6428571428571428,0.20112457969773917
27.0,explicit,0.8571428571428571,0.7142857142857142,0.1615375949507523
27.0,explicit,0.8571428571428571,0.7857142857142857,0.12076225638755426
27.0,explicit,0.8571428571428571,0.8571428571428571,0.07859432480696633
27.0,explicit,0.8571428571428571,0.9285714285714285,0.029722219412827294
27.0,explicit,0.8571428571428571,1.0,-0.07198442083947086
27.0,explicit,0.9285714285714285,0.0,-0.07198442083947086
27.0,explicit,0.9285714285714285,0.07142857142857142,0.003121873085543763
27.0,explicit,0.9285714285714285,0.14285714285714285,0.029722219412827298
27.0,explicit,0.9285714285714285,0.21428571428571427,0.05117027636563277
27.0,explicit,0.9285714285714285,0.2857142857142857,0.0716053922374164
27.0,explicit,0.9285714285714285,0.3571428571428571,0.09140226007383412
27.0,explicit,0.9285714285714285,0.42857142857142855,0.10855581574855248
27.0,explicit,0.9285714285714285,0.5,0.11680648101053481
27.0,explicit,0.9285714285714285,0.5714285714285714,0.1085558157485525
27.0,explicit,0.9285714285714285,0.6428571428571428,0.09140226007383415
27.0,explicit,0.9285714285714285,0.7142857142857142,0.07160539223741642
27.0,explicit,0.9285714285714285,0.7857142857142857,0.051170276365632775
27.0,explicit,0.9285714285714285,0.8571428571428571,0.029722219412827305
27.0,explicit,0.9285714285714285,0.9285714285714285,0.0031218730855437733
27.0,explicit,0.9285714285714285,1.0,-0.07198442083947086
27.0,explicit,1.0,0.0,-0.07198442083947086
27.0,explicit,1.0,0.07142857142857142,-0.07198442083947086
27.0,explicit,1.0,0.14285714285714285,-0.07198442083947086
27.0,explicit,1.0,0.21428571428571427,-0.07198442083947086
27.0,explicit,1.0,0.2857142857142857,-0.07198442083947086
27.0,explicit,1.0,0.3571428571428571,-0.07198442083947086
27.0,explicit,1.0,0.42857142857142855,-0.07198442083947086
27.0,explicit,1.0,0.5,-0.07198442083947086
27.0,explicit,1.0,0.5714285714285714,-0.07198442083947086
27.0,explicit,1.0,0.6428571428571428,-0.07198442083947086
27.0,explicit,1.0,0.7142857142857142,-0.07198442083947086
27.0,explicit,1.0,0.7857142857142857,-0.07198442083947086
27.0,explicit,1.0,0.8571428571428571,-0.07198442083947086
27.0,explicit,1.0,0.9285714285714285,-0.07198442083947086
27.0,explicit,1.0,1.0,-0.07198442083947086
28.0,explicit,0.0,0.0,0.10571222262189157
28.0,explicit,0.0,0.07142857142857142,0.10571222262189157
28.0,explicit,0.0,0.14285714285714285,0.10571222262189157
28.0,explicit,0.0,0.21428571428571427,0.10571222262189157
28.0,explicit,0.0,0.2857142857142857,0.10571222262189157
28.0,explicit,0.0,0.3571428571428571,0.10571222262189157
28.0,explicit,0.0,0.42857142857142855,0.10571222262189157
28.0,explicit,0.0,0.5,0.10571222262189157
28.0,explicit,0.0,0.5714285714285714,0.10571222262189157
28.0,explicit,0.0,0.6428571428571428,0.10571222262189157
28.0,explicit,0.0,0.7142857142857142,0.10571222262189157
28.0,explicit,0.0,0.7857142857142857,0.10571222262189157
28.0,explicit,0.0,0.8571428571428571,0.10571222262189157
28.0,explicit,0.0,0.9285714285714285,0.10571222262189157
28.0,explicit,0.0,1.0,0.10571222262189157
28.0,explicit,0.07142857142857142,0.0,0.10571222262189157
28.0,explicit,0.07142857142857142,0.07142857142857142,0.0012259323729201463
28.0,explicit,0.07142857142857142,0.14285714285714285,0.028501645171835257
28.0,explicit,0.07142857142857142,0.21428571428571427,0.05004887417642889
28.0,explicit,0.07142857142857142,0.2857142857142857,0.07049173732118882
28.0,explicit,0.07142857142857142,0.3571428571428571,0.09023312694052914
28.0,explicit,0.07142857142857142,0.42857142857142855,0.10721578157739547
28.0,explicit,0.07142857142857142,0.5,0.11526144278085322
28.0,explicit,0.07142857142857142,0.5714285714285714,0.10721578157739549
28.0,explicit,0.07142857142857142,0.6428571428571428,0.09023312694052917
28.0,explicit,0.07142857142857142,0.7142857142857142,0.07049173732118885
28.0,explicit,0.07142857142857142,0.7857142857142857,0.05004887417642891
28.0,explicit,0.07142857142857142,0.8571428571428571,0.02850164517183527
28.0,explicit,0.07142857142857142,0.9285714285714285,0.001225932372920158
28.0,explicit,0.07142857142857142,1.0,0.10571222262189157
28.0,explicit,0.14285714285714285,0.0,0.10571222262189157
28.0,explicit,0.14285714285714285,0.07142857142857142,0.028501645171835246
28.0,explicit,0.14285714285714285,0.14285714285714285,0.07821227701751363
28.0,explicit,0.14285714285714285,0.21428571428571427,0.12052378464134414
28.0,explicit,0.14285714285714285,0.2857142857142857,0.16130383292346248
28.0,explicit,0.14285714285714285,0.3571428571428571,0.20077772795032844
28.0,explicit,0.14285714285714285,0.42857142857142855,0.23474213356463972
28.0,explicit,0.14285714285714285,0.5,0.2508330793310056
28.0,explicit,0.14285714285714285,0.5714285714285714,0.23474213356463974
28.0,explicit,0.14285714285714285,0.6428571428571428,0.2007777279503285
28.0,explicit,0.14285714285714285,0.7142857142857142,0.1613038329234625
28.0,explicit,0.14285714285714285,0.7857142857142857,0.12052378464134417
28.0,explicit,0.14285714285714285,0.8571428571428571,0.07821227701751365
28.0,explicit,0.14285714285714285,0.9285714285714285,0.028501645171835274
28.0,explicit,0.14285714285714285,1.0,0.10571222262189157
28.0,explicit,0.21428571428571427,0.0,0.10571222262189157
28.0,explicit,0.21428571428571427,0.07142857142857142,0.05004887417642889
28.0,explicit,0.21428571428571427,0.14285714285714285,0.12052378464134414
28.0,explicit,0.21428571428571427,0.21428571428571427,0.18326705047971703
28.0,explicit,0.21428571428571427,0.2857142857142857,0.2443409181360595
28.0,explicit,0.21428571428571427,0.3571428571428571,0.30353658299996655
28.0,explicit,0.21428571428571427,0.42857142857142855,0.3544740360106601
28.0,explicit,0.21428571428571427,0.5,0.37860586188458967
28.0,explicit,0.21428571428571427,0.5714285714285714,0.35447403601066013
28.0,explicit,0.21428571428571427,0.6428571428571428,0.3035365829999666
28.0,explicit,0.21428571428571427,0.7142857142857142,0.24434091813605954
28.0,explicit,0.21428571428571427,0.7857142857142857,0.18326705047971706
28.0,explicit,0.21428571428571427,0.8571428571428571,0.12052378464134418
28.0,explicit,0.21428571428571427,0.9285714285714285,0.05004887417642894
28.0,explicit,0.21428571428571427,1.0,0.10571222262189157
28.0,explicit,0.2857142857142857,0.0,0.10571222262189157
28.0,explicit,0.2857142857142857,0.07142857142857142,0.07049173732118884
28.0,explicit,0.2857142857142857,0.14285714285714285,0.16130383292346248
28.0,explicit,0.2857142857142857,0.21428571428571427,0.2443409181360595
28.0,explicit,0.2857142857142857,0.2857142857142857,0.3256198986111087
28.0,explicit,0.2857142857142857,0.3571428571428571,0.4044524301169112
28.0,explicit,0.2857142857142857,0.42857142857142855,0.472288341991339
28.0,explicit,0.2857142857142857,0.5,0.5044248253454733
28.0,explicit,0.2857142857142857,0.5714285714285714,0.47228834199133907
28.0,explicit,0.2857142857142857,0.6428571428571428,0.40445243011691123
28.0,explicit,0.2857142857142857,0.7142857142857142,0.32561989861110874
28.0,explicit,0.2857142857142857,0.7857142857142857,0.24434091813605954
28.0,explicit,0.2857142857142857,0.8571428571428571,0.16130383292346254
28.0,explicit,0.2857142857142857,0.9285714285714285,0.0704917373211889
28.0,explicit,0.2857142857142857,1.0,0.10571222262189157
28.0,explicit,0.3571428571428571,0.0,0.10571222262189157
28.0,explicit,0.3571428571428571,0.07142857142857142,0.09023312694052915
28.0,explicit,0.3571428571428571,0.14285714285714285,0.20077772795032844
28.0,explicit,0.3571428571428571,0.21428571428571427,0.30353658299996655
28.0,explicit,0.3571428571428571,0.2857142857142857,0.4044524301169112
28.0,explicit,0.3571428571428571,0.3571428571428571,0.5023671867192672
28.0,explicit,0.3571428571428571,0.42857142857142855,0.5866206803205345
28.0,explicit,0.3571428571428571,0.5,0.6265306717989739
28.0,explicit,0.3571428571428571,0.5714285714285714,0.5866206803205345
28.0,explicit,0.3571428571428571,0.6428571428571428,0.5023671867192673
28.0,explicit,0.3571428571428571,0.7142857142857142,0.4044524301169113
28.0,explicit,0.3571428571428571,0.7857142857142857,0.3035365829999666
28.0,explicit,0.3571428571428571,0.8571428571428571,0.20077772795032853
28.0,explicit,0.3571428571428571,0.9285714285714285,0.09023312694052922
28.0,explicit,0.3571428571428571,1.0,0.10571222262189157
28.0,explicit,0.42857142857142855,0.0,0.10571222262189157
28.0,explicit,0.42857142857142855,0.07142857142857142,0.10721578157739547
28.0,explicit,0.42857142857142855,0.14285714285714285,0.23474213356463972
28.0,explicit,0.42857142857142855,0.21428571428571427,0.3544740360106601
28.0,explicit,0.42857142857142855,0.2857142857142857,0.472288341991339
28.0,explicit,0.42857142857142855,0.3571428571428571,0.5866206803205345
28.0,explicit,0.42857142857142855,0.42857142857142855,0.6849907392112102
28.0,explicit,0.42857142857142855,0.5,0.7315763382517162
28.0,explicit,0.42857142857142855,0.5714285714285714,0.6849907392112103
28.0,explicit,0.42857142857142855,0.6428571428571428,0.5866206803205346
28.0,explicit,0.42857142857142855,0.7142857142857142,0.4722883419913392
28.0,explicit,0.42857142857142855,0.7857142857142857,0.3544740360106602
28.0,explicit,0.42857142857142855,0.8571428571428571,0.2347421335646398
28.0,explicit,0.42857142857142855,0.9285714285714285,0.10721578157739556
28.0,explicit,0.42857142857142855,1.0,0.10571222262189157
28.0,explicit,0.5,0.0,0.10571222262189157
28.0,explicit,0.5,0.07142857142857142,0.11526144278085322
28.0,explicit,0.5,0.14285714285714285,0.2508330793310056
28.0,explicit,0.5,0.21428571428571427,0.37860586188458967
28.0,explicit,0.5,0.2857142857142857,0.5044248253454733
28.0,explicit,0.5,0.3571428571428571,0.6265306717989739
28.0,explicit,0.5,0.42857142857142855,0.7315763382517162
28.0,explicit,0.5,0.5,0.7813105760531323
28.0,explicit,0.5,0.5714285714285714,0.7315763382517163
28.0,explicit,0.5,0.6428571428571428,0.6265306717989741
28.0,explicit,0.5,0.7142857142857142,0.5044248253454735
28.0,explicit,0.5,0.7857142857142857,0.3786058618845898
28.0,explicit,0.5,0.8571428571428571,0.25083307933100574
28.0,explicit,0.5,0.9285714285714285,0.11526144278085328
28.0,explicit,0.5,1.0,0.10571222262189157
28.0,explicit,0.5714285714285714,0.0,0.10571222262189157
28.0,explicit,0.5714285714285714,0.07142857142857142,0.10721578157739549
28.0,explicit,0.5714285714285714,0.14285714285714285,0.23474213356463974
28.0,explicit,0.5714285714285714,0.21428571428571427,0.35447403601066013
28.0,explicit,0.5714285714285714,0.2857142857142857,0.47228834199133907
28.0,explicit,0.5714285714285714,0.3571428571428571,0.5866206803205345
28.0,explicit,0.5714285714285714,0.42857142857142855,0.6849907392112103
28.0,explicit,0.5714285714285714,0.5,0.7315763382517163
28.0,explicit,0.5714285714285714,0.5714285714285714,0.6849907392112105
28.0,explicit,0.5714285714285714,0.6428571428571428,0.5866206803205347
28.0,explicit,0.5714285714285714,0.7142857142857142,0.47228834199133923
28.0,explicit,0.5714285714285714,0.7857142857142857,0.3544740360106602
28.0,explicit,0.5714285714285714,0.8571428571428571,0.23474213356463983
28.0,explicit,0.5714285714285714,0.9285714285714285,0.10721578157739556
28.0,explicit,0.5714285714285714,1.0,0.10571222262189157
28.0,explicit,0.6428571428571428,0.0,0.10571222262189157
28.0,explicit,0.6428571428571428,0.07142857142857142,0.09023312694052917
28.0,explicit,0.6428571428571428,0.14285714285714285,0.2007777279503285
28.0,explicit,0.6428571428571428,0.21428571428571427,0.3035365829999666
28.0,explicit,0.6428571428571428,0.2857142857142857,0.40445243011691123
28.0,explicit,0.6428571428571428,0.3571428571428571,0.5023671867192673
28.0,explicit,0.6428571428571428,0.42857142857142855,0.5866206803205346
28.0,explicit,0.6428571428571428,0.5,0.6265306717989741
28.0,explicit,0.6428571428571428,0.5714285714285714,0.5866206803205347
28.0,explicit,0.6428571428571428,0.6428571428571428,0.5023671867192675
28.0,explicit,0.6428571428571428,0.7142857142857142,0.4044524301169114
28.0,explicit,0.6428571428571428,0.7857142857142857,0.3035365829999667
28.0,explicit,0.6428571428571428,0.8571428571428571,0.20077772795032856
28.0,explicit,0.6428571428571428,0.9285714285714285,0.09023312694052923
28.0,explicit,0.6428571428571428,1.0,0.10571222262189157
28.0,explicit,0.7142857142857142,0.0,0.10571222262189157
28.0,explicit,0.7142857142857142,0.07142857142857142,0.07049173732118885
28.0,explicit,0.7142857142857142,0.14285714285714285,0.1613038329234625
28.0,explicit,0.7142857142857142,0.21428571428571427,0.24434091813605954
28.0,explicit,0.7142857142857142,0.2857142857142857,0.32561989861110874
28.0,explicit,0.7142857142857142,0.3571428571428571,0.4044524301169113
28.0,explicit,0.7142857142857142,0.42857142857142855,0.4722883419913392
28.0,explicit,0.7142857142857142,0.5,0.5044248253454735
28.0,explicit,0.7142857142857142,0.5714285714285714,0.47228834199133923
28.0,explicit,0.7142857142857142,0.6428571428571428,0.4044524301169114
28.0,explicit,0.7142857142857142,0.7142857142857142,0.3256198986111089
28.0,explicit,0.7142857142857142,0.7857142857142857,0.24434091813605965
28.0,explicit,0.7142857142857142,0.8571428571428571,0.1613038329234626
28.0,explicit,0.7142857142857142,0.9285714285714285,0.07049173732118892
28.0,explicit,0.7142857142857142,1.0,0.10571222262189157
28.0,explicit,0.7857142857142857,0.0,0.10571222262189157
28.0,explicit,0.7857142857142857,0.07142857142857142,0.050048874176428906
28.0,explicit,0.7857142857142857,0.14285714285714285,0.12052378464134417
28.0,explicit,0.7857142857142857,0.21428571428571427,0.18326705047971706
28.0,explicit,0.7857142857142857,0.2857142857142857,0.24434091813605954
28.0,explicit,0.7857142857142857,0.3571428571428571,0.3035365829999666
28.0,explicit,0.7857142857142857,0.42857142857142855,0.3544740360106602
28.0,explicit,0.7857142857142857,0.5,0.3786058618845898
28.0,explicit,0.7857142857142857,0.5714285714285714,0.3544740360106602
28.0,explicit,0.7857142857142857,0.6428571428571428,0.3035365829999667
28.0,explicit,0.7857142857142857,0.7142857142857142,0.24434091813605965
28.0,explicit,0.7857142857142857,0.7857142857142857,0.1832670504797171
28.0,explicit,0.7857142857142857,0.8571428571428571,0.12052378464134421
28.0,explicit,0.7857142857142857,0.9285714285714285,0.05004887417642895
28.0,explicit,0.7857142857142857,1.0,0.10571222262189157
28.0,explicit,0.8571428571428571,0.0,0.10571222262189157
28.0,explicit,0.8571428571428571,0.07142857142857142,0.02850164517183526
28.0,explicit,0.8571428571428571,0.14285714285714285,0.07821227701751365
28.0,explicit,0.8571428571428571,0.21428571428571427,0.12052378464134418
28.0,explicit,0.8571428571428571,0.2857142857142857,0.16130383292346254
28.0,explicit,0.8571428571428571,0.3571428571428571,0.20077772795032853
28.0,explicit,0.8571428571428571,0.42857142857142855,0.2347421335646398
28.0,explicit,0.8571428571428571,0.5,0.25083307933100574
28.0,explicit,0.8571428571428571,0.5714285714285714,0.23474213356463983
28.0,explicit,0.8571428571428571,0.6428571428571428,0.20077772795032858
28.0,explicit,0.8571428571428571,0.7142857142857142,0.1613038329234626
28.0,explicit,0.8571428571428571,0.7857142857142857,0.12052378464134421
28.0,explicit,0.8571428571428571,0.8571428571428571,0.07821227701751367
28.0,explicit,0.8571428571428571,0.9285714285714285,0.02850164517183528
28.0,explicit,0.8571428571428571,1.0,0.10571222262189157
28.0,explicit,0.9285714285714285,0.0,0.10571222262189157
28.0,explicit,0.9285714285714285,0.07142857142857142,0.0012259323729201573
28.0,explicit,0.9285714285714285,0.14285714285714285,0.028501645171835285
28.0,explicit,0.9285714285714285,0.21428571428571427,0.05004887417642894
28.0,explicit,0.9285714285714285,0.2857142857142857,0.07049173732118888
28.0,explicit,0.9285714285714285,0.3571428571428571,0.0902331269405292
28.0,explicit,0.9285714285714285,0.42857142857142855,0.10721578157739556
28.0,explicit,0.9285714285714285,0.5,0.1152614427808533
28.0,explicit,0.9285714285714285,0.5714285714285714,0.10721578157739557
28.0,explicit,0.9285714285714285,0.6428571428571428,0.09023312694052923
28.0,explicit,0.9285714285714285,0.7142857142857142,0.07049173732118891
28.0,explicit,0.9285714285714285,0.7857142857142857,0.05004887417642895
28.0,explicit,0.9285714285714285,0.8571428571428571,0.02850164517183529
28.0,explicit,0.9285714285714285,0.9285714285714285,0.0012259323729201675
28.0,explicit,0.9285714285714285,1.0,0.10571222262189157
28.0,explicit,1.0,0.0,0.10571222262189157
28.0,explicit,1.0,0.07142857142857142,0.10571222262189157
28.0,explicit,1.0,0.14285714285714285,0.10571222262189157
28.0,explicit,1.0,0.21428571428571427,0.10571222262189157
28.0,explicit,1.0,0.2857142857142857,0.10571222262189157
28.0,explicit,1.0,0.3571428571428571,0.10571222262189157
28.0,explicit,1.0,0.42857142857142855,0.10571222262189157
28.0,explicit,1.0,0.5,0.10571222262189157
28.0,explicit,1.0,0.5714285714285714,0.10571222262189157
28.0,explicit,1.0,0.6428571428571428,0.10571222262189157
28.0,explicit,1.0,0.7142857142857142,0.10571222262189157
28.0,explicit,1.0,0.7857142857142857,0.10571222262189157
28.0,explicit,1.0,0.8571428571428571,0.10571222262189157
28.0,explicit,1.0,0.9285714285714285,0.10571222262189157
28.0,explicit,1.0,1.0,0.10571222262189157
29.0,explicit,0.0,0.0,0.03436182895684614
29.0,explicit,0.0,0.07142857142857142,0.03436182895684614
29.0,explicit,0.0,0.14285714285714285,0.03436182895684614
29.0,explicit,0.0,0.21428571428571427,0.03436182895684614
29.0,explicit,0.0,0.2857142857142857,0.03436182895684614
29.0,explicit,0.0,0.3571428571428571,0.03436182895684614
29.0,explicit,0.0,0.42857142857142855,0.03436182895684614
29.0,explicit,0.0,0.5,0.03436182895684614
29.0,explicit,0.0,0.5714285714285714,0.03436182895684614
29.0,explicit,0.0,0.6428571428571428,0.03436182895684614
29.0,explicit,0.0,0.7142857142857142,0.03436182895684614
29.0,explicit,0.0,0.7857142857142857,0.03436182895684614
29.0,explicit,0.0,0.8571428571428571,0.03436182895684614
29.0,explicit,0.0,0.9285714285714285,0.03436182895684614
29.0,explicit,0.0,1.0,0.03436182895684614
29.0,explicit,0.07142857142857142,0.0,0.03436182895684614
29.0,explicit,0.07142857142857142,0.07142857142857142,0.004834457240647664
29.0,explicit,0.07142857142857142,0.14285714285714285,0.03016117885242368
29.0,explicit,0.07142857142857142,0.21428571428571427,0.0517610062856292
29.0,explicit,0.07142857142857142,0.2857142857142857,0.07220793928841066
29.0,explicit,0.07142857142857142,0.3571428571428571,0.09192103646435303
29.0,explicit,0.07142857142857142,0.42857142857142855,0.1088190777088105
29.0,explicit,0.07142857142857142,0.5,0.11676676706707624
29.0,explicit,0.07142857142857142,0.5714285714285714,0.10881907770881051
29.0,explicit,0.07142857142857142,0.6428571428571428,0.09192103646435305
29.0,explicit,0.07142857142857142,0.7142857142857142,0.07220793928841068
29.0,explicit,0.07142857142857142,0.7857142857142857,0.05176100628562922
29.0,explicit,0.07142857142857142,0.8571428571428571,0.030161178852423694
29.0,explicit,0.07142857142857142,0.9285714285714285,0.004834457240647675
29.0,explicit,0.07142857142857142,1.0,0.03436182895684614
29.0,explicit,0.14285714285714285,0.0,0.03436182895684614
29.0,explicit,0.14285714285714285,0.07142857142857142,0.03016117885242367
29.0,explicit,0.14285714285714285,0.14285714285714285,0.07800963951097664
29.0,explicit,0.14285714285714285,0.21428571428571427,0.12039694177219908
29.0,explicit,0.14285714285714285,0.2857142857142857,0.16117948142575217
29.0,explicit,0.14285714285714285,0.3571428571428571,0.20059567171880888
29.0,explicit,0.14285714285714285,0.42857142857142855,0.234390654051613
29.0,explicit,0.14285714285714285,0.5,0.25028560922909643
29.0,explicit,0.14285714285714285,0.5714285714285714,0.23439065405161302
29.0,explicit,0.14285714285714285,0.6428571428571428,0.20059567171880893
29.0,explicit,0.14285714285714285,0.7142857142857142,0.1611794814257522
29.0,explicit,0.14285714285714285,0.7857142857142857,0.1203969417721991
29.0,explicit,0.14285714285714285,0.8571428571428571,0.07800963951097667
29.0,explicit,0.14285714285714285,0.9285714285714285,0.030161178852423698
29.0,explicit,0.14285714285714285,1.0,0.03436182895684614
29.0,explicit,0.21428571428571427,0.0,0.03436182895684614
29.0,explicit,0.21428571428571427,0.07142857142857142,0.0517610062856292
29.0,explicit,0.21428571428571427,0.14285714285714285,0.12039694177219908
29.0,explicit,0.21428571428571427,0.21428571428571427,0.183221331192558
29.0,explicit,0.21428571428571427,0.2857142857142857,0.24429112492616162
29.0,explicit,0.21428571428571427,0.3571428571428571,0.3033982635226185
29.0,explicit,0.21428571428571427,0.42857142857142855,0.35408071902908755
29.0,explicit,0.21428571428571427,0.5,0.37791821678155996
29.0,explicit,0.21428571428571427,0.5714285714285714,0.3540807190290876
29.0,explicit,0.21428571428571427,0.6428571428571428,0.30339826352261856
29.0,explicit,0.21428571428571427,0.7142857142857142,0.24429112492616167
29.0,explicit,0.21428571428571427,0.7857142857142857,0.18322133119255804
29.0,explicit,0.21428571428571427,0.8571428571428571,0.12039694177219912
29.0,explicit,0.21428571428571427,0.9285714285714285,0.05176100628562925
29.0,explicit,0.21428571428571427,1.0,0.03436182895684614
29.0,explicit,0.2857142857142857,0.0,0.03436182895684614
29.0,explicit,0.2857142857142857,0.07142857142857142,0.07220793928841066
29.0,explicit,0.2857142857142857,0.14285714285714285,0.16117948142575217
29.0,explicit,0.2857142857142857,0.21428571428571427,0.24429112492616162
29.0,explicit,0.2857142857142857,0.2857142857142857,0.32555289847648
29.0,explicit,0.2857142857142857,0.3571428571428571,0.4042607546566702
29.0,explicit,0.2857142857142857,0.42857142857142855,0.4717518176551586
29.0,explicit,0.2857142857142857,0.5,0.5034938685139421
29.0,explicit,0.2857142857142857,0.5714285714285714,0.47175181765515867
29.0,explicit,0.2857142857142857,0.6428571428571428,0.4042607546566703
29.0,explicit,0.2857142857142857,0.7142857142857142,0.32555289847648006
29.0,explicit,0.2857142857142857,0.7857142857142857,0.24429112492616167
29.0,explicit,0.2857142857142857,0.8571428571428571,0.16117948142575222
29.0,explicit,0.2857142857142857,0.9285714285714285,0.07220793928841071
29.0,explicit,0.2857142857142857,1.0,0.03436182895684614
29.0,explicit,0.3571428571428571,0.0,0.03436182895684614
29.0,explicit,0.3571428571428571,0.07142857142857142,0.09192103646435304
29.0,explicit,0.3571428571428571,0.14285714285714285,0.20059567171880888
29.0,explicit,0.3571428571428571,0.21428571428571427,0.3033982635226185
29.0,explicit,0.3571428571428571,0.2857142857142857,0.4042607546566702
29.0,explicit,0.3571428571428571,0.3571428571428571,0.5019930499717704
29.0,explicit,0.3571428571428571,0.42857142857142855,0.5857948925084261
29.0,explicit,0.3571428571428571,0.5,0.6252040584008189
29.0,explicit,0.3571428571428571,0.5714285714285714,0.5857948925084261
29.0,explicit,0.3571428571428571,0.6428571428571428,0.5019930499717705
29.0,explicit,0.3571428571428571,0.7142857142857142,0.40426075465667033
29.0,explicit,0.3571428571428571,0.7857142857142857,0.30339826352261856
29.0,explicit,0.3571428571428571,0.8571428571428571,0.20059567171880896
29.0,explicit,0.3571428571428571,0.9285714285714285,0.09192103646435311
29.0,explicit,0.3571428571428571,1.0,0.03436182895684614
29.0,explicit,0.42857142857142855,0.0,0.03436182895684614
29.0,explicit,0.42857142857142855,0.07142857142857142,0.1088190777088105
29.0,explicit,0.42857142857142855,0.14285714285714285,0.234390654051613
29.0,explicit,0.42857142857142855,0.21428571428571427,0.35408071902908755
29.0,explicit,0.42857142857142855,0.2857142857142857,0.4717518176551586
29.0,explicit,0.42857142857142855,0.3571428571428571,0.5857948925084261
29.0,explicit,0.42857142857142855,0.42857142857142855,0.683572534366045
29.0,explicit,0.42857142857142855,0.5,0.7295431145658468
29.0,explicit,0.42857142857142855,0.5714285714285714,0.6835725343660451
29.0,explicit,0.42857142857142855,0.6428571428571428,0.5857948925084262
29.0,explicit,0.42857142857142855,0.7142857142857142,0.4717518176551588
29.0,explicit,0.42857142857142855,0.7857142857142857,0.35408071902908766
29.0,explicit,0.42857142857142855,0.8571428571428571,0.23439065405161308
29.0,explicit,0.42857142857142855,0.9285714285714285,0.10881907770881058
29.0,explicit,0.42857142857142855,1.0,0.03436182895684614
29.0,explicit,0.5,0.0,0.03436182895684614
29.0,explicit,0.5,0.07142857142857142,0.11676676706707624
29.0,explicit,0.5,0.14285714285714285,0.25028560922909643
29.0,explicit,0.5,0.21428571428571427,0.37791821678155996
29.0,explicit,0.5,0.2857142857142857,0.5034938685139421
29.0,explicit,0.5,0.3571428571428571,0.6252040584008189
29.0,explicit,0.5,0.42857142857142855,0.7295431145658468
29.0,explicit,0.5,0.5,0.7785864639459619
29.0,explicit,0.5,0.5714285714285714,0.7295431145658469
29.0,explicit,0.5,0.6428571428571428,0.6252040584008192
29.0,explicit,0.5,0.7142857142857142,0.5034938685139423
29.0,explicit,0.5,0.7857142857142857,0.37791821678156007
29.0,explicit,0.5,0.8571428571428571,0.25028560922909654
29.0,explicit,0.5,0.9285714285714285,0.1167667670670763
29.0,explicit,0.5,1.0,0.03436182895684614
29.0,explicit,0.5714285714285714,0.0,0.03436182895684614
29.0,explicit,0.5714285714285714,0.07142857142857142,0.10881907770881051
29.0,explicit,0.5714285714285714,0.14285714285714285,0.23439065405161302
29.0,explicit,0.5714285714285714,0.21428571428571427,0.3540807190290876
29.0,explicit,0.5714285714285714,0.2857142857142857,0.47175181765515867
29.0,explicit,0.5714285714285714,0.3571428571428571,0.5857948925084261
29.0,explicit,0.5714285714285714,0.42857142857142855,0.6835725343660451
29.0,explicit,0.5714285714285714,0.5,0.7295431145658469
29.0,explicit,0.5714285714285714,0.5714285714285714,0.6835725343660453
29.0,explicit,0.5714285714285714,0.6428571428571428,0.5857948925084263
29.0,explicit,0.5714285714285714,0.7142857142857142,0.47175181765515883
29.0,explicit,0.5714285714285714,0.7857142857142857,0.35408071902908766
29.0,explicit,0.5714285714285714,0.8571428571428571,0.2343906540516131
29.0,explicit,0.5714285714285714,0.9285714285714285,0.10881907770881058
29.0,explicit,0.5714285714285714,1.0,0.03436182895684614
29.0,explicit,0.6428571428571428,0.0,0.03436182895684614
29.0,explicit,0.6428571428571428,0.07142857142857142,0.09192103646435305
29.0,explicit,0.6428571428571428,0.14285714285714285,0.20059567171880893
29.0,explicit,0.6428571428571428,0.21428571428571427,0.30339826352261856
29.0,explicit,0.6428571428571428,0.2857142857142857,0.4042607546566703
29.0,explicit,0.6428571428571428,0.3571428571428571,0.5019930499717705
29.0,explicit,0.6428571428571428,0.42857142857142855,0.5857948925084262
29.0,explicit,0.6428571428571428,0.5,0.6252040584008192
29.0,explicit,0.6428571428571428,0.5714285714285714,0.5857948925084263
29.0,explicit,0.6428571428571428,0.6428571428571428,0.5019930499717707
29.0,explicit,0.6428571428571428,0.7142857142857142,0.40426075465667044
29.0,explicit,0.6428571428571428,0.7857142857142857,0.30339826352261867
29.0,explicit,0.6428571428571428,0.8571428571428571,0.200595671718809
29.0,explicit,0.6428571428571428,0.9285714285714285,0.09192103646435312
29.0,explicit,0.6428571428571428,1.0,0.03436182895684614
29.0,explicit,0.7142857142857142,0.0,0.03436182895684614
29.0,explicit,0.7142857142857142,0.07142857142857142,0.07220793928841068
29.0,explicit,0.7142857142857142,0.14285714285714285,0.1611794814257522
29.0,explicit,0.7142857142857142,0.21428571428571427,0.24429112492616167
29.0,explicit,0.7142857142857142,0.2857142857142857,0.32555289847648006
29.0,explicit,0.7142857142857142,0.3571428571428571,0.40426075465667033
29.0,explicit,0.7142857142857142,0.42857142857142855,0.4717518176551588
29.0,explicit,0.7142857142857142,0.5,0.5034938685139423
29.0,explicit,0.7142857142857142,0.5714285714285714,0.47175181765515883
29.0,explicit,0.7142857142857142,0.6428571428571428,0.40426075465667044
29.0,explicit,0.7142857142857142,0.7142857142857142,0.3255528984764802
29.0,explicit,0.7142857142857142,0.7857142857142857,0.24429112492616178
29.0,explicit,0.7142857142857142,0.8571428571428571,0.16117948142575228
29.0,explicit,0.7142857142857142,0.9285714285714285,0.07220793928841074
29.0,explicit,0.7142857142857142,1.0,0.03436182895684614
29.0,explicit,0.7857142857142857,0.0,0.03436182895684614
29.0,explicit,0.7857142857142857,0.07142857142857142,0.05176100628562921
29.0,explicit,0.7857142857142857,0.14285714285714285,0.1203969417721991
29.0,explicit,0.7857142857142857,0.21428571428571427,0.18322133119255804
29.0,explicit,0.7857142857142857,0.2857142857142857,0.24429112492616167
29.0,explicit,0.7857142857142857,0.3571428571428571,0.30339826352261856
29.0,explicit,0.7857142857142857,0.42857142857142855,0.35408071902908766
29.0,explicit,0.7857142857142857,0.5,0.37791821678156007
29.0,explicit,0.7857142857142857,0.5714285714285714,0.35408071902908766
29.0,explicit,0.7857142857142857,0.6428571428571428,0.30339826352261867
29.0,explicit,0.7857142857142857,0.7142857142857142,0.24429112492616178
29.0,explicit,0.7857142857142857,0.7857142857142857,0.18322133119255807
29.0,explicit,0.7857142857142857,0.8571428571428571,0.12039694177219915
29.0,explicit,0.7857142857142857,0.9285714285714285,0.051761006285629255
29.0,explicit,0.7857142857142857,1.0,0.03436182895684614
29.0,explicit,0.8571428571428571,0.0,0.03436182895684614
29.0,explicit,0.8571428571428571,0.07142857142857142,0.030161178852423684
29.0,explicit,0.8571428571428571,0.14285714285714285,0.07800963951097667
29.0,explicit,0.8571428571428571,0.21428571428571427,0.12039694177219912
29.0,explicit,0.8571428571428571,0.2857142857142857,0.16117948142575222
29.0,explicit,0.8571428571428571,0.3571428571428571,0.20059567171880896
29.0,explicit,0.8571428571428571,0.42857142857142855,0.23439065405161308
29.0,explicit,0.8571428571428571,0.5,0.25028560922909654
29.0,explicit,0.8571428571428571,0.5714285714285714,0.2343906540516131
29.0,explicit,0.8571428571428571,0.6428571428571428,0.20059567171880902
29.0,explicit,0.8571428571428571,0.7142857142857142,0.16117948142575228
29.0,explicit,0.8571428571428571,0.7857142857142857,0.12039694177219915
29.0,explicit,0.8571428571428571,0.8571428571428571,0.07800963951097668
29.0,explicit,0.8571428571428571,0.9285714285714285,0.030161178852423705
29.0,explicit,0.8571428571428571,1.0,0.03436182895684614
29.0,explicit,0.9285714285714285,0.0,0.03436182895684614
29.0,explicit,0.9285714285714285,0.07142857142857142,0.004834457240647674
29.0,explicit,0.9285714285714285,0.14285714285714285,0.03016117885242371
29.0,explicit,0.9285714285714285,0.21428571428571427,0.05176100628562925
29.0,explicit,0.9285714285714285,0.2857142857142857,0.07220793928841071
29.0,explicit,0.9285714285714285,0.3571428571428571,0.0919210364643531
29.0,explicit,0.9285714285714285,0.42857142857142855,0.10881907770881058
29.0,explicit,0.9285714285714285,0.5,0.11676676706707632
29.0,explicit,0.9285714285714285,0.5714285714285714,0.1088190777088106
29.0,explicit,0.9285714285714285,0.6428571428571428,0.09192103646435312
29.0,explicit,0.9285714285714285,0.7142857142857142,0.07220793928841074
29.0,explicit,0.9285714285714285,0.7857142857142857,0.051761006285629255
29.0,explicit,0.9285714285714285,0.8571428571428571,0.030161178852423715
29.0,explicit,0.9285714285714285,0.9285714285714285,0.004834457240647684
29.0,explicit,0.9285714285714285,1.0,0.03436182895684614
29.0,explicit,1.0,0.0,0.03436182895684614
29.0,explicit,1.0,0.07142857142857142,0.03436182895684614
29.0,explicit,1.0,0.14285714285714285,0.03436182895684614
29.0,explicit,1.0,0.21428571428571427,0.03436182895684614
29.0,explicit,1.0,0.2857142857142857,0.03436182895684614
29.0,explicit,1.0,0.3571428571428571,0.03436182895684614
29.0,explicit,1.0,0.42857142857142855,0.03436182895684614
29.0,explicit,1.0,0.5,0.03436182895684614
29.0,explicit,1.0,0.5714285714285714,0.03436182895684614
29.0,explicit,1.0,0.6428571428571428,0.03436182895684614
29.0,explicit,1.0,0.7142857142857142,0.03436182895684614
29.0,explicit,1.0,0.7857142857142857,0.03436182895684614
29.0,explicit,1.0,0.8571428571428571,0.03436182895684614
29.0,explicit,1.0,0.9285714285714285,0.03436182895684614
29.0,explicit,1.0,1.0,0.03436182895684614
30.0,explicit,0.0,0.0,0.0324083969394795
30.0,explicit,0.0,0.07142857142857142,0.0324083969394795
30.0,explicit,0.0,0.14285714285714285,0.0324083969394795
30.0,explicit,0.0,0.21428571428571427,0.0324083969394795
30.0,explicit,0.0,0.2857142857142857,0.0324083969394795
30.0,explicit,0.0,0.3571428571428571,0.0324083969394795
30.0,explicit,0.0,0.42857142857142855,0.0324083969394795
30.0,explicit,0.0,0.5,0.0324083969394795
30.0,explicit,0.0,0.5714285714285714,0.0324083969394795
30.0,explicit,0.0,0.6428571428571428,0.0324083969394795
30.0,explicit,0.0,0.7142857142857142,0.0324083969394795
30.0,explicit,0.0,0.7857142857142857,0.0324083969394795
30.0,explicit,0.0,0.8571428571428571,0.0324083969394795
30.0,explicit,0.0,0.9285714285714285,0.0324083969394795
30.0,explicit,0.0,1.0,0.0324083969394795
30.0,explicit,0.07142857142857142,0.0,0.0324083969394795
30.0,explicit,0.07142857142857142,0.07142857142857142,0.002005398430926564
30.0,explicit,0.07142857142857142,0.14285714285714285,0.02859151551571357
30.0,explicit,0.07142857142857142,0.21428571428571427,0.05022747210554352
30.0,explicit,0.07142857142857142,0.2857142857142857,0.07068257590647202
30.0,explicit,0.07142857142857142,0.3571428571428571,0.09033807684594541
30.0,explicit,0.07142857142857142,0.42857142857142855,0.10706866641614848
30.0,explicit,0.07142857142857142,0.5,0.11482889855158943
30.0,explicit,0.07142857142857142,0.5714285714285714,0.1070686664161485
30.0,explicit,0.07142857142857142,0.6428571428571428,0.09033807684594544
30.0,explicit,0.07142857142857142,0.7142857142857142,0.07068257590647205
30.0,explicit,0.07142857142857142,0.7857142857142857,0.05022747210554354
30.0,explicit,0.07142857142857142,0.8571428571428571,0.028591515515713584
30.0,explicit,0.07142857142857142,0.9285714285714285,0.0020053984309265755
30.0,explicit,0.07142857142857142,1.0,0.0324083969394795
30.0,explicit,0.14285714285714285,0.0,0.0324083969394795
30.0,explicit,0.14285714285714285,0.07142857142857142,0.02859151551571356
30.0,explicit,0.14285714285714285,0.14285714285714285,0.07773404584432758
30.0,explicit,0.14285714285714285,0.21428571428571427,0.120204726212664
30.0,explicit,0.14285714285714285,0.2857142857142857,0.16099218657963124
30.0,explicit,0.14285714285714285,0.3571428571428571,0.20029082893540354
30.0,explicit,0.14285714285714285,0.42857142857142855,0.2337504675822269
30.0,explicit,0.14285714285714285,0.5,0.249270402846084
30.0,explicit,0.14285714285714285,0.5714285714285714,0.23375046758222692
30.0,explicit,0.14285714285714285,0.6428571428571428,0.2002908289354036
30.0,explicit,0.14285714285714285,0.7142857142857142,0.16099218657963127
30.0,explicit,0.14285714285714285,0.7857142857142857,0.12020472621266402
30.0,explicit,0.14285714285714285,0.8571428571428571,0.07773404584432761
30.0,explicit,0.14285714285714285,0.9285714285714285,0.028591515515713588
30.0,explicit,0.14285714285714285,1.0,0.0324083969394795
30.0,explicit,0.21428571428571427,0.0,0.0324083969394795
30.0,explicit,0.21428571428571427,0.07142857142857142,0.05022747210554352
30.0,explicit,0.21428571428571427,0.14285714285714285,0.120204726212664
30.0,explicit,0.21428571428571427,0.21428571428571427,0.18312364707956164
30.0,explicit,0.21428571428571427,0.2857142857142857,0.24418465779002346
30.0,explicit,0.21428571428571427,0.3571428571428571,0.3031112080012921
30.0,explicit,0.21428571428571427,0.42857142857142855,0.35328876925787944
30.0,explicit,0.21428571428571427,0.5,0.37656300629604855
30.0,explicit,0.21428571428571427,0.5714285714285714,0.3532887692578795
30.0,explicit,0.21428571428571427,0.6428571428571428,0.30311120800129215
30.0,explicit,0.21428571428571427,0.7142857142857142,0.24418465779002352
30.0,explicit,0.21428571428571427,0.7857142857142857,0.18312364707956166
30.0,explicit,0.21428571428571427,0.8571428571428571,0.12020472621266404
30.0,explicit,0.21428571428571427,0.9285714285714285,0.05022747210554357
30.0,explicit,0.21428571428571427,1.0,0.0324083969394795
30.0,explicit,0.2857142857142857,0.0,0.0324083969394795
30.0,explicit,0.2857142857142857,0.07142857142857142,0.07068257590647203
30.0,explicit,0.2857142857142857,0.14285714285714285,0.16099218657963124
30.0,explicit,0.2857142857142857,0.21428571428571427,0.24418465779002346
30.0,explicit,0.2857142857142857,0.2857142857142857,0.3254100327365083
30.0,explicit,0.2857142857142857,0.3571428571428571,0.4038630899627042
30.0,explicit,0.2857142857142857,0.42857142857142855,0.4706708402451017
30.0,explicit,0.2857142857142857,0.5,0.5016577728912724
30.0,explicit,0.2857142857142857,0.5714285714285714,0.47067084024510175
30.0,explicit,0.2857142857142857,0.6428571428571428,0.40386308996270426
30.0,explicit,0.2857142857142857,0.7142857142857142,0.32541003273650837
30.0,explicit,0.2857142857142857,0.7857142857142857,0.24418465779002352
30.0,explicit,0.2857142857142857,0.8571428571428571,0.1609921865796313
30.0,explicit,0.2857142857142857,0.9285714285714285,0.07068257590647208
30.0,explicit,0.2857142857142857,1.0,0.0324083969394795
30.0,explicit,0.3571428571428571,0.0,0.0324083969394795
30.0,explicit,0.3571428571428571,0.07142857142857142,0.09033807684594543
30.0,explicit,0.3571428571428571,0.14285714285714285,0.20029082893540354
30.0,explicit,0.3571428571428571,0.21428571428571427,0.3031112080012921
30.0,explicit,0.3571428571428571,0.2857142857142857,0.4038630899627042
30.0,explicit,0.3571428571428571,0.3571428571428571,0.5012228005152619
30.0,explicit,0.3571428571428571,0.42857142857142855,0.5841290908931329
30.0,explicit,0.3571428571428571,0.5,0.6225789082470665
30.0,explicit,0.3571428571428571,0.5714285714285714,0.5841290908931329
30.0,explicit,0.3571428571428571,0.6428571428571428,0.501222800515262
30.0,explicit,0.3571428571428571,0.7142857142857142,0.4038630899627043
30.0,explicit,0.3571428571428571,0.7857142857142857,0.30311120800129215
30.0,explicit,0.3571428571428571,0.8571428571428571,0.20029082893540362
30.0,explicit,0.3571428571428571,0.9285714285714285,0.0903380768459455
30.0,explicit,0.3571428571428571,1.0,0.0324083969394795
30.0,explicit,0.42857142857142855,0.0,0.0324083969394795
30.0,explicit,0.42857142857142855,0.07142857142857142,0.10706866641614848
30.0,explicit,0.42857142857142855,0.14285714285714285,0.2337504675822269
30.0,explicit,0.42857142857142855,0.21428571428571427,0.35328876925787944
30.0,explicit,0.42857142857142855,0.2857142857142857,0.4706708402451017
30.0,explicit,0.42857142857142855,0.3571428571428571,0.5841290908931329
30.0,explicit,0.42857142857142855,0.42857142857142855,0.6807346366643563
30.0,explicit,0.42857142857142855,0.5,0.7255275394248489
30.0,explicit,0.42857142857142855,0.5714285714285714,0.6807346366643564
30.0,explicit,0.42857142857142855,0.6428571428571428,0.584129090893133
30.0,explicit,0.42857142857142855,0.7142857142857142,0.47067084024510186
30.0,explicit,0.42857142857142855,0.7857142857142857,0.35328876925787955
30.0,explicit,0.42857142857142855,0.8571428571428571,0.23375046758222698
30.0,explicit,0.42857142857142855,0.9285714285714285,0.10706866641614857
30.0,explicit,0.42857142857142855,1.0,0.0324083969394795
30.0,explicit,0.5,0.0,0.0324083969394795
30.0,explicit,0.5,0.07142857142857142,0.11482889855158943
30.0,explicit,0.5,0.14285714285714285,0.249270402846084
30.0,explicit,0.5,0.21428571428571427,0.37656300629604855
30.0,explicit,0.5,0.2857142857142857,0.5016577728912724
30.0,explicit,0.5,0.3571428571428571,0.6225789082470665
30.0,explicit,0.5,0.42857142857142855,0.7255275394248489
30.0,explicit,0.5,0.5,0.7732506282132745
30.0,explicit,0.5,0.5714285714285714,0.725527539424849
30.0,explicit,0.5,0.6428571428571428,0.6225789082470667
30.0,explicit,0.5,0.7142857142857142,0.5016577728912727
30.0,explicit,0.5,0.7857142857142857,0.37656300629604866
30.0,explicit,0.5,0.8571428571428571,0.24927040284608412
30.0,explicit,0.5,0.9285714285714285,0.11482889855158948
30.0,explicit,0.5,1.0,0.0324083969394795
30.0,explicit,0.5714285714285714,0.0,0.0324083969394795
30.0,explicit,0.5714285714285714,0.07142857142857142,0.1070686664161485
30.0,explicit,0.5714285714285714,0.14285714285714285,0.23375046758222692
30.0,explicit,0.5714285714285714,0.21428571428571427,0.3532887692578795
30.0,explicit,0.5714285714285714,0.2857142857142857,0.47067084024510175
30.0,explicit,0.5714285714285714,0.3571428571428571,0.5841290908931329
30.0,explicit,0.5714285714285714,0.42857142857142855,0.6807346366643564
30.0,explicit,0.5714285714285714,0.5,0.725527539424849
30.0,explicit,0.5714285714285714,0.5714285714285714,0.6807346366643565
30.0,explicit,0.5714285714285714,0.6428571428571428,0.5841290908931331
30.0,explicit,0.5714285714285714,0.7142857142857142,0.4706708402451019
30.0,explicit,0.5714285714285714,0.7857142857142857,0.35328876925787955
30.0,explicit,0.5714285714285714,0.8571428571428571,0.233750467582227
30.0,explicit,0.5714285714285714,0.9285714285714285,0.10706866641614857
30.0,explicit,0.5714285714285714,1.0,0.0324083969394795
30.0,explicit,0.6428571428571428,0.0,0.0324083969394795
30.0,explicit,0.6428571428571428,0.07142857142857142,0.09033807684594544
30.0,explicit,0.6428571428571428,0.14285714285714285,0.2002908289354036
30.0,explicit,0.6428571428571428,0.21428571428571427,0.30311120800129215
30.0,explicit,0.6428571428571428,0.2857142857142857,0.40386308996270426
30.0,explicit,0.6428571428571428,0.3571428571428571,0.501222800515262
30.0,explicit,0.6428571428571428,0.42857142857142855,0.584129090893133
30.0,explicit,0.6428571428571428,0.5,0.6225789082470667
30.0,explicit,0.6428571428571428,0.5714285714285714,0.5841290908931331
30.0,explicit,0.6428571428571428,0.6428571428571428,0.5012228005152622
30.0,explicit,0.6428571428571428,0.7142857142857142,0.4038630899627044
30.0,explicit,0.6428571428571428,0.7857142857142857,0.30311120800129226
30.0,explicit,0.6428571428571428,0.8571428571428571,0.20029082893540365
30.0,explicit,0.6428571428571428,0.9285714285714285,0.09033807684594551
30.0,explicit,0.6428571428571428,1.0,0.0324083969394795
30.0,explicit,0.7142857142857142,0.0,0.0324083969394795
30.0,explicit,0.7142857142857142,0.07142857142857142,0.07068257590647205
30.0,explicit,0.7142857142857142,0.14285714285714285,0.16099218657963127
30.0,explicit,0.7142857142857142,0.21428571428571427,0.24418465779002352
30.0,explicit,0.7142857142857142,0.2857142857142857,0.32541003273650837
30.0,explicit,0.7142857142857142,0.3571428571428571,0.4038630899627043
30.0,explicit,0.7142857142857142,0.42857142857142855,0.47067084024510186
30.0,explicit,0.7142857142857142,0.5,0.5016577728912727
30.0,explicit,0.7142857142857142,0.5714285714285714,0.4706708402451019
30.0,explicit,0.7142857142857142,0.6428571428571428,0.4038630899627044
30.0,explicit,0.7142857142857142,0.7142857142857142,0.32541003273650854
30.0,explicit,0.7142857142857142,0.7857142857142857,0.24418465779002363
30.0,explicit,0.7142857142857142,0.8571428571428571,0.16099218657963135
30.0,explicit,0.7142857142857142,0.9285714285714285,0.0706825759064721
30.0,explicit,0.7142857142857142,1.0,0.0324083969394795
30.0,explicit,0.7857142857142857,0.0,0.0324083969394795
30.0,explicit,0.7857142857142857,0.07142857142857142,0.050227472105543534
30.0,explicit,0.7857142857142857,0.14285714285714285,0.12020472621266402
30.0,explicit,0.7857142857142857,0.21428571428571427,0.18312364707956166
30.0,explicit,0.7857142857142857,0.2857142857142857,0.24418465779002352
30.0,explicit,0.7857142857142857,0.3571428571428571,0.30311120800129215
30.0,explicit,0.7857142857142857,0.42857142857142855,0.35328876925787955
30.0,explicit,0.7857142857142857,0.5,0.37656300629604866
30.0,explicit,0.7857142857142857,0.5714285714285714,0.35328876925787955
30.0,explicit,0.7857142857142857,0.6428571428571428,0.30311120800129226
30.0,explicit,0.7857142857142857,0.7142857142857142,0.24418465779002363
30.0,explicit,0.7857142857142857,0.7857142857142857,0.1831236470795617
30.0,explicit,0.7857142857142857,0.8571428571428571,0.12020472621266406
30.0,explicit,0.7857142857142857,0.9285714285714285,0.050227472105543576
30.0,explicit,0.7857142857142857,1.0,0.0324083969394795
30.0,explicit,0.8571428571428571,0.0,0.0324083969394795
30.0,explicit,0.8571428571428571,0.07142857142857142,0.028591515515713574
30.0,explicit,0.8571428571428571,0.14285714285714285,0.07773404584432761
30.0,explicit,0.8571428571428571,0.21428571428571427,0.12020472621266404
30.0,explicit,0.8571428571428571,0.2857142857142857,0.1609921865796313
30.0,explicit,0.8571428571428571,0.3571428571428571,0.20029082893540362
30.0,explicit,0.8571428571428571,0.42857142857142855,0.23375046758222698
30.0,explicit,0.8571428571428571,0.5,0.24927040284608412
30.0,explicit,0.8571428571428571,0.5714285714285714,0.233750467582227
30.0,explicit,0.8571428571428571,0.6428571428571428,0.20029082893540368
30.0,explicit,0.8571428571428571,0.7142857142857142,0.16099218657963135
30.0,explicit,0.8571428571428571,0.7857142857142857,0.12020472621266406
30.0,explicit,0.8571428571428571,0.8571428571428571,0.07773404584432762
30.0,explicit,0.8571428571428571,0.9285714285714285,0.028591515515713595
30.0,explicit,0.8571428571428571,1.0,0.0324083969394795
30.0,explicit,0.9285714285714285,0.0,0.0324083969394795
30.0,explicit,0.9285714285714285,0.07142857142857142,0.0020053984309265755
30.0,explicit,0.9285714285714285,0.14285714285714285,0.028591515515713598
30.0,explicit,0.9285714285714285,0.21428571428571427,0.05022747210554357
30.0,explicit,0.9285714285714285,0.2857142857142857,0.07068257590647208
30.0,explicit,0.9285714285714285,0.3571428571428571,0.09033807684594548
30.0,explicit,0.9285714285714285,0.42857142857142855,0.10706866641614857
30.0,explicit,0.9285714285714285,0.5,0.11482889855158951
30.0,explicit,0.9285714285714285,0.5714285714285714,0.10706866641614858
30.0,explicit,0.9285714285714285,0.6428571428571428,0.09033807684594551
30.0,explicit,0.9285714285714285,0.7142857142857142,0.0706825759064721
30.0,explicit,0.9285714285714285,0.7857142857142857,0.050227472105543576
30.0,explicit,0.9285714285714285,0.8571428571428571,0.028591515515713605
30.0,explicit,0.9285714285714285,0.9285714285714285,0.002005398430926585
30.0,explicit,0.9285714285714285,1.0,0.0324083969394795
30.0,explicit,1.0,0.0,0.0324083969394795
30.0,explicit,1.0,0.07142857142857142,0.0324083969394795
30.0,explicit,1.0,0.14285714285714285,0.0324083969394795
30.0,explicit,1.0,0.21428571428571427,0.0324083969394795
30.0,explicit,1.0,0.2857142857142857,0.0324083969394795
30.0,explicit,1.0,0.3571428571428571,0.0324083969394795
30.0,explicit,1.0,0.42857142857142855,0.0324083969394795
30.0,explicit,1.0,0.5,0.0324083969394795
30.0,explicit,1.0,0.5714285714285714,0.0324083969394795
30.0,explicit,1.0,0.6428571428571428,0.0324083969394795
30.0,explicit,1.0,0.7142857142857142,0.0324083969394795
30.0,explicit,1.0,0.7857142857142857,0.0324083969394795
30.0,explicit,1.0,0.8571428571428571,0.0324083969394795
30.0,explicit,1.0,0.9285714285714285,0.0324083969394795
30.0,explicit,1.0,1.0,0.0324083969394795
31.0,explicit,0.0,0.0,-0.06769220003059588
31.0,explicit,0.0,0.07142857142857142,-0.06769220003059588
31.0,explicit,0.0,0.14285714285714285,-0.06769220003059588
31.0,explicit,0.0,0.21428571428571427,-0.06769220003059588
31.0,explicit,0.0,0.2857142857142857,-0.06769220003059588
31.0,explicit,0.0,0.3571428571428571,-0.06769220003059588
31.0,explicit,0.0,0.42857142857142855,-0.06769220003059588
31.0,explicit,0.0,0.5,-0.06769220003059588
31.0,explicit,0.0,0.5714285714285714,-0.06769220003059588
31.0,explicit,0.0,0.6428571428571428,-0.06769220003059588
31.0,explicit,0.0,0.7142857142857142,-0.06769220003059588
31.0,explicit,0.0,0.7857142857142857,-0.06769220003059588
31.0,explicit,0.0,0.8571428571428571,-0.06769220003059588
31.0,explicit,0.0,0.9285714285714285,-0.06769220003059588
31.0,explicit,0.0,1.0,-0.06769220003059588
31.0,explicit,0.07142857142857142,0.0,-0.06769220003059588
31.0,explicit,0.07142857142857142,0.07142857142857142,0.0031172302403337923
31.0,explicit,0.07142857142857142,0.14285714285714285,0.0289276641345948
31.0,explicit,0.07142857142857142,0.21428571428571427,0.05063122203762247
31.0,explicit,0.07142857142857142,0.2857142857142857,0.07109339261909153
31.0,explicit,0.07142857142857142,0.3571428571428571,0.0906900492930433
31.0,explicit,0.07142857142857142,0.42857142857142855,0.10725566717053851
31.0,explicit,0.07142857142857142,0.5,0.11483904930728668
31.0,explicit,0.07142857142857142,0.5714285714285714,0.10725566717053853
31.0,explicit,0.07142857142857142,0.6428571428571428,0.09069004929304333
31.0,explicit,0.07142857142857142,0.7142857142857142,0.07109339261909156
31.0,explicit,0.07142857142857142,0.7857142857142857,0.05063122203762249
31.0,explicit,0.07142857142857142,0.8571428571428571,0.028927664134594813
31.0,explicit,0.07142857142857142,0.9285714285714285,0.0031172302403338036
31.0,explicit,0.07142857142857142,1.0,-0.06769220003059588
31.0,explicit,0.14285714285714285,0.0,-0.06769220003059588
31.0,explicit,0.14285714285714285,0.07142857142857142,0.02892766413459479
31.0,explicit,0.14285714285714285,0.14285714285714285,0.07739334027127237
31.0,explicit,0.14285714285714285,0.21428571428571427,0.11997662662024257
31.0,explicit,0.14285714285714285,0.2857142857142857,0.1607677193361078
31.0,explicit,0.14285714285714285,0.3571428571428571,0.19994617576257356
31.0,explicit,0.14285714285714285,0.42857142857142855,0.2330753655185696
31.0,explicit,0.14285714285714285,0.5,0.24824147886743453
31.0,explicit,0.14285714285714285,0.5714285714285714,0.23307536551856964
31.0,explicit,0.14285714285714285,0.6428571428571428,0.19994617576257362
31.0,explicit,0.14285714285714285,0.7142857142857142,0.16076771933610787
31.0,explicit,0.14285714285714285,0.7857142857142857,0.1199766266202426
31.0,explicit,0.14285714285714285,0.8571428571428571,0.0773933402712724
31.0,explicit,0.14285714285714285,0.9285714285714285,0.028927664134594813
31.0,explicit,0.14285714285714285,1.0,-0.06769220003059588
31.0,explicit,0.21428571428571427,0.0,-0.06769220003059588
31.0,explicit,0.21428571428571427,0.07142857142857142,0.05063122203762247
31.0,explicit,0.21428571428571427,0.14285714285714285,0.11997662662024257
31.0,explicit,0.21428571428571427,0.21428571428571427,0.18301985368396095
31.0,explicit,0.21428571428571427,0.2857142857142857,0.24407002757692567
31.0,explicit,0.21428571428571427,0.3571428571428571,0.302811596494132
31.0,explicit,0.21428571428571427,0.42857142857142855,0.3524913954657761
31.0,explicit,0.21428571428571427,0.5,0.3752341058868053
31.0,explicit,0.21428571428571427,0.5714285714285714,0.3524913954657762
31.0,explicit,0.21428571428571427,0.6428571428571428,0.30281159649413203
31.0,explicit,0.21428571428571427,0.7142857142857142,0.24407002757692572
31.0,explicit,0.21428571428571427,0.7857142857142857,0.18301985368396098
31.0,explicit,0.21428571428571427,0.8571428571428571,0.11997662662024261
31.0,explicit,0.21428571428571427,0.9285714285714285,0.05063122203762252
31.0,explicit,0.21428571428571427,1.0,-0.06769220003059588
31.0,explicit,0.2857142857142857,0.0,-0.06769220003059588
31.0,explicit,0.2857142857142857,0.07142857142857142,0.07109339261909155
31.0,explicit,0.2857142857142857,0.14285714285714285,0.1607677193361078
31.0,explicit,0.2857142857142857,0.21428571428571427,0.24407002757692567
31.0,explicit,0.2857142857142857,0.2857142857142857,0.32525516475055366
31.0,explicit,0.2857142857142857,0.3571428571428571,0.4034466011028487
31.0,explicit,0.2857142857142857,0.42857142857142855,0.46958000830703506
31.0,explicit,0.2857142857142857,0.5,0.499853990283758
31.0,explicit,0.2857142857142857,0.5714285714285714,0.4695800083070351
31.0,explicit,0.2857142857142857,0.6428571428571428,0.40344660110284875
31.0,explicit,0.2857142857142857,0.7142857142857142,0.3252551647505537
31.0,explicit,0.2857142857142857,0.7857142857142857,0.24407002757692572
31.0,explicit,0.2857142857142857,0.8571428571428571,0.16076771933610787
31.0,explicit,0.2857142857142857,0.9285714285714285,0.0710933926190916
31.0,explicit,0.2857142857142857,1.0,-0.06769220003059588
31.0,explicit,0.3571428571428571,0.0,-0.06769220003059588
31.0,explicit,0.3571428571428571,0.07142857142857142,0.09069004929304332
31.0,explicit,0.3571428571428571,0.14285714285714285,0.19994617576257356
31.0,explicit,0.3571428571428571,0.21428571428571427,0.302811596494132
31.0,explicit,0.3571428571428571,0.2857142857142857,0.4034466011028487
31.0,explicit,0.3571428571428571,0.3571428571428571,0.5004241877474227
31.0,explicit,0.3571428571428571,0.42857142857142855,0.5824459268624338
31.0,explicit,0.3571428571428571,0.5,0.6199892833107606
31.0,explicit,0.3571428571428571,0.5714285714285714,0.5824459268624338
31.0,explicit,0.3571428571428571,0.6428571428571428,0.5004241877474228
31.0,explicit,0.3571428571428571,0.7142857142857142,0.4034466011028488
31.0,explicit,0.3571428571428571,0.7857142857142857,0.30281159649413203
31.0,explicit,0.3571428571428571,0.8571428571428571,0.19994617576257365
31.0,explicit,0.3571428571428571,0.9285714285714285,0.09069004929304339
31.0,explicit,0.3571428571428571,1.0,-0.06769220003059588
31.0,explicit,0.42857142857142855,0.0,-0.06769220003059588
31.0,explicit,0.42857142857142855,0.07142857142857142,0.10725566717053851
31.0,explicit,0.42857142857142855,0.14285714285714285,0.2330753655185696
31.0,explicit,0.42857142857142855,0.21428571428571427,0.3524913954657761
31.0,explicit,0.42857142857142855,0.2857142857142857,0.46958000830703506
31.0,explicit,0.42857142857142855,0.3571428571428571,0.5824459268624338
31.0,explicit,0.42857142857142855,0.42857142857142855,0.6778971070718474
31.0,explicit,0.42857142857142855,0.5,0.7215778050681895
31.0,explicit,0.42857142857142855,0.5714285714285714,0.6778971070718475
31.0,explicit,0.42857142857142855,0.6428571428571428,0.5824459268624339
31.0,explicit,0.42857142857142855,0.7142857142857142,0.4695800083070352
31.0,explicit,0.42857142857142855,0.7857142857142857,0.35249139546577624
31.0,explicit,0.42857142857142855,0.8571428571428571,0.2330753655185697
31.0,explicit,0.42857142857142855,0.9285714285714285,0.1072556671705386
31.0,explicit,0.42857142857142855,1.0,-0.06769220003059588
31.0,explicit,0.5,0.0,-0.06769220003059588
31.0,explicit,0.5,0.07142857142857142,0.11483904930728668
31.0,explicit,0.5,0.14285714285714285,0.24824147886743453
31.0,explicit,0.5,0.21428571428571427,0.3752341058868053
31.0,explicit,0.5,0.2857142857142857,0.49985399028375804
31.0,explicit,0.5,0.3571428571428571,0.6199892833107606
31.0,explicit,0.5,0.42857142857142855,0.7215778050681895
31.0,explicit,0.5,0.5,0.7680572810102748
31.0,explicit,0.5,0.5714285714285714,0.7215778050681896
31.0,explicit,0.5,0.6428571428571428,0.6199892833107609
31.0,explicit,0.5,0.7142857142857142,0.49985399028375826
31.0,explicit,0.5,0.7857142857142857,0.3752341058868054
31.0,explicit,0.5,0.8571428571428571,0.24824147886743464
31.0,explicit,0.5,0.9285714285714285,0.11483904930728674
31.0,explicit,0.5,1.0,-0.06769220003059588
31.0,explicit,0.5714285714285714,0.0,-0.06769220003059588
31.0,explicit,0.5714285714285714,0.07142857142857142,0.10725566717053853
31.0,explicit,0.5714285714285714,0.14285714285714285,0.23307536551856964
31.0,explicit,0.5714285714285714,0.21428571428571427,0.3524913954657762
31.0,explicit,0.5714285714285714,0.2857142857142857,0.4695800083070351
31.0,explicit,0.5714285714285714,0.3571428571428571,0.5824459268624338
31.0,explicit,0.5714285714285714,0.42857142857142855,0.6778971070718475
31.0,explicit,0.5714285714285714,0.5,0.7215778050681896
31.0,explicit,0.5714285714285714,0.5714285714285714,0.6778971070718476
31.0,explicit,0.5714285714285714,0.6428571428571428,0.582445926862434
31.0,explicit,0.5714285714285714,0.7142857142857142,0.4695800083070353
31.0,explicit,0.5714285714285714,0.7857142857142857,0.35249139546577624
31.0,explicit,0.5714285714285714,0.8571428571428571,0.2330753655185697
31.0,explicit,0.5714285714285714,0.9285714285714285,0.1072556671705386
31.0,explicit,0.5714285714285714,1.0,-0.06769220003059588
31.0,explicit,0.6428571428571428,0.0,-0.06769220003059588
31.0,explicit,0.6428571428571428,0.07142857142857142,0.09069004929304333
31.0,explicit,0.6428571428571428,0.14285714285714285,0.19994617576257362
31.0,explicit,0.6428571428571428,0.21428571428571427,0.30281159649413203
31.0,explicit,0.6428571428571428,0.2857142857142857,0.40344660110284875
31.0,explicit,0.6428571428571428,0.3571428571428571,0.5004241877474228
31.0,explicit,0.6428571428571428,0.42857142857142855,0.5824459268624339
31.0,explicit,0.6428571428571428,0.5,0.6199892833107609
31.0,explicit,0.6428571428571428,0.5714285714285714,0.582445926862434
31.0,explicit,0.6428571428571428,0.6428571428571428,0.500424187747423
31.0,explicit,0.6428571428571428,0.7142857142857142,0.4034466011028489
31.0,explicit,0.6428571428571428,0.7857142857142857,0.30281159649413214
31.0,explicit,0.6428571428571428,0.8571428571428571,0.19994617576257367
31.0,explicit,0.6428571428571428,0.9285714285714285,0.0906900492930434
31.0,explicit,0.6428571428571428,1.0,-0.06769220003059588
31.0,explicit,0.7142857142857142,0.0,-0.06769220003059588
31.0,explicit,0.7142857142857142,0.07142857142857142,0.07109339261909156
31.0,explicit,0.7142857142857142,0.14285714285714285,0.16076771933610787
31.0,explicit,0.7142857142857142,0.21428571428571427,0.24407002757692572
31.0,explicit,0.7142857142857142,0.2857142857142857,0.3252551647505537
31.0,explicit,0.7142857142857142,0.3571428571428571,0.4034466011028488
31.0,explicit,0.7142857142857142,0.42857142857142855,0.4695800083070352
31.0,explicit,0.7142857142857142,0.5,0.4998539902837582
31.0,explicit,0.7142857142857142,0.5714285714285714,0.4695800083070353
31.0,explicit,0.7142857142857142,0.6428571428571428,0.4034466011028489
31.0,explicit,0.7142857142857142,0.7142857142857142,0.3252551647505539
31.0,explicit,0.7142857142857142,0.7857142857142857,0.24407002757692584
31.0,explicit,0.7142857142857142,0.8571428571428571,0.16076771933610792
31.0,explicit,0.7142857142857142,0.9285714285714285,0.07109339261909162
31.0,explicit,0.7142857142857142,1.0,-0.06769220003059588
31.0,explicit,0.7857142857142857,0.0,-0.06769220003059588
31.0,explicit,0.7857142857142857,0.07142857142857142,0.050631222037622485
31.0,explicit,0.7857142857142857,0.14285714285714285,0.1199766266202426
31.0,explicit,0.7857142857142857,0.21428571428571427,0.18301985368396098
31.0,explicit,0.7857142857142857,0.2857142857142857,0.24407002757692572
31.0,explicit,0.7857142857142857,0.3571428571428571,0.30281159649413203
31.0,explicit,0.7857142857142857,0.42857142857142855,0.35249139546577624
31.0,explicit,0.7857142857142857,0.5,0.3752341058868054
31.0,explicit,0.7857142857142857,0.5714285714285714,0.35249139546577624
31.0,explicit,0.7857142857142857,0.6428571428571428,0.30281159649413214
31.0,explicit,0.7857142857142857,0.7142857142857142,0.24407002757692584
31.0,explicit,0.7857142857142857,0.7857142857142857,0.183019853683961
31.0,explicit,0.7857142857142857,0.8571428571428571,0.11997662662024264
31.0,explicit,0.7857142857142857,0.9285714285714285,0.05063122203762253
31.0,explicit,0.7857142857142857,1.0,-0.06769220003059588
31.0,explicit,0.8571428571428571,0.0,-0.06769220003059588
31.0,explicit,0.8571428571428571,0.07142857142857142,0.028927664134594803
31.0,explicit,0.8571428571428571,0.14285714285714285,0.0773933402712724
31.0,explicit,0.8571428571428571,0.21428571428571427,0.11997662662024261
31.0,explicit,0.8571428571428571,0.2857142857142857,0.16076771933610787
31.0,explicit,0.8571428571428571,0.3571428571428571,0.19994617576257365
31.0,explicit,0.8571428571428571,0.42857142857142855,0.2330753655185697
31.0,explicit,0.8571428571428571,0.5,0.24824147886743464
31.0,explicit,0.8571428571428571,0.5714285714285714,0.23307536551856972
31.0,explicit,0.8571428571428571,0.6428571428571428,0.1999461757625737
31.0,explicit,0.8571428571428571,0.7142857142857142,0.16076771933610792
31.0,explicit,0.8571428571428571,0.7857142857142857,0.11997662662024264
31.0,explicit,0.8571428571428571,0.8571428571428571,0.07739334027127241
31.0,explicit,0.8571428571428571,0.9285714285714285,0.028927664134594824
31.0,explicit,0.8571428571428571,1.0,-0.06769220003059588
31.0,explicit,0.9285714285714285,0.0,-0.06769220003059588
31.0,explicit,0.9285714285714285,0.07142857142857142,0.003117230240333804
31.0,explicit,0.9285714285714285,0.14285714285714285,0.028927664134594824
31.0,explicit,0.9285714285714285,0.21428571428571427,0.05063122203762252
31.0,explicit,0.9285714285714285,0.2857142857142857,0.0710933926190916
31.0,explicit,0.9285714285714285,0.3571428571428571,0.09069004929304338
31.0,explicit,0.9285714285714285,0.42857142857142855,0.1072556671705386
31.0,explicit,0.9285714285714285,0.5,0.11483904930728676
31.0,explicit,0.9285714285714285,0.5714285714285714,0.10725566717053861
31.0,explicit,0.9285714285714285,0.6428571428571428,0.0906900492930434
31.0,explicit,0.9285714285714285,0.7142857142857142,0.07109339261909162
31.0,explicit,0.9285714285714285,0.7857142857142857,0.05063122203762253
31.0,explicit,0.9285714285714285,0.8571428571428571,0.02892766413459483
31.0,explicit,0.9285714285714285,0.9285714285714285,0.0031172302403338127
31.0,explicit,0.9285714285714285,1.0,-0.06769220003059588
31.0,explicit,1.0,0.0,-0.06769220003059588
31.0,explicit,1.0,0.07142857142857142,-0.06769220003059588
31.0,explicit,1.0,0.14285714285714285,-0.06769220003059588
31.0,explicit,1.0,0.21428571428571427,-0.06769220003059588
31.0,explicit,1.0,0.2857142857142857,-0.06769220003059588
31.0,explicit,1.0,0.3571428571428571,-0.06769220003059588
31.0,explicit,1.0,0.42857142857142855,-0.06769220003059588
31.0,explicit,1.0,0.5,-0.06769220003059588
31.0,explicit,1.0,0.5714285714285714,-0.06769220003059588
31.0,explicit,1.0,0.6428571428571428,-0.06769220003059588
31.0,explicit,1.0,0.7142857142857142,-0.06769220003059588
31.0,explicit,1.0,0.7857142857142857,-0.06769220003059588
31.0,explicit,1.0,0.8571428571428571,-0.06769220003059588
31.0,explicit,1.0,0.9285714285714285,-0.06769220003059588
31.0,explicit,1.0,1.0,-0.06769220003059588
32.0,explicit,0.0,0.0,0.06116762888408679
32.0,explicit,0.0,0.07142857142857142,0.06116762888408679
32.0,explicit,0.0,0.14285714285714285,0.06116762888408679
32.0,explicit,0.0,0.21428571428571427,0.06116762888408679
32.0,explicit,0.0,0.2857142857142857,0.06116762888408679
32.0,explicit,0.0,0.3571428571428571,0.06116762888408679
32.0,explicit,0.0,0.42857142857142855,0.06116762888408679
32.0,explicit,0.0,0.5,0.06116762888408679
32.0,explicit,0.0,0.5714285714285714,0.06116762888408679
32.0,explicit,0.0,0.6428571428571428,0.06116762888408679
32.0,explicit,0.0,0.7142857142857142,0.06116762888408679
32.0,explicit,0.0,0.7857142857142857,0.06116762888408679
32.0,explicit,0.0,0.8571428571428571,0.06116762888408679
32.0,explicit,0.0,0.9285714285714285,0.06116762888408679
32.0,explicit,0.0,1.0,0.06116762888408679
32.0,explicit,0.07142857142857142,0.0,0.06116762888408679
32.0,explicit,0.07142857142857142,0.07142857142857142,0.001884856766252837
32.0,explicit,0.07142857142857142,0.14285714285714285,0.02821203540716639
32.0,explicit,0.07142857142857142,0.21428571428571427,0.049943550452122815
32.0,explicit,0.07142857142857142,0.2857142857142857,0.07040904338072757
32.0,explicit,0.07142857142857142,0.3571428571428571,0.0899758433364985
32.0,explicit,0.07142857142857142,0.42857142857142855,0.10645994141045574
32.0,explicit,0.07142857142857142,0.5,0.11395862775719226
32.0,explicit,0.07142857142857142,0.5714285714285714,0.10645994141045576
32.0,explicit,0.07142857142857142,0.6428571428571428,0.08997584333649852
32.0,explicit,0.07142857142857142,0.7142857142857142,0.07040904338072759
32.0,explicit,0.07142857142857142,0.7857142857142857,0.049943550452122835
32.0,explicit,0.07142857142857142,0.8571428571428571,0.028212035407166405
32.0,explicit,0.07142857142857142,0.9285714285714285,0.0018848567662528484
32.0,explicit,0.07142857142857142,1.0,0.06116762888408679
32.0,explicit,0.14285714285714285,0.0,0.06116762888408679
32.0,explicit,0.14285714285714285,0.07142857142857142,0.02821203540716638
32.0,explicit,0.14285714285714285,0.14285714285714285,0.07723224109746205
32.0,explicit,0.14285714285714285,0.21428571428571427,0.11986578761159447
32.0,explicit,0.14285714285714285,0.2857142857142857,0.16065838271168123
32.0,explicit,0.14285714285714285,0.3571428571428571,0.19977583094103427
32.0,explicit,0.14285714285714285,0.42857142857142855,0.23274170329975408
32.0,explicit,0.14285714285714285,0.5,0.2477383576218136
32.0,explicit,0.14285714285714285,0.5714285714285714,0.2327417032997541
32.0,explicit,0.14285714285714285,0.6428571428571428,0.19977583094103432
32.0,explicit,0.14285714285714285,0.7142857142857142,0.16065838271168129
32.0,explicit,0.14285714285714285,0.7857142857142857,0.1198657876115945
32.0,explicit,0.14285714285714285,0.8571428571428571,0.07723224109746207
32.0,explicit,0.14285714285714285,0.9285714285714285,0.028212035407166405
32.0,explicit,0.14285714285714285,1.0,0.06116762888408679
32.0,explicit,0.21428571428571427,0.0,0.06116762888408679
32.0,explicit,0.21428571428571427,0.07142857142857142,0.049943550452122815
32.0,explicit,0.21428571428571427,0.14285714285714285,0.11986578761159447
32.0,explicit,0.21428571428571427,0.21428571428571427,0.18296527055860612
32.0,explicit,0.21428571428571427,0.2857142857142857,0.24400942390310262
32.0,explicit,0.21428571428571427,0.3571428571428571,0.3026569687057853
32.0,explicit,0.21428571428571427,0.42857142857142855,0.3520906665228309
32.0,explicit,0.21428571428571427,0.5,0.37457876759127795
32.0,explicit,0.21428571428571427,0.5714285714285714,0.35209066652283094
32.0,explicit,0.21428571428571427,0.6428571428571428,0.3026569687057854
32.0,explicit,0.21428571428571427,0.7142857142857142,0.24400942390310268
32.0,explicit,0.21428571428571427,0.7857142857142857,0.18296527055860615
32.0,explicit,0.21428571428571427,0.8571428571428571,0.11986578761159451
32.0,explicit,0.21428571428571427,0.9285714285714285,0.04994355045212286
32.0,explicit,0.21428571428571427,1.0,0.06116762888408679
32.0,explicit,0.2857142857142857,0.0,0.06116762888408679
32.0,explicit,0.2857142857142857,0.07142857142857142,0.07040904338072758
32.0,explicit,0.2857142857142857,0.14285714285714285,0.16065838271168123
32.0,explicit,0.2857142857142857,0.21428571428571427,0.24400942390310262
32.0,explicit,0.2857142857142857,0.2857142857142857,0.3251731772001945
32.0,explicit,0.2857142857142857,0.3571428571428571,0.4032314040794268
32.0,explicit,0.2857142857142857,0.42857142857142855,0.46903115005629
32.0,explicit,0.2857142857142857,0.5,0.4989634771325157
32.0,explicit,0.2857142857142857,0.5714285714285714,0.46903115005629004
32.0,explicit,0.2857142857142857,0.6428571428571428,0.40323140407942687
32.0,explicit,0.2857142857142857,0.7142857142857142,0.32517317720019456
32.0,explicit,0.2857142857142857,0.7857142857142857,0.24400942390310268
32.0,explicit,0.2857142857142857,0.8571428571428571,0.16065838271168129
32.0,explicit,0.2857142857142857,0.9285714285714285,0.07040904338072763
32.0,explicit,0.2857142857142857,1.0,0.06116762888408679
32.0,explicit,0.3571428571428571,0.0,0.06116762888408679
32.0,explicit,0.3571428571428571,0.07142857142857142,0.08997584333649851
32.0,explicit,0.3571428571428571,0.14285714285714285,0.19977583094103427
32.0,explicit,0.3571428571428571,0.21428571428571427,0.3026569687057853
32.0,explicit,0.3571428571428571,0.2857142857142857,0.4032314040794268
32.0,explicit,0.3571428571428571,0.3571428571428571,0.500014596617355
32.0,explicit,0.3571428571428571,0.42857142857142855,0.5815984030651736
32.0,explicit,0.3571428571428571,0.5,0.618707127802154
32.0,explicit,0.3571428571428571,0.5714285714285714,0.5815984030651736
32.0,explicit,0.3571428571428571,0.6428571428571428,0.5000145966173551
32.0,explicit,0.3571428571428571,0.7142857142857142,0.4032314040794269
32.0,explicit,0.3571428571428571,0.7857142857142857,0.3026569687057854
32.0,explicit,0.3571428571428571,0.8571428571428571,0.19977583094103435
32.0,explicit,0.3571428571428571,0.9285714285714285,0.08997584333649858
32.0,explicit,0.3571428571428571,1.0,0.06116762888408679
32.0,explicit,0.42857142857142855,0.0,0.06116762888408679
32.0,explicit,0.42857142857142855,0.07142857142857142,0.10645994141045574
32.0,explicit,0.42857142857142855,0.14285714285714285,0.23274170329975408
32.0,explicit,0.42857142857142855,0.21428571428571427,0.3520906665228309
32.0,explicit,0.42857142857142855,0.2857142857142857,0.46903115005629
32.0,explicit,0.42857142857142855,0.3571428571428571,0.5815984030651736
32.0,explicit,0.42857142857142855,0.42857142857142855,0.6764792850278685
32.0,explicit,0.42857142857142855,0.5,0.7196269082986801
32.0,explicit,0.42857142857142855,0.5714285714285714,0.6764792850278686
32.0,explicit,0.42857142857142855,0.6428571428571428,0.5815984030651737
32.0,explicit,0.42857142857142855,0.7142857142857142,0.46903115005629015
32.0,explicit,0.42857142857142855,0.7857142857142857,0.352090666522831
32.0,explicit,0.42857142857142855,0.8571428571428571,0.23274170329975416
32.0,explicit,0.42857142857142855,0.9285714285714285,0.10645994141045582
32.0,explicit,0.42857142857142855,1.0,0.06116762888408679
32.0,explicit,0.5,0.0,0.06116762888408679
32.0,explicit,0.5,0.07142857142857142,0.11395862775719226
32.0,explicit,0.5,0.14285714285714285,0.2477383576218136
32.0,explicit,0.5,0.21428571428571427,0.37457876759127795
32.0,explicit,0.5,0.2857142857142857,0.49896347713251576
32.0,explicit,0.5,0.3571428571428571,0.618707127802154
32.0,explicit,0.5,0.42857142857142855,0.7196269082986801
32.0,explicit,0.5,0.5,0.765511443198216
32.0,explicit,0.5,0.5714285714285714,0.7196269082986803
32.0,explicit,0.5,0.6428571428571428,0.6187071278021542
32.0,explicit,0.5,0.7142857142857142,0.498963477132516
32.0,explicit,0.5,0.7857142857142857,0.37457876759127806
32.0,explicit,0.5,0.8571428571428571,0.2477383576218137
32.0,explicit,0.5,0.9285714285714285,0.11395862775719232
32.0,explicit,0.5,1.0,0.06116762888408679
32.0,explicit,0.5714285714285714,0.0,0.06116762888408679
32.0,explicit,0.5714285714285714,0.07142857142857142,0.10645994141045576
32.0,explicit,0.5714285714285714,0.14285714285714285,0.2327417032997541
32.0,explicit,0.5714285714285714,0.21428571428571427,0.35209066652283094
32.0,explicit,0.5714285714285714,0.2857142857142857,0.46903115005629004
32.0,explicit,0.5714285714285714,0.3571428571428571,0.5815984030651736
32.0,explicit,0.5714285714285714,0.42857142857142855,0.6764792850278686
32.0,explicit,0.5714285714285714,0.5,0.7196269082986803
32.0,explicit,0.5714285714285714,0.5714285714285714,0.6764792850278687
32.0,explicit,0.5714285714285714,0.6428571428571428,0.5815984030651739
32.0,explicit,0.5714285714285714,0.7142857142857142,0.4690311500562902
32.0,explicit,0.5714285714285714,0.7857142857142857,0.352090666522831
32.0,explicit,0.5714285714285714,0.8571428571428571,0.23274170329975416
32.0,explicit,0.5714285714285714,0.9285714285714285,0.10645994141045582
32.0,explicit,0.5714285714285714,1.0,0.06116762888408679
32.0,explicit,0.6428571428571428,0.0,0.06116762888408679
32.0,explicit,0.6428571428571428,0.07142857142857142,0.08997584333649852
32.0,explicit,0.6428571428571428,0.14285714285714285,0.19977583094103432
32.0,explicit,0.6428571428571428,0.21428571428571427,0.3026569687057854
32.0,explicit,0.6428571428571428,0.2857142857142857,0.40323140407942687
32.0,explicit,0.6428571428571428,0.3571428571428571,0.5000145966173551
32.0,explicit,0.6428571428571428,0.42857142857142855,0.5815984030651737
32.0,explicit,0.6428571428571428,0.5,0.6187071278021542
32.0,explicit,0.6428571428571428,0.5714285714285714,0.5815984030651739
32.0,explicit,0.6428571428571428,0.6428571428571428,0.5000145966173554
32.0,explicit,0.6428571428571428,0.7142857142857142,0.40323140407942704
32.0,explicit,0.6428571428571428,0.7857142857142857,0.30265696870578546
32.0,explicit,0.6428571428571428,0.8571428571428571,0.19977583094103438
32.0,explicit,0.6428571428571428,0.9285714285714285,0.08997584333649859
32.0,explicit,0.6428571428571428,1.0,0.06116762888408679
32.0,explicit,0.7142857142857142,0.0,0.06116762888408679
32.0,explicit,0.7142857142857142,0.07142857142857142,0.07040904338072759
32.0,explicit,0.7142857142857142,0.14285714285714285,0.16065838271168129
32.0,explicit,0.7142857142857142,0.21428571428571427,0.24400942390310268
32.0,explicit,0.7142857142857142,0.2857142857142857,0.32517317720019456
32.0,explicit,0.7142857142857142,0.3571428571428571,0.4032314040794269
32.0,explicit,0.7142857142857142,0.42857142857142855,0.46903115005629015
32.0,explicit,0.7142857142857142,0.5,0.49896347713251593
32.0,explicit,0.7142857142857142,0.5714285714285714,0.4690311500562902
32.0,explicit,0.7142857142857142,0.6428571428571428,0.40323140407942704
32.0,explicit,0.7142857142857142,0.7142857142857142,0.32517317720019473
32.0,explicit,0.7142857142857142,0.7857142857142857,0.2440094239031028
32.0,explicit,0.7142857142857142,0.8571428571428571,0.16065838271168134
32.0,explicit,0.7142857142857142,0.9285714285714285,0.07040904338072765
32.0,explicit,0.7142857142857142,1.0,0.06116762888408679
32.0,explicit,0.7857142857142857,0.0,0.06116762888408679
32.0,explicit,0.7857142857142857,0.07142857142857142,0.04994355045212283
32.0,explicit,0.7857142857142857,0.14285714285714285,0.1198657876115945
32.0,explicit,0.7857142857142857,0.21428571428571427,0.18296527055860615
32.0,explicit,0.7857142857142857,0.2857142857142857,0.24400942390310268
32.0,explicit,0.7857142857142857,0.3571428571428571,0.3026569687057854
32.0,explicit,0.7857142857142857,0.42857142857142855,0.352090666522831
32.0,explicit,0.7857142857142857,0.5,0.37457876759127806
32.0,explicit,0.7857142857142857,0.5714285714285714,0.352090666522831
32.0,explicit,0.7857142857142857,0.6428571428571428,0.30265696870578546
32.0,explicit,0.7857142857142857,0.7142857142857142,0.2440094239031028
32.0,explicit,0.7857142857142857,0.7857142857142857,0.18296527055860617
32.0,explicit,0.7857142857142857,0.8571428571428571,0.11986578761159454
32.0,explicit,0.7857142857142857,0.9285714285714285,0.04994355045212287
32.0,explicit,0.7857142857142857,1.0,0.06116762888408679
32.0,explicit,0.8571428571428571,0.0,0.06116762888408679
32.0,explicit,0.8571428571428571,0.07142857142857142,0.028212035407166394
32.0,explicit,0.8571428571428571,0.14285714285714285,0.07723224109746207
32.0,explicit,0.8571428571428571,0.21428571428571427,0.11986578761159451
32.0,explicit,0.8571428571428571,0.2857142857142857,0.16065838271168129
32.0,explicit,0.8571428571428571,0.3571428571428571,0.19977583094103435
32.0,explicit,0.8571428571428571,0.42857142857142855,0.23274170329975416
32.0,explicit,0.8571428571428571,0.5,0.2477383576218137
32.0,explicit,0.8571428571428571,0.5714285714285714,0.2327417032997542
32.0,explicit,0.8571428571428571,0.6428571428571428,0.1997758309410344
32.0,explicit,0.8571428571428571,0.7142857142857142,0.16065838271168134
32.0,explicit,0.8571428571428571,0.7857142857142857,0.11986578761159454
32.0,explicit,0.8571428571428571,0.8571428571428571,0.07723224109746209
32.0,explicit,0.8571428571428571,0.9285714285714285,0.028212035407166415
32.0,explicit,0.8571428571428571,1.0,0.06116762888408679
32.0,explicit,0.9285714285714285,0.0,0.06116762888408679
32.0,explicit,0.9285714285714285,0.07142857142857142,0.0018848567662528484
32.0,explicit,0.9285714285714285,0.14285714285714285,0.028212035407166415
32.0,explicit,0.9285714285714285,0.21428571428571427,0.04994355045212286
32.0,explicit,0.9285714285714285,0.2857142857142857,0.07040904338072763
32.0,explicit,0.9285714285714285,0.3571428571428571,0.08997584333649856
32.0,explicit,0.9285714285714285,0.42857142857142855,0.10645994141045582
32.0,explicit,0.9285714285714285,0.5,0.11395862775719234
32.0,explicit,0.9285714285714285,0.5714285714285714,0.10645994141045584
32.0,explicit,0.9285714285714285,0.6428571428571428,0.08997584333649859
32.0,explicit,0.9285714285714285,0.7142857142857142,0.07040904338072765
32.0,explicit,0.9285714285714285,0.7857142857142857,0.04994355045212287
32.0,explicit,0.9285714285714285,0.8571428571428571,0.028212035407166422
32.0,explicit,0.9285714285714285,0.9285714285714285,0.0018848567662528568
32.0,explicit,0.9285714285714285,1.0,0.06116762888408679
32.0,explicit,1.0,0.0,0.06116762888408679
32.0,explicit,1.0,0.07142857142857142,0.06116762888408679
32.0,explicit,1.0,0.14285714285714285,0.06116762888408679
32.0,explicit,1.0,0.21428571428571427,0.06116762888408679
32.0,explicit,1.0,0.2857142857142857,0.06116762888408679
32.0,explicit,1.0,0.3571428571428571,0.06116762888408679
32.0,explicit,1.0,0.42857142857142855,0.06116762888408679
32.0,explicit,1.0,0.5,0.06116762888408679
32.0,explicit,1.0,0.5714285714285714,0.06116762888408679
32.0,explicit,1.0,0.6428571428571428,0.06116762888408679
32.0,explicit,1.0,0.7142857142857142,0.06116762888408679
32.0,explicit,1.0,0.7857142857142857,0.06116762888408679
32.0,explicit,1.0,0.8571428571428571,0.06116762888408679
32.0,explicit,1.0,0.9285714285714285,0.06116762888408679
32.0,explicit,1.0,1.0,0.06116762888408679
33.0,explicit,0.0,0.0,0.09312801191161986
33.0,explicit,0.0,0.07142857142857142,0.09312801191161986
33.0,explicit,0.0,0.14285714285714285,0.09312801191161986
33.0,explicit,0.0,0.21428571428571427,0.09312801191161986
33.0,explicit,0.0,0.2857142857142857,0.09312801191161986
33.0,explicit,0.0,0.3571428571428571,0.09312801191161986
33.0,explicit,0.0,0.42857142857142855,0.09312801191161986
33.0,explicit,0.0,0.5,0.09312801191161986
33.0,explicit,0.0,0.5714285714285714,0.09312801191161986
33.0,explicit,0.0,0.6428571428571428,0.09312801191161986
33.0,explicit,0.0,0.7142857142857142,0.09312801191161986
33.0,explicit,0.0,0.7857142857142857,0.09312801191161986
33.0,explicit,0.0,0.8571428571428571,0.09312801191161986
33.0,explicit,0.0,0.9285714285714285,0.09312801191161986
33.0,explicit,0.0,1.0,0.09312801191161986
33.0,explicit,0.07142857142857142,0.0,0.09312801191161986
33.0,explicit,0.07142857142857142,0.07142857142857142,0.007622988804367061
33.0,explicit,0.07142857142857142,0.14285714285714285,0.030892065407660447
33.0,explicit,0.07142857142857142,0.21428571428571427,0.05267339413770097
33.0,explicit,0.07142857142857142,0.2857142857142857,0.0731450583960065
33.0,explicit,0.07142857142857142,0.3571428571428571,0.09265134589829384
33.0,explicit,0.07142857142857142,0.42857142857142855,0.10897439513032424
33.0,explicit,0.07142857142857142,0.5,0.11631068815036799
33.0,explicit,0.07142857142857142,0.5714285714285714,0.10897439513032425
33.0,explicit,0.07142857142857142,0.6428571428571428,0.09265134589829387
33.0,explicit,0.07142857142857142,0.7142857142857142,0.07314505839600653
33.0,explicit,0.07142857142857142,0.7857142857142857,0.05267339413770099
33.0,explicit,0.07142857142857142,0.8571428571428571,0.03089206540766046
33.0,explicit,0.07142857142857142,0.9285714285714285,0.007622988804367072
33.0,explicit,0.07142857142857142,1.0,0.09312801191161986
33.0,explicit,0.14285714285714285,0.0,0.09312801191161986
33.0,explicit,0.14285714285714285,0.07142857142857142,0.03089206540766044
33.0,explicit,0.14285714285714285,0.14285714285714285,0.07691777230899274
33.0,explicit,0.14285714285714285,0.21428571428571427,0.11964522015940975
33.0,explicit,0.14285714285714285,0.2857142857142857,0.16044010105822742
33.0,explicit,0.14285714285714285,0.3571428571428571,0.199433849941578
33.0,explicit,0.14285714285714285,0.42857142857142855,0.23207701805290795
33.0,explicit,0.14285714285714285,0.5,0.24674873725351512
33.0,explicit,0.14285714285714285,0.5714285714285714,0.23207701805290798
33.0,explicit,0.14285714285714285,0.6428571428571428,0.19943384994157806
33.0,explicit,0.14285714285714285,0.7142857142857142,0.16044010105822748
33.0,explicit,0.14285714285714285,0.7857142857142857,0.11964522015940977
33.0,explicit,0.14285714285714285,0.8571428571428571,0.07691777230899277
33.0,explicit,0.14285714285714285,0.9285714285714285,0.03089206540766046
33.0,explicit,0.14285714285714285,1.0,0.09312801191161986
33.0,explicit,0.21428571428571427,0.0,0.09312801191161986
33.0,explicit,0.21428571428571427,0.07142857142857142,0.05267339413770097
33.0,explicit,0.21428571428571427,0.14285714285714285,0.11964522015940975
33.0,explicit,0.21428571428571427,0.21428571428571427,0.18285080828401173
33.0,explicit,0.21428571428571427,0.2857142857142857,0.2438816210463002
33.0,explicit,0.21428571428571427,0.3571428571428571,0.3023382758983091
33.0,explicit,0.21428571428571427,0.42857142857142855,0.351285503261354
33.0,explicit,0.21428571428571427,0.5,0.3732853115605812
33.0,explicit,0.21428571428571427,0.5714285714285714,0.35128550326135405
33.0,explicit,0.21428571428571427,0.6428571428571428,0.30233827589830914
33.0,explicit,0.21428571428571427,0.7142857142857142,0.24388162104630026
33.0,explicit,0.21428571428571427,0.7857142857142857,0.18285080828401176
33.0,explicit,0.21428571428571427,0.8571428571428571,0.11964522015940979
33.0,explicit,0.21428571428571427,0.9285714285714285,0.052673394137701016
33.0,explicit,0.21428571428571427,1.0,0.09312801191161986
33.0,explicit,0.2857142857142857,0.0,0.09312801191161986
33.0,explicit,0.2857142857142857,0.07142857142857142,0.07314505839600652
33.0,explicit,0.2857142857142857,0.14285714285714285,0.16044010105822742
33.0,explicit,0.2857142857142857,0.21428571428571427,0.2438816210463002
33.0,explicit,0.2857142857142857,0.2857142857142857,0.3249999975901296
33.0,explicit,0.2857142857142857,0.3571428571428571,0.4027873228433656
33.0,explicit,0.2857142857142857,0.42857142857142855,0.46792700904131607
33.0,explicit,0.2857142857142857,0.5,0.4972038298920878
33.0,explicit,0.2857142857142857,0.5714285714285714,0.4679270090413161
33.0,explicit,0.2857142857142857,0.6428571428571428,0.40278732284336566
33.0,explicit,0.2857142857142857,0.7142857142857142,0.32499999759012965
33.0,explicit,0.2857142857142857,0.7857142857142857,0.24388162104630026
33.0,explicit,0.2857142857142857,0.8571428571428571,0.16044010105822748
33.0,explicit,0.2857142857142857,0.9285714285714285,0.07314505839600657
33.0,explicit,0.2857142857142857,1.0,0.09312801191161986
33.0,explicit,0.3571428571428571,0.0,0.09312801191161986
33.0,explicit,0.3571428571428571,0.07142857142857142,0.09265134589829385
33.0,explicit,0.3571428571428571,0.14285714285714285,0.199433849941578
33.0,explicit,0.3571428571428571,0.21428571428571427,0.3023382758983091
33.0,explicit,0.3571428571428571,0.2857142857142857,0.4027873228433656
33.0,explicit,0.3571428571428571,0.3571428571428571,0.4991755445489
33.0,explicit,0.3571428571428571,0.42857142857142855,0.5798925375895594
33.0,explicit,0.3571428571428571,0.5,0.616166910688538
33.0,explicit,0.3571428571428571,0.5714285714285714,0.5798925375895594
33.0,explicit,0.3571428571428571,0.6428571428571428,0.4991755445489001
33.0,explicit,0.3571428571428571,0.7142857142857142,0.4027873228433657
33.0,explicit,0.3571428571428571,0.7857142857142857,0.3023382758983092
33.0,explicit,0.3571428571428571,0.8571428571428571,0.1994338499415781
33.0,explicit,0.3571428571428571,0.9285714285714285,0.09265134589829392
33.0,explicit,0.3571428571428571,1.0,0.09312801191161986
33.0,explicit,0.42857142857142855,0.0,0.09312801191161986
33.0,explicit,0.42857142857142855,0.07142857142857142,0.10897439513032424
33.0,explicit,0.42857142857142855,0.14285714285714285,0.23207701805290795
33.0,explicit,0.42857142857142855,0.21428571428571427,0.351285503261354
33.0,explicit,0.42857142857142855,0.2857142857142857,0.46792700904131607
33.0,explicit,0.42857142857142855,0.3571428571428571,0.5798925375895594
33.0,explicit,0.42857142857142855,0.42857142857142855,0.6736469702593204
33.0,explicit,0.42857142857142855,0.5,0.7157716741095408
33.0,explicit,0.42857142857142855,0.5714285714285714,0.6736469702593205
33.0,explicit,0.42857142857142855,0.6428571428571428,0.5798925375895595
33.0,explicit,0.42857142857142855,0.7142857142857142,0.46792700904131623
33.0,explicit,0.42857142857142855,0.7857142857142857,0.3512855032613541
33.0,explicit,0.42857142857142855,0.8571428571428571,0.23207701805290804
33.0,explicit,0.42857142857142855,0.9285714285714285,0.10897439513032432
33.0,explicit,0.42857142857142855,1.0,0.09312801191161986
33.0,explicit,0.5,0.0,0.09312801191161986
33.0,explicit,0.5,0.07142857142857142,0.11631068815036799
33.0,explicit,0.5,0.14285714285714285,0.24674873725351512
33.0,explicit,0.5,0.21428571428571427,0.3732853115605812
33.0,explicit,0.5,0.2857142857142857,0.49720382989208783
33.0,explicit,0.5,0.3571428571428571,0.616166910688538
33.0,explicit,0.5,0.42857142857142855,0.7157716741095408
33.0,explicit,0.5,0.5,0.7605165984634501
33.0,explicit,0.5,0.5714285714285714,0.7157716741095409
33.0,explicit,0.5,0.6428571428571428,0.6161669106885382
33.0,explicit,0.5,0.7142857142857142,0.49720382989208806
33.0,explicit,0.5,0.7857142857142857,0.3732853115605813
33.0,explicit,0.5,0.8571428571428571,0.24674873725351523
33.0,explicit,0.5,0.9285714285714285,0.11631068815036805
33.0,explicit,0.5,1.0,0.09312801191161986
33.0,explicit,0.5714285714285714,0.0,0.09312801191161986
33.0,explicit,0.5714285714285714,0.07142857142857142,0.10897439513032425
33.0,explicit,0.5714285714285714,0.14285714285714285,0.23207701805290798
33.0,explicit,0.5714285714285714,0.21428571428571427,0.35128550326135405
33.0,explicit,0.5714285714285714,0.2857142857142857,0.4679270090413161
33.0,explicit,0.5714285714285714,0.3571428571428571,0.5798925375895594
33.0,explicit,0.5714285714285714,0.42857142857142855,0.6736469702593205
33.0,explicit,0.5714285714285714,0.5,0.7157716741095409
33.0,explicit,0.5714285714285714,0.5714285714285714,0.6736469702593206
33.0,explicit,0.5714285714285714,0.6428571428571428,0.5798925375895596
33.0,explicit,0.5714285714285714,0.7142857142857142,0.4679270090413163
33.0,explicit,0.5714285714285714,0.7857142857142857,0.3512855032613541
33.0,explicit,0.5714285714285714,0.8571428571428571,0.23207701805290804
33.0,explicit,0.5714285714285714,0.9285714285714285,0.10897439513032432
33.0,explicit,0.5714285714285714,1.0,0.09312801191161986
33.0,explicit,0.6428571428571428,0.0,0.09312801191161986
33.0,explicit,0.6428571428571428,0.07142857142857142,0.09265134589829387
33.0,explicit,0.6428571428571428,0.14285714285714285,0.19943384994157806
33.0,explicit,0.6428571428571428,0.21428571428571427,0.30233827589830914
33.0,explicit,0.6428571428571428,0.2857142857142857,0.40278732284336566
33.0,explicit,0.6428571428571428,0.3571428571428571,0.4991755445489001
33.0,explicit,0.6428571428571428,0.42857142857142855,0.5798925375895595
33.0,explicit,0.6428571428571428,0.5,0.6161669106885382
33.0,explicit,0.6428571428571428,0.5714285714285714,0.5798925375895596
33.0,explicit,0.6428571428571428,0.6428571428571428,0.49917554454890034
33.0,explicit,0.6428571428571428,0.7142857142857142,0.4027873228433658
33.0,explicit,0.6428571428571428,0.7857142857142857,0.30233827589830925
33.0,explicit,0.6428571428571428,0.8571428571428571,0.19943384994157812
33.0,explicit,0.6428571428571428,0.9285714285714285,0.09265134589829394
33.0,explicit,0.6428571428571428,1.0,0.09312801191161986
33.0,explicit,0.7142857142857142,0.0,0.09312801191161986
33.0,explicit,0.7142857142857142,0.07142857142857142,0.07314505839600653
33.0,explicit,0.7142857142857142,0.14285714285714285,0.16044010105822748
33.0,explicit,0.7142857142857142,0.21428571428571427,0.24388162104630026
33.0,explicit,0.7142857142857142,0.2857142857142857,0.32499999759012965
33.0,explicit,0.7142857142857142,0.3571428571428571,0.4027873228433657
33.0,explicit,0.7142857142857142,0.42857142857142855,0.46792700904131623
33.0,explicit,0.7142857142857142,0.5,0.497203829892088
33.0,explicit,0.7142857142857142,0.5714285714285714,0.4679270090413163
33.0,explicit,0.7142857142857142,0.6428571428571428,0.4027873228433658
33.0,explicit,0.7142857142857142,0.7142857142857142,0.3249999975901298
33.0,explicit,0.7142857142857142,0.7857142857142857,0.24388162104630035
33.0,explicit,0.7142857142857142,0.8571428571428571,0.16044010105822754
33.0,explicit,0.7142857142857142,0.9285714285714285,0.07314505839600659
33.0,explicit,0.7142857142857142,1.0,0.09312801191161986
33.0,explicit,0.7857142857142857,0.0,0.09312801191161986
33.0,explicit,0.7857142857142857,0.07142857142857142,0.05267339413770098
33.0,explicit,0.7857142857142857,0.14285714285714285,0.11964522015940977
33.0,explicit,0.7857142857142857,0.21428571428571427,0.18285080828401176
33.0,explicit,0.7857142857142857,0.2857142857142857,0.24388162104630026
33.0,explicit,0.7857142857142857,0.3571428571428571,0.3023382758983092
33.0,explicit,0.7857142857142857,0.42857142857142855,0.3512855032613541
33.0,explicit,0.7857142857142857,0.5,0.3732853115605813
33.0,explicit,0.7857142857142857,0.5714285714285714,0.3512855032613541
33.0,explicit,0.7857142857142857,0.6428571428571428,0.30233827589830925
33.0,explicit,0.7857142857142857,0.7142857142857142,0.24388162104630035
33.0,explicit,0.7857142857142857,0.7857142857142857,0.1828508082840118
33.0,explicit,0.7857142857142857,0.8571428571428571,0.11964522015940982
33.0,explicit,0.7857142857142857,0.9285714285714285,0.05267339413770102
33.0,explicit,0.7857142857142857,1.0,0.09312801191161986
33.0,explicit,0.8571428571428571,0.0,0.09312801191161986
33.0,explicit,0.8571428571428571,0.07142857142857142,0.030892065407660454
33.0,explicit,0.8571428571428571,0.14285714285714285,0.07691777230899277
33.0,explicit,0.8571428571428571,0.21428571428571427,0.11964522015940979
33.0,explicit,0.8571428571428571,0.2857142857142857,0.16044010105822748
33.0,explicit,0.8571428571428571,0.3571428571428571,0.1994338499415781
33.0,explicit,0.8571428571428571,0.42857142857142855,0.23207701805290804
33.0,explicit,0.8571428571428571,0.5,0.24674873725351523
33.0,explicit,0.8571428571428571,0.5714285714285714,0.23207701805290806
33.0,explicit,0.8571428571428571,0.6428571428571428,0.19943384994157815
33.0,explicit,0.8571428571428571,0.7142857142857142,0.16044010105822754
33.0,explicit,0.8571428571428571,0.7857142857142857,0.11964522015940982
33.0,explicit,0.8571428571428571,0.8571428571428571,0.07691777230899279
33.0,explicit,0.8571428571428571,0.9285714285714285,0.03089206540766047
33.0,explicit,0.8571428571428571,1.0,0.09312801191161986
33.0,explicit,0.9285714285714285,0.0,0.09312801191161986
33.0,explicit,0.9285714285714285,0.07142857142857142,0.007622988804367072
33.0,explicit,0.9285714285714285,0.14285714285714285,0.03089206540766047
33.0,explicit,0.9285714285714285,0.21428571428571427,0.052673394137701016
33.0,explicit,0.9285714285714285,0.2857142857142857,0.07314505839600657
33.0,explicit,0.9285714285714285,0.3571428571428571,0.09265134589829391
33.0,explicit,0.9285714285714285,0.42857142857142855,0.10897439513032432
33.0,explicit,0.9285714285714285,0.5,0.11631068815036806
33.0,explicit,0.9285714285714285,0.5714285714285714,0.10897439513032434
33.0,explicit,0.9285714285714285,0.6428571428571428,0.09265134589829394
33.0,explicit,0.9285714285714285,0.7142857142857142,0.07314505839600659
33.0,explicit,0.9285714285714285,0.7857142857142857,0.05267339413770102
33.0,explicit,0.9285714285714285,0.8571428571428571,0.030892065407660478
33.0,explicit,0.9285714285714285,0.9285714285714285,0.00762298880436708
33.0,explicit,0.9285714285714285,1.0,0.09312801191161986
33.0,explicit,1.0,0.0,0.09312801191161986
33.0,explicit,1.0,0.07142857142857142,0.09312801191161986
33.0,explicit,1.0,0.14285714285714285,0.09312801191161986
33.0,explicit,1.0,0.21428571428571427,0.09312801191161986
33.0,explicit,1.0,0.2857142857142857,0.09312801191161986
33.0,explicit,1.0,0.3571428571428571,0.09312801191161986
33.0,explicit,1.0,0.42857142857142855,0.09312801191161986
33.0,explicit,1.0,0.5,0.09312801191161986
33.0,explicit,1.0,0.5714285714285714,0.09312801191161986
33.0,explicit,1.0,0.6428571428571428,0.09312801191161986
33.0,explicit,1.0,0.7142857142857142,0.09312801191161986
33.0,explicit,1.0,0.7857142857142857,0.09312801191161986
33.0,explicit,1.0,0.8571428571428571,0.09312801191161986
33.0,explicit,1.0,0.9285714285714285,0.09312801191161986
33.0,explicit,1.0,1.0,0.09312801191161986
34.0,explicit,0.0,0.0,-0.03092123758512146
34.0,explicit,0.0,0.07142857142857142,-0.03092123758512146
34.0,explicit,0.0,0.14285714285714285,-0.03092123758512146
34.0,explicit,0.0,0.21428571428571427,-0.03092123758512146
34.0,explicit,0.0,0.2857142857142857,-0.03092123758512146
34.0,explicit,0.0,0.3571428571428571,-0.03092123758512146
34.0,explicit,0.0,0.42857142857142855,-0.03092123758512146
34.0,explicit,0.0,0.5,-0.03092123758512146
34.0,explicit,0.0,0.5714285714285714,-0.03092123758512146
34.0,explicit,0.0,0.6428571428571428,-0.03092123758512146
34.0,explicit,0.0,0.7142857142857142,-0.03092123758512146
34.0,explicit,0.0,0.7857142857142857,-0.03092123758512146
34.0,explicit,0.0,0.8571428571428571,-0.03092123758512146
34.0,explicit,0.0,0.9285714285714285,-0.03092123758512146
34.0,explicit,0.0,1.0,-0.03092123758512146
34.0,explicit,0.07142857142857142,0.0,-0.03092123758512146
34.0,explicit,0.07142857142857142,0.07142857142857142,0.008608980841933143
34.0,explicit,0.07142857142857142,0.14285714285714285,0.03137121478155839
34.0,explicit,0.07142857142857142,0.21428571428571427,0.05311447388588482
34.0,explicit,0.07142857142857142,0.2857142857142857,0.07359082033597085
34.0,explicit,0.07142857142857142,0.3571428571428571,0.09303562026324609
34.0,explicit,0.07142857142857142,0.42857142857142855,0.10920033741326969
34.0,explicit,0.07142857142857142,0.5,0.1163829996775349
34.0,explicit,0.07142857142857142,0.5714285714285714,0.1092003374132697
34.0,explicit,0.07142857142857142,0.6428571428571428,0.09303562026324612
34.0,explicit,0.07142857142857142,0.7142857142857142,0.07359082033597088
34.0,explicit,0.07142857142857142,0.7857142857142857,0.05311447388588484
34.0,explicit,0.07142857142857142,0.8571428571428571,0.0313712147815584
34.0,explicit,0.07142857142857142,0.9285714285714285,0.008608980841933154
34.0,explicit,0.07142857142857142,1.0,-0.03092123758512146
34.0,explicit,0.14285714285714285,0.0,-0.03092123758512146
34.0,explicit,0.14285714285714285,0.07142857142857142,0.031371214781558375
34.0,explicit,0.14285714285714285,0.14285714285714285,0.0767799678300351
34.0,explicit,0.14285714285714285,0.21428571428571427,0.11951020799456234
34.0,explicit,0.14285714285714285,0.2857142857142857,0.16030550958737103
34.0,explicit,0.14285714285714285,0.3571428571428571,0.1991735039468654
34.0,explicit,0.14285714285714285,0.42857142857142855,0.23149933239245593
34.0,explicit,0.14285714285714285,0.5,0.24586362277410434
34.0,explicit,0.14285714285714285,0.5714285714285714,0.23149933239245596
34.0,explicit,0.14285714285714285,0.6428571428571428,0.19917350394686545
34.0,explicit,0.14285714285714285,0.7142857142857142,0.16030550958737105
34.0,explicit,0.14285714285714285,0.7857142857142857,0.11951020799456237
34.0,explicit,0.14285714285714285,0.8571428571428571,0.07677996783003513
34.0,explicit,0.14285714285714285,0.9285714285714285,0.031371214781558396
34.0,explicit,0.14285714285714285,1.0,-0.03092123758512146
34.0,explicit,0.21428571428571427,0.0,-0.03092123758512146
34.0,explicit,0.21428571428571427,0.07142857142857142,0.05311447388588482
34.0,explicit,0.21428571428571427,0.14285714285714285,0.11951020799456234
34.0,explicit,0.21428571428571427,0.21428571428571427,0.18273097708949376
34.0,explicit,0.21428571428571427,0.2857142857142857,0.24374580475475924
34.0,explicit,0.21428571428571427,0.3571428571428571,0.3020080700727948
34.0,explicit,0.21428571428571427,0.42857142857142855,0.35047665236943715
34.0,explicit,0.21428571428571427,0.5,0.3720143621232983
34.0,explicit,0.21428571428571427,0.5714285714285714,0.35047665236943715
34.0,explicit,0.21428571428571427,0.6428571428571428,0.30200807007279484
34.0,explicit,0.21428571428571427,0.7142857142857142,0.24374580475475927
34.0,explicit,0.21428571428571427,0.7857142857142857,0.1827309770894938
34.0,explicit,0.21428571428571427,0.8571428571428571,0.11951020799456238
34.0,explicit,0.21428571428571427,0.9285714285714285,0.05311447388588486
34.0,explicit,0.21428571428571427,1.0,-0.03092123758512146
34.0,explicit,0.2857142857142857,0.0,-0.03092123758512146
34.0,explicit,0.2857142857142857,0.07142857142857142,0.07359082033597086
34.0,explicit,0.2857142857142857,0.14285714285714285,0.16030550958737103
34.0,explicit,0.2857142857142857,0.21428571428571427,0.24374580475475924
34.0,explicit,0.2857142857142857,0.2857142857142857,0.32481443895309453
34.0,explicit,0.2857142857142857,0.3571428571428571,0.40232529422222
34.0,explicit,0.2857142857142857,0.42857142857142855,0.4668148661503498
34.0,explicit,0.2857142857142857,0.5,0.4954709831734051
34.0,explicit,0.2857142857142857,0.5714285714285714,0.46681486615034984
34.0,explicit,0.2857142857142857,0.6428571428571428,0.4023252942222201
34.0,explicit,0.2857142857142857,0.7142857142857142,0.3248144389530946
34.0,explicit,0.2857142857142857,0.7857142857142857,0.2437458047547593
34.0,explicit,0.2857142857142857,0.8571428571428571,0.16030550958737108
34.0,explicit,0.2857142857142857,0.9285714285714285,0.07359082033597092
34.0,explicit,0.2857142857142857,1.0,-0.03092123758512146
34.0,explicit,0.3571428571428571,0.0,-0.03092123758512146
34.0,explicit,0.3571428571428571,0.07142857142857142,0.0930356202632461
34.0,explicit,0.3571428571428571,0.14285714285714285,0.1991735039468654
34.0,explicit,0.3571428571428571,0.21428571428571427,0.3020080700727948
34.0,explicit,0.3571428571428571,0.2857142857142857,0.40232529422222
34.0,explicit,0.3571428571428571,0.3571428571428571,0.498310924218485
34.0,explicit,0.3571428571428571,0.42857142857142855,0.5781735785167176
34.0,explicit,0.3571428571428571,0.5,0.6136573251360931
34.0,explicit,0.3571428571428571,0.5714285714285714,0.5781735785167176
34.0,explicit,0.3571428571428571,0.6428571428571428,0.4983109242184851
34.0,explicit,0.3571428571428571,0.7142857142857142,0.40232529422222013
34.0,explicit,0.3571428571428571,0.7857142857142857,0.3020080700727949
34.0,explicit,0.3571428571428571,0.8571428571428571,0.19917350394686548
34.0,explicit,0.3571428571428571,0.9285714285714285,0.09303562026324617
34.0,explicit,0.3571428571428571,1.0,-0.03092123758512146
34.0,explicit,0.42857142857142855,0.0,-0.03092123758512146
34.0,explicit,0.42857142857142855,0.07142857142857142,0.10920033741326969
34.0,explicit,0.42857142857142855,0.14285714285714285,0.23149933239245593
34.0,explicit,0.42857142857142855,0.21428571428571427,0.35047665236943715
34.0,explicit,0.42857142857142855,0.2857142857142857,0.4668148661503498
34.0,explicit,0.42857142857142855,0.3571428571428571,0.5781735785167176
34.0,explicit,0.42857142857142855,0.42857142857142855,0.6708208192651239
34.0,explicit,0.42857142857142855,0.5,0.7119767515473414
34.0,explicit,0.42857142857142855,0.5714285714285714,0.670820819265124
34.0,explicit,0.42857142857142855,0.6428571428571428,0.5781735785167177
34.0,explicit,0.42857142857142855,0.7142857142857142,0.46681486615034995
34.0,explicit,0.42857142857142855,0.7857142857142857,0.35047665236943726
34.0,explicit,0.42857142857142855,0.8571428571428571,0.23149933239245601
34.0,explicit,0.42857142857142855,0.9285714285714285,0.10920033741326977
34.0,explicit,0.42857142857142855,1.0,-0.03092123758512146
34.0,explicit,0.5,0.0,-0.03092123758512146
34.0,explicit,0.5,0.07142857142857142,0.1163829996775349
34.0,explicit,0.5,0.14285714285714285,0.24586362277410434
34.0,explicit,0.5,0.21428571428571427,0.3720143621232983
34.0,explicit,0.5,0.2857142857142857,0.49547098317340516
34.0,explicit,0.5,0.3571428571428571,0.6136573251360931
34.0,explicit,0.5,0.42857142857142855,0.7119767515473414
34.0,explicit,0.5,0.5,0.7556448413931895
34.0,explicit,0.5,0.5714285714285714,0.7119767515473415
34.0,explicit,0.5,0.6428571428571428,0.6136573251360933
34.0,explicit,0.5,0.7142857142857142,0.4954709831734053
34.0,explicit,0.5,0.7857142857142857,0.3720143621232984
34.0,explicit,0.5,0.8571428571428571,0.24586362277410445
34.0,explicit,0.5,0.9285714285714285,0.11638299967753496
34.0,explicit,0.5,1.0,-0.03092123758512146
34.0,explicit,0.5714285714285714,0.0,-0.03092123758512146
34.0,explicit,0.5714285714285714,0.07142857142857142,0.1092003374132697
34.0,explicit,0.5714285714285714,0.14285714285714285,0.23149933239245596
34.0,explicit,0.5714285714285714,0.21428571428571427,0.35047665236943715
34.0,explicit,0.5714285714285714,0.2857142857142857,0.46681486615034984
34.0,explicit,0.5714285714285714,0.3571428571428571,0.5781735785167176
34.0,explicit,0.5714285714285714,0.42857142857142855,0.670820819265124
34.0,explicit,0.5714285714285714,0.5,0.7119767515473415
34.0,explicit,0.5714285714285714,0.5714285714285714,0.6708208192651242
34.0,explicit,0.5714285714285714,0.6428571428571428,0.5781735785167178
34.0,explicit,0.5714285714285714,0.7142857142857142,0.46681486615035
34.0,explicit,0.5714285714285714,0.7857142857142857,0.35047665236943726
34.0,explicit,0.5714285714285714,0.8571428571428571,0.23149933239245601
34.0,explicit,0.5714285714285714,0.9285714285714285,0.10920033741326977
34.0,explicit,0.5714285714285714,1.0,-0.03092123758512146
34.0,explicit,0.6428571428571428,0.0,-0.03092123758512146
34.0,explicit,0.6428571428571428,0.07142857142857142,0.09303562026324612
34.0,explicit,0.6428571428571428,0.14285714285714285,0.19917350394686545
34.0,explicit,0.6428571428571428,0.21428571428571427,0.30200807007279484
34.0,explicit,0.6428571428571428,0.2857142857142857,0.4023252942222201
34.0,explicit,0.6428571428571428,0.3571428571428571,0.4983109242184851
34.0,explicit,0.6428571428571428,0.42857142857142855,0.5781735785167177
34.0,explicit,0.6428571428571428,0.5,0.6136573251360933
34.0,explicit,0.6428571428571428,0.5714285714285714,0.5781735785167178
34.0,explicit,0.6428571428571428,0.6428571428571428,0.49831092421848533
34.0,explicit,0.6428571428571428,0.7142857142857142,0.40232529422222024
34.0,explicit,0.6428571428571428,0.7857142857142857,0.30200807007279495
34.0,explicit,0.6428571428571428,0.8571428571428571,0.1991735039468655
34.0,explicit,0.6428571428571428,0.9285714285714285,0.09303562026324619
34.0,explicit,0.6428571428571428,1.0,-0.03092123758512146
34.0,explicit,0.7142857142857142,0.0,-0.03092123758512146
34.0,explicit,0.7142857142857142,0.07142857142857142,0.07359082033597088
34.0,explicit,0.7142857142857142,0.14285714285714285,0.16030550958737105
34.0,explicit,0.7142857142857142,0.21428571428571427,0.24374580475475927
34.0,explicit,0.7142857142857142,0.2857142857142857,0.3248144389530946
34.0,explicit,0.7142857142857142,0.3571428571428571,0.40232529422222013
34.0,explicit,0.7142857142857142,0.42857142857142855,0.46681486615034995
34.0,explicit,0.7142857142857142,0.5,0.4954709831734053
34.0,explicit,0.7142857142857142,0.5714285714285714,0.46681486615035
34.0,explicit,0.7142857142857142,0.6428571428571428,0.40232529422222024
34.0,explicit,0.7142857142857142,0.7142857142857142,0.32481443895309475
34.0,explicit,0.7142857142857142,0.7857142857142857,0.24374580475475938
34.0,explicit,0.7142857142857142,0.8571428571428571,0.1603055095873711
34.0,explicit,0.7142857142857142,0.9285714285714285,0.07359082033597093
34.0,explicit,0.7142857142857142,1.0,-0.03092123758512146
34.0,explicit,0.7857142857142857,0.0,-0.03092123758512146
34.0,explicit,0.7857142857142857,0.07142857142857142,0.05311447388588483
34.0,explicit,0.7857142857142857,0.14285714285714285,0.11951020799456237
34.0,explicit,0.7857142857142857,0.21428571428571427,0.1827309770894938
34.0,explicit,0.7857142857142857,0.2857142857142857,0.2437458047547593
34.0,explicit,0.7857142857142857,0.3571428571428571,0.3020080700727949
34.0,explicit,0.7857142857142857,0.42857142857142855,0.35047665236943726
34.0,explicit,0.7857142857142857,0.5,0.3720143621232984
34.0,explicit,0.7857142857142857,0.5714285714285714,0.35047665236943726
34.0,explicit,0.7857142857142857,0.6428571428571428,0.30200807007279495
34.0,explicit,0.7857142857142857,0.7142857142857142,0.24374580475475938
34.0,explicit,0.7857142857142857,0.7857142857142857,0.18273097708949382
34.0,explicit,0.7857142857142857,0.8571428571428571,0.11951020799456241
34.0,explicit,0.7857142857142857,0.9285714285714285,0.05311447388588487
34.0,explicit,0.7857142857142857,1.0,-0.03092123758512146
34.0,explicit,0.8571428571428571,0.0,-0.03092123758512146
34.0,explicit,0.8571428571428571,0.07142857142857142,0.03137121478155839
34.0,explicit,0.8571428571428571,0.14285714285714285,0.07677996783003513
34.0,explicit,0.8571428571428571,0.21428571428571427,0.11951020799456238
34.0,explicit,0.8571428571428571,0.2857142857142857,0.16030550958737108
34.0,explicit,0.8571428571428571,0.3571428571428571,0.19917350394686548
34.0,explicit,0.8571428571428571,0.42857142857142855,0.23149933239245601
34.0,explicit,0.8571428571428571,0.5,0.24586362277410445
34.0,explicit,0.8571428571428571,0.5714285714285714,0.23149933239245604
34.0,explicit,0.8571428571428571,0.6428571428571428,0.19917350394686553
34.0,explicit,0.8571428571428571,0.7142857142857142,0.1603055095873711
34.0,explicit,0.8571428571428571,0.7857142857142857,0.11951020799456241
34.0,explicit,0.8571428571428571,0.8571428571428571,0.07677996783003514
34.0,explicit,0.8571428571428571,0.9285714285714285,0.03137121478155841
34.0,explicit,0.8571428571428571,1.0,-0.03092123758512146
34.0,explicit,0.9285714285714285,0.0,-0.03092123758512146
34.0,explicit,0.9285714285714285,0.07142857142857142,0.008608980841933156
34.0,explicit,0.9285714285714285,0.14285714285714285,0.03137121478155841
34.0,explicit,0.9285714285714285,0.21428571428571427,0.05311447388588486
34.0,explicit,0.9285714285714285,0.2857142857142857,0.07359082033597092
34.0,explicit,0.9285714285714285,0.3571428571428571,0.09303562026324616
34.0,explicit,0.9285714285714285,0.42857142857142855,0.10920033741326977
34.0,explicit,0.9285714285714285,0.5,0.11638299967753497
34.0,explicit,0.9285714285714285,0.5714285714285714,0.10920033741326979
34.0,explicit,0.9285714285714285,0.6428571428571428,0.09303562026324619
34.0,explicit,0.9285714285714285,0.7142857142857142,0.07359082033597093
34.0,explicit,0.9285714285714285,0.7857142857142857,0.05311447388588487
34.0,explicit,0.9285714285714285,0.8571428571428571,0.03137121478155842
34.0,explicit,0.9285714285714285,0.9285714285714285,0.008608980841933163
34.0,explicit,0.9285714285714285,1.0,-0.03092123758512146
34.0,explicit,1.0,0.0,-0.03092123758512146
34.0,explicit,1.0,0.07142857142857142,-0.03092123758512146
34.0,explicit,1.0,0.14285714285714285,-0.03092123758512146
34.0,explicit,1.0,0.21428571428571427,-0.03092123758512146
34.0,explicit,1.0,0.2857142857142857,-0.03092123758512146
34.0,explicit,1.0,0.3571428571428571,-0.03092123758512146
34.0,explicit,1.0,0.42857142857142855,-0.03092123758512146
34.0,explicit,1.0,0.5,-0.03092123758512146
34.0,explicit,1.0,0.5714285714285714,-0.03092123758512146
34.0,explicit,1.0,0.6428571428571428,-0.03092123758512146
34.0,explicit,1.0,0.7142857142857142,-0.03092123758512146
34.0,explicit,1.0,0.7857142857142857,-0.03092123758512146
34.0,explicit,1.0,0.8571428571428571,-0.03092123758512146
34.0,explicit,1.0,0.9285714285714285,-0.03092123758512146
34.0,explicit,1.0,1.0,-0.03092123758512146
35.0,explicit,0.0,0.0,0.033126343140356396
35.0,explicit,0.0,0.07142857142857142,0.033126343140356396
35.0,explicit,0.0,0.14285714285714285,0.033126343140356396
35.0,explicit,0.0,0.21428571428571427,0.033126343140356396
35.0,explicit,0.0,0.2857142857142857,0.033126343140356396
35.0,explicit,0.0,0.3571428571428571,0.033126343140356396
35.0,explicit,0.0,0.42857142857142855,0.033126343140356396
35.0,explicit,0.0,0.5,0.033126343140356396
35.0,explicit,0.0,0.5714285714285714,0.033126343140356396
35.0,explicit,0.0,0.6428571428571428,0.033126343140356396
35.0,explicit,0.0,0.7142857142857142,0.033126343140356396
35.0,explicit,0.0,0.7857142857142857,0.033126343140356396
35.0,explicit,0.0,0.8571428571428571,0.033126343140356396
35.0,explicit,0.0,0.9285714285714285,0.033126343140356396
35.0,explicit,0.0,1.0,0.033126343140356396
35.0,explicit,0.07142857142857142,0.0,0.033126343140356396
35.0,explicit,0.07142857142857142,0.07142857142857142,0.008149761282387076
35.0,explicit,0.07142857142857142,0.14285714285714285,0.031126067305854578
35.0,explicit,0.07142857142857142,0.21428571428571427,0.05285557533691777
35.0,explicit,0.07142857142857142,0.2857142857142857,0.07333298952309308
35.0,explicit,0.07142857142857142,0.3571428571428571,0.0927467036184637
35.0,explicit,0.07142857142857142,0.42857142857142855,0.10883329232672162
35.0,explicit,0.07142857142857142,0.5,0.1159422254669946
35.0,explicit,0.07142857142857142,0.5714285714285714,0.10883329232672163
35.0,explicit,0.07142857142857142,0.6428571428571428,0.09274670361846372
35.0,explicit,0.07142857142857142,0.7142857142857142,0.07333298952309311
35.0,explicit,0.07142857142857142,0.7857142857142857,0.052855575336917794
35.0,explicit,0.07142857142857142,0.8571428571428571,0.031126067305854592
35.0,explicit,0.07142857142857142,0.9285714285714285,0.008149761282387084
35.0,explicit,0.07142857142857142,1.0,0.033126343140356396
35.0,explicit,0.14285714285714285,0.0,0.033126343140356396
35.0,explicit,0.14285714285714285,0.07142857142857142,0.031126067305854564
35.0,explicit,0.14285714285714285,0.14285714285714285,0.07670661223337841
35.0,explicit,0.14285714285714285,0.21428571428571427,0.11944023632695974
35.0,explicit,0.14285714285714285,0.2857142857142857,0.16023428090184763
35.0,explicit,0.14285714285714285,0.3571428571428571,0.19903868635484254
35.0,explicit,0.14285714285714285,0.42857142857142855,0.2312078940345159
35.0,explicit,0.14285714285714285,0.5,0.24542463519144792
35.0,explicit,0.14285714285714285,0.5714285714285714,0.23120789403451592
35.0,explicit,0.14285714285714285,0.6428571428571428,0.1990386863548426
35.0,explicit,0.14285714285714285,0.7142857142857142,0.16023428090184766
35.0,explicit,0.14285714285714285,0.7857142857142857,0.11944023632695977
35.0,explicit,0.14285714285714285,0.8571428571428571,0.07670661223337844
35.0,explicit,0.14285714285714285,0.9285714285714285,0.031126067305854585
35.0,explicit,0.14285714285714285,1.0,0.033126343140356396
35.0,explicit,0.21428571428571427,0.0,0.033126343140356396
35.0,explicit,0.21428571428571427,0.07142857142857142,0.05285557533691777
35.0,explicit,0.21428571428571427,0.14285714285714285,0.11944023632695974
35.0,explicit,0.21428571428571427,0.21428571428571427,0.1826705636598132
35.0,explicit,0.21428571428571427,0.2857142857142857,0.24367563700215655
35.0,explicit,0.21428571428571427,0.3571428571428571,0.30183949097250595
35.0,explicit,0.21428571428571427,0.42857142857142855,0.35007174047849343
35.0,explicit,0.21428571428571427,0.5,0.3713876240973886
35.0,explicit,0.21428571428571427,0.5714285714285714,0.35007174047849343
35.0,explicit,0.21428571428571427,0.6428571428571428,0.301839490972506
35.0,explicit,0.21428571428571427,0.7142857142857142,0.24367563700215658
35.0,explicit,0.21428571428571427,0.7857142857142857,0.18267056365981324
35.0,explicit,0.21428571428571427,0.8571428571428571,0.11944023632695978
35.0,explicit,0.21428571428571427,0.9285714285714285,0.052855575336917815
35.0,explicit,0.21428571428571427,1.0,0.033126343140356396
35.0,explicit,0.2857142857142857,0.0,0.033126343140356396
35.0,explicit,0.2857142857142857,0.07142857142857142,0.0733329895230931
35.0,explicit,0.2857142857142857,0.14285714285714285,0.16023428090184763
35.0,explicit,0.2857142857142857,0.21428571428571427,0.24367563700215655
35.0,explicit,0.2857142857142857,0.2857142857142857,0.3247170031715873
35.0,explicit,0.2857142857142857,0.3571428571428571,0.4020876753013027
35.0,explicit,0.2857142857142857,0.42857142857142855,0.46625600029980824
35.0,explicit,0.2857142857142857,0.5,0.49461401929268317
35.0,explicit,0.2857142857142857,0.5714285714285714,0.4662560002998083
35.0,explicit,0.2857142857142857,0.6428571428571428,0.40208767530130274
35.0,explicit,0.2857142857142857,0.7142857142857142,0.32471700317158736
35.0,explicit,0.2857142857142857,0.7857142857142857,0.2436756370021566
35.0,explicit,0.2857142857142857,0.8571428571428571,0.1602342809018477
35.0,explicit,0.2857142857142857,0.9285714285714285,0.07333298952309315
35.0,explicit,0.2857142857142857,1.0,0.033126343140356396
35.0,explicit,0.3571428571428571,0.0,0.033126343140356396
35.0,explicit,0.3571428571428571,0.07142857142857142,0.09274670361846371
35.0,explicit,0.3571428571428571,0.14285714285714285,0.19903868635484254
35.0,explicit,0.3571428571428571,0.21428571428571427,0.30183949097250595
35.0,explicit,0.3571428571428571,0.2857142857142857,0.4020876753013027
35.0,explicit,0.3571428571428571,0.3571428571428571,0.4978693693134114
35.0,explicit,0.3571428571428571,0.42857142857142855,0.5773096602499158
35.0,explicit,0.3571428571428571,0.5,0.6124134983294923
35.0,explicit,0.3571428571428571,0.5714285714285714,0.5773096602499158
35.0,explicit,0.3571428571428571,0.6428571428571428,0.4978693693134115
35.0,explicit,0.3571428571428571,0.7142857142857142,0.4020876753013028
35.0,explicit,0.3571428571428571,0.7857142857142857,0.30183949097250606
35.0,explicit,0.3571428571428571,0.8571428571428571,0.19903868635484262
35.0,explicit,0.3571428571428571,0.9285714285714285,0.09274670361846378
35.0,explicit,0.3571428571428571,1.0,0.033126343140356396
35.0,explicit,0.42857142857142855,0.0,0.033126343140356396
35.0,explicit,0.42857142857142855,0.07142857142857142,0.10883329232672162
35.0,explicit,0.42857142857142855,0.14285714285714285,0.2312078940345159
35.0,explicit,0.42857142857142855,0.21428571428571427,0.35007174047849343
35.0,explicit,0.42857142857142855,0.2857142857142857,0.46625600029980824
35.0,explicit,0.42857142857142855,0.3571428571428571,0.5773096602499158
35.0,explicit,0.42857142857142855,0.42857142857142855,0.6694106428654487
35.0,explicit,0.42857142857142855,0.5,0.7101012673189294
35.0,explicit,0.42857142857142855,0.5714285714285714,0.6694106428654488
35.0,explicit,0.42857142857142855,0.6428571428571428,0.5773096602499159
35.0,explicit,0.42857142857142855,0.7142857142857142,0.4662560002998084
35.0,explicit,0.42857142857142855,0.7857142857142857,0.35007174047849354
35.0,explicit,0.42857142857142855,0.8571428571428571,0.23120789403451597
35.0,explicit,0.42857142857142855,0.9285714285714285,0.1088332923267217
35.0,explicit,0.42857142857142855,1.0,0.033126343140356396
35.0,explicit,0.5,0.0,0.033126343140356396
35.0,explicit,0.5,0.07142857142857142,0.1159422254669946
35.0,explicit,0.5,0.14285714285714285,0.24542463519144792
35.0,explicit,0.5,0.21428571428571427,0.3713876240973886
35.0,explicit,0.5,0.2857142857142857,0.4946140192926832
35.0,explicit,0.5,0.3571428571428571,0.6124134983294923
35.0,explicit,0.5,0.42857142857142855,0.7101012673189294
35.0,explicit,0.5,0.5,0.7532529926888611
35.0,explicit,0.5,0.5714285714285714,0.7101012673189295
35.0,explicit,0.5,0.6428571428571428,0.6124134983294925
35.0,explicit,0.5,0.7142857142857142,0.4946140192926834
35.0,explicit,0.5,0.7857142857142857,0.37138762409738874
35.0,explicit,0.5,0.8571428571428571,0.24542463519144803
35.0,explicit,0.5,0.9285714285714285,0.11594222546699466
35.0,explicit,0.5,1.0,0.033126343140356396
35.0,explicit,0.5714285714285714,0.0,0.033126343140356396
35.0,explicit,0.5714285714285714,0.07142857142857142,0.10883329232672163
35.0,explicit,0.5714285714285714,0.14285714285714285,0.23120789403451592
35.0,explicit,0.5714285714285714,0.21428571428571427,0.35007174047849343
35.0,explicit,0.5714285714285714,0.2857142857142857,0.4662560002998083
35.0,explicit,0.5714285714285714,0.3571428571428571,0.5773096602499158
35.0,explicit,0.5714285714285714,0.42857142857142855,0.6694106428654488
35.0,explicit,0.5714285714285714,0.5,0.7101012673189295
35.0,explicit,0.5714285714285714,0.5714285714285714,0.6694106428654489
35.0,explicit,0.5714285714285714,0.6428571428571428,0.577309660249916
35.0,explicit,0.5714285714285714,0.7142857142857142,0.46625600029980846
35.0,explicit,0.5714285714285714,0.7857142857142857,0.35007174047849354
35.0,explicit,0.5714285714285714,0.8571428571428571,0.23120789403451597
35.0,explicit,0.5714285714285714,0.9285714285714285,0.1088332923267217
35.0,explicit,0.5714285714285714,1.0,0.033126343140356396
35.0,explicit,0.6428571428571428,0.0,0.033126343140356396
35.0,explicit,0.6428571428571428,0.07142857142857142,0.09274670361846372
35.0,explicit,0.6428571428571428,0.14285714285714285,0.1990386863548426
35.0,explicit,0.6428571428571428,0.21428571428571427,0.301839490972506
35.0,explicit,0.6428571428571428,0.2857142857142857,0.40208767530130274
35.0,explicit,0.6428571428571428,0.3571428571428571,0.4978693693134115
35.0,explicit,0.6428571428571428,0.42857142857142855,0.5773096602499159
35.0,explicit,0.6428571428571428,0.5,0.6124134983294925
35.0,explicit,0.6428571428571428,0.5714285714285714,0.577309660249916
35.0,explicit,0.6428571428571428,0.6428571428571428,0.49786936931341175
35.0,explicit,0.6428571428571428,0.7142857142857142,0.4020876753013029
35.0,explicit,0.6428571428571428,0.7857142857142857,0.3018394909725061
35.0,explicit,0.6428571428571428,0.8571428571428571,0.19903868635484265
35.0,explicit,0.6428571428571428,0.9285714285714285,0.0927467036184638
35.0,explicit,0.6428571428571428,1.0,0.033126343140356396
35.0,explicit,0.7142857142857142,0.0,0.033126343140356396
35.0,explicit,0.7142857142857142,0.07142857142857142,0.07333298952309311
35.0,explicit,0.7142857142857142,0.14285714285714285,0.16023428090184766
35.0,explicit,0.7142857142857142,0.21428571428571427,0.24367563700215658
35.0,explicit,0.7142857142857142,0.2857142857142857,0.32471700317158736
35.0,explicit,0.7142857142857142,0.3571428571428571,0.4020876753013028
35.0,explicit,0.7142857142857142,0.42857142857142855,0.4662560002998084
35.0,explicit,0.7142857142857142,0.5,0.4946140192926834
35.0,explicit,0.7142857142857142,0.5714285714285714,0.46625600029980846
35.0,explicit,0.7142857142857142,0.6428571428571428,0.4020876753013029
35.0,explicit,0.7142857142857142,0.7142857142857142,0.3247170031715875
35.0,explicit,0.7142857142857142,0.7857142857142857,0.2436756370021567
35.0,explicit,0.7142857142857142,0.8571428571428571,0.16023428090184771
35.0,explicit,0.7142857142857142,0.9285714285714285,0.07333298952309317
35.0,explicit,0.7142857142857142,1.0,0.033126343140356396
35.0,explicit,0.7857142857142857,0.0,0.033126343140356396
35.0,explicit,0.7857142857142857,0.07142857142857142,0.05285557533691779
35.0,explicit,0.7857142857142857,0.14285714285714285,0.11944023632695977
35.0,explicit,0.7857142857142857,0.21428571428571427,0.18267056365981324
35.0,explicit,0.7857142857142857,0.2857142857142857,0.2436756370021566
35.0,explicit,0.7857142857142857,0.3571428571428571,0.30183949097250606
35.0,explicit,0.7857142857142857,0.42857142857142855,0.35007174047849354
35.0,explicit,0.7857142857142857,0.5,0.37138762409738874
35.0,explicit,0.7857142857142857,0.5714285714285714,0.35007174047849354
35.0,explicit,0.7857142857142857,0.6428571428571428,0.3018394909725061
35.0,explicit,0.7857142857142857,0.7142857142857142,0.2436756370021567
35.0,explicit,0.7857142857142857,0.7857142857142857,0.18267056365981327
35.0,explicit,0.7857142857142857,0.8571428571428571,0.11944023632695981
35.0,explicit,0.7857142857142857,0.9285714285714285,0.05285557533691782
35.0,explicit,0.7857142857142857,1.0,0.033126343140356396
35.0,explicit,0.8571428571428571,0.0,0.033126343140356396
35.0,explicit,0.8571428571428571,0.07142857142857142,0.031126067305854578
35.0,explicit,0.8571428571428571,0.14285714285714285,0.07670661223337844
35.0,explicit,0.8571428571428571,0.21428571428571427,0.11944023632695978
35.0,explicit,0.8571428571428571,0.2857142857142857,0.1602342809018477
35.0,explicit,0.8571428571428571,0.3571428571428571,0.19903868635484262
35.0,explicit,0.8571428571428571,0.42857142857142855,0.23120789403451597
35.0,explicit,0.8571428571428571,0.5,0.24542463519144803
35.0,explicit,0.8571428571428571,0.5714285714285714,0.231207894034516
35.0,explicit,0.8571428571428571,0.6428571428571428,0.19903868635484268
35.0,explicit,0.8571428571428571,0.7142857142857142,0.16023428090184771
35.0,explicit,0.8571428571428571,0.7857142857142857,0.11944023632695981
35.0,explicit,0.8571428571428571,0.8571428571428571,0.07670661223337845
35.0,explicit,0.8571428571428571,0.9285714285714285,0.0311260673058546
35.0,explicit,0.8571428571428571,1.0,0.033126343140356396
35.0,explicit,0.9285714285714285,0.0,0.033126343140356396
35.0,explicit,0.9285714285714285,0.07142857142857142,0.008149761282387086
35.0,explicit,0.9285714285714285,0.14285714285714285,0.0311260673058546
35.0,explicit,0.9285714285714285,0.21428571428571427,0.052855575336917815
35.0,explicit,0.9285714285714285,0.2857142857142857,0.07333298952309315
35.0,explicit,0.9285714285714285,0.3571428571428571,0.09274670361846377
35.0,explicit,0.9285714285714285,0.42857142857142855,0.1088332923267217
35.0,explicit,0.9285714285714285,0.5,0.11594222546699468
35.0,explicit,0.9285714285714285,0.5714285714285714,0.10883329232672172
35.0,explicit,0.9285714285714285,0.6428571428571428,0.0927467036184638
35.0,explicit,0.9285714285714285,0.7142857142857142,0.07333298952309317
35.0,explicit,0.9285714285714285,0.7857142857142857,0.05285557533691782
35.0,explicit,0.9285714285714285,0.8571428571428571,0.031126067305854606
35.0,explicit,0.9285714285714285,0.9285714285714285,0.008149761282387093
35.0,explicit,0.9285714285714285,1.0,0.033126343140356396
35.0,explicit,1.0,0.0,0.033126343140356396
35.0,explicit,1.0,0.07142857142857142,0.033126343140356396
35.0,explicit,1.0,0.14285714285714285,0.033126343140356396
35.0,explicit,1.0,0.21428571428571427,0.033126343140356396
35.0,explicit,1.0,0.2857142857142857,0.033126343140356396
35.0,explicit,1.0,0.3571428571428571,0.033126343140356396
35.0,explicit,1.0,0.42857142857142855,0.033126343140356396
35.0,explicit,1.0,0.5,0.033126343140356396
35.0,explicit,1.0,0.5714285714285714,0.033126343140356396
35.0,explicit,1.0,0.6428571428571428,0.033126343140356396
35.0,explicit,1.0,0.7142857142857142,0.033126343140356396
35.0,explicit,1.0,0.7857142857142857,0.033126343140356396
35.0,explicit,1.0,0.8571428571428571,0.033126343140356396
35.0,explicit,1.0,0.9285714285714285,0.033126343140356396
35.0,explicit,1.0,1.0,0.033126343140356396
36.0,explicit,0.0,0.0,-0.047917423784529
36.0,explicit,0.0,0.07142857142857142,-0.047917423784529
36.0,explicit,0.0,0.14285714285714285,-0.047917423784529
36.0,explicit,0.0,0.21428571428571427,-0.047917423784529
36.0,explicit,0.0,0.2857142857142857,-0.047917423784529
36.0,explicit,0.0,0.3571428571428571,-0.047917423784529
36.0,explicit,0.0,0.42857142857142855,-0.047917423784529
36.0,explicit,0.0,0.5,-0.047917423784529
36.0,explicit,0.0,0.5714285714285714,-0.047917423784529
36.0,explicit,0.0,0.6428571428571428,-0.047917423784529
36.0,explicit,0.0,0.7142857142857142,-0.047917423784529
36.0,explicit,0.0,0.7857142857142857,-0.047917423784529
36.0,explicit,0.0,0.8571428571428571,-0.047917423784529
36.0,explicit,0.0,0.9285714285714285,-0.047917423784529
36.0,explicit,0.0,1.0,-0.047917423784529
36.0,explicit,0.07142857142857142,0.0,-0.047917423784529
36.0,explicit,0.07142857142857142,0.07142857142857142,0.012486220714198594
36.0,explicit,0.07142857142857142,0.14285714285714285,0.033267954286517756
36.0,explicit,0.07142857142857142,0.21428571428571427,0.05496878431932559
36.0,explicit,0.07142857142857142,0.2857142857142857,0.07544633901866657
36.0,explicit,0.07142857142857142,0.3571428571428571,0.09479721776009749
36.0,explicit,0.07142857142857142,0.42857142857142855,0.11072965222895831
36.0,explicit,0.07142857142857142,0.5,0.11769692933552062
36.0,explicit,0.07142857142857142,0.5714285714285714,0.11072965222895832
36.0,explicit,0.07142857142857142,0.6428571428571428,0.09479721776009752
36.0,explicit,0.07142857142857142,0.7142857142857142,0.0754463390186666
36.0,explicit,0.07142857142857142,0.7857142857142857,0.054968784319325614
36.0,explicit,0.07142857142857142,0.8571428571428571,0.03326795428651777
36.0,explicit,0.07142857142857142,0.9285714285714285,0.012486220714198602
36.0,explicit,0.07142857142857142,1.0,-0.047917423784529
36.0,explicit,0.14285714285714285,0.0,-0.047917423784529
36.0,explicit,0.14285714285714285,0.07142857142857142,0.03326795428651774
36.0,explicit,0.14285714285714285,0.14285714285714285,0.07657033799467933
36.0,explicit,0.14285714285714285,0.21428571428571427,0.11930485117052274
36.0,explicit,0.14285714285714285,0.2857142857142857,0.16009380441874224
36.0,explicit,0.14285714285714285,0.3571428571428571,0.1987696937323227
36.0,explicit,0.14285714285714285,0.42857142857142855,0.23062981305864852
36.0,explicit,0.14285714285714285,0.5,0.2445630450800964
36.0,explicit,0.14285714285714285,0.5714285714285714,0.23062981305864855
36.0,explicit,0.14285714285714285,0.6428571428571428,0.19876969373232276
36.0,explicit,0.14285714285714285,0.7142857142857142,0.16009380441874227
36.0,explicit,0.14285714285714285,0.7857142857142857,0.11930485117052277
36.0,explicit,0.14285714285714285,0.8571428571428571,0.07657033799467935
36.0,explicit,0.14285714285714285,0.9285714285714285,0.03326795428651776
36.0,explicit,0.14285714285714285,1.0,-0.047917423784529
36.0,explicit,0.21428571428571427,0.0,-0.047917423784529
36.0,explicit,0.21428571428571427,0.07142857142857142,0.05496878431932559
36.0,explicit,0.21428571428571427,0.14285714285714285,0.11930485117052274
36.0,explicit,0.21428571428571427,0.21428571428571427,0.18254806617128488
36.0,explicit,0.21428571428571427,0.2857142857142857,0.24353045491016567
36.0,explicit,0.21428571428571427,0.3571428571428571,0.30149520890511816
36.0,explicit,0.21428571428571427,0.42857142857142855,0.34926085417730734
36.0,explicit,0.21428571428571427,0.5,0.37015041998248466
36.0,explicit,0.21428571428571427,0.5714285714285714,0.34926085417730734
36.0,explicit,0.21428571428571427,0.6428571428571428,0.3014952089051182
36.0,explicit,0.21428571428571427,0.7142857142857142,0.2435304549101657
36.0,explicit,0.21428571428571427,0.7857142857142857,0.1825480661712849
36.0,explicit,0.21428571428571427,0.8571428571428571,0.11930485117052278
36.0,explicit,0.21428571428571427,0.9285714285714285,0.054968784319325635
36.0,explicit,0.21428571428571427,1.0,-0.047917423784529
36.0,explicit,0.2857142857142857,0.0,-0.047917423784529
36.0,explicit,0.2857142857142857,0.07142857142857142,0.07544633901866658
36.0,explicit,0.2857142857142857,0.14285714285714285,0.16009380441874224
36.0,explicit,0.2857142857142857,0.21428571428571427,0.24353045491016567
36.0,explicit,0.2857142857142857,0.2857142857142857,0.32451286151409237
36.0,explicit,0.2857142857142857,0.3571428571428571,0.40159951406779476
36.0,explicit,0.2857142857142857,0.42857142857142855,0.46513308943108234
36.0,explicit,0.2857142857142857,0.5,0.49291794275723383
36.0,explicit,0.2857142857142857,0.5714285714285714,0.4651330894310824
36.0,explicit,0.2857142857142857,0.6428571428571428,0.4015995140677948
36.0,explicit,0.2857142857142857,0.7142857142857142,0.3245128615140924
36.0,explicit,0.2857142857142857,0.7857142857142857,0.24353045491016573
36.0,explicit,0.2857142857142857,0.8571428571428571,0.1600938044187423
36.0,explicit,0.2857142857142857,0.9285714285714285,0.07544633901866664
36.0,explicit,0.2857142857142857,1.0,-0.047917423784529
36.0,explicit,0.3571428571428571,0.0,-0.047917423784529
36.0,explicit,0.3571428571428571,0.07142857142857142,0.0947972177600975
36.0,explicit,0.3571428571428571,0.14285714285714285,0.1987696937323227
36.0,explicit,0.3571428571428571,0.21428571428571427,0.30149520890511816
36.0,explicit,0.3571428571428571,0.2857142857142857,0.40159951406779476
36.0,explicit,0.3571428571428571,0.3571428571428571,0.49696844812594865
36.0,explicit,0.3571428571428571,0.42857142857142855,0.5755738291156169
36.0,explicit,0.3571428571428571,0.5,0.6099468195797029
36.0,explicit,0.3571428571428571,0.5714285714285714,0.5755738291156169
36.0,explicit,0.3571428571428571,0.6428571428571428,0.49696844812594876
36.0,explicit,0.3571428571428571,0.7142857142857142,0.40159951406779487
36.0,explicit,0.3571428571428571,0.7857142857142857,0.3014952089051183
36.0,explicit,0.3571428571428571,0.8571428571428571,0.19876969373232278
36.0,explicit,0.3571428571428571,0.9285714285714285,0.09479721776009757
36.0,explicit,0.3571428571428571,1.0,-0.047917423784529
36.0,explicit,0.42857142857142855,0.0,-0.047917423784529
36.0,explicit,0.42857142857142855,0.07142857142857142,0.11072965222895831
36.0,explicit,0.42857142857142855,0.14285714285714285,0.23062981305864852
36.0,explicit,0.42857142857142855,0.21428571428571427,0.34926085417730734
36.0,explicit,0.42857142857142855,0.2857142857142857,0.46513308943108234
36.0,explicit,0.42857142857142855,0.3571428571428571,0.5755738291156169
36.0,explicit,0.42857142857142855,0.42857142857142855,0.6665971372149795
36.0,explicit,0.42857142857142855,0.5,0.7063930249325553
36.0,explicit,0.42857142857142855,0.5714285714285714,0.6665971372149796
36.0,explicit,0.42857142857142855,0.6428571428571428,0.575573829115617
36.0,explicit,0.42857142857142855,0.7142857142857142,0.4651330894310825
36.0,explicit,0.42857142857142855,0.7857142857142857,0.34926085417730746
36.0,explicit,0.42857142857142855,0.8571428571428571,0.2306298130586486
36.0,explicit,0.42857142857142855,0.9285714285714285,0.11072965222895839
36.0,explicit,0.42857142857142855,1.0,-0.047917423784529
36.0,explicit,0.5,0.0,-0.047917423784529
36.0,explicit,0.5,0.07142857142857142,0.11769692933552062
36.0,explicit,0.5,0.14285714285714285,0.2445630450800964
36.0,explicit,0.5,0.21428571428571427,0.37015041998248466
36.0,explicit,0.5,0.2857142857142857,0.4929179427572339
36.0,explicit,0.5,0.3571428571428571,0.6099468195797029
36.0,explicit,0.5,0.42857142857142855,0.7063930249325553
36.0,explicit,0.5,0.5,0.7485533796637269
36.0,explicit,0.5,0.5714285714285714,0.7063930249325554
36.0,explicit,0.5,0.6428571428571428,0.6099468195797031
36.0,explicit,0.5,0.7142857142857142,0.49291794275723405
36.0,explicit,0.5,0.7857142857142857,0.37015041998248477
36.0,explicit,0.5,0.8571428571428571,0.24456304508009652
36.0,explicit,0.5,0.9285714285714285,0.11769692933552067
36.0,explicit,0.5,1.0,-0.047917423784529
36.0,explicit,0.5714285714285714,0.0,-0.047917423784529
36.0,explicit,0.5714285714285714,0.07142857142857142,0.11072965222895832
36.0,explicit,0.5714285714285714,0.14285714285714285,0.23062981305864855
36.0,explicit,0.5714285714285714,0.21428571428571427,0.34926085417730734
36.0,explicit,0.5714285714285714,0.2857142857142857,0.4651330894310824
36.0,explicit,0.5714285714285714,0.3571428571428571,0.5755738291156169
36.0,explicit,0.5714285714285714,0.42857142857142855,0.6665971372149796
36.0,explicit,0.5714285714285714,0.5,0.7063930249325554
36.0,explicit,0.5714285714285714,0.5714285714285714,0.6665971372149797
36.0,explicit,0.5714285714285714,0.6428571428571428,0.5755738291156172
36.0,explicit,0.5714285714285714,0.7142857142857142,0.46513308943108256
36.0,explicit,0.5714285714285714,0.7857142857142857,0.34926085417730746
36.0,explicit,0.5714285714285714,0.8571428571428571,0.2306298130586486
36.0,explicit,0.5714285714285714,0.9285714285714285,0.11072965222895839
36.0,explicit,0.5714285714285714,1.0,-0.047917423784529
36.0,explicit,0.6428571428571428,0.0,-0.047917423784529
36.0,explicit,0.6428571428571428,0.07142857142857142,0.09479721776009752
36.0,explicit,0.6428571428571428,0.14285714285714285,0.19876969373232276
36.0,explicit,0.6428571428571428,0.21428571428571427,0.3014952089051182
36.0,explicit,0.6428571428571428,0.2857142857142857,0.4015995140677948
36.0,explicit,0.6428571428571428,0.3571428571428571,0.49696844812594876
36.0,explicit,0.6428571428571428,0.42857142857142855,0.575573829115617
36.0,explicit,0.6428571428571428,0.5,0.6099468195797031
36.0,explicit,0.6428571428571428,0.5714285714285714,0.5755738291156172
36.0,explicit,0.6428571428571428,0.6428571428571428,0.496968448125949
36.0,explicit,0.6428571428571428,0.7142857142857142,0.401599514067795
36.0,explicit,0.6428571428571428,0.7857142857142857,0.30149520890511833
36.0,explicit,0.6428571428571428,0.8571428571428571,0.1987696937323228
36.0,explicit,0.6428571428571428,0.9285714285714285,0.09479721776009759
36.0,explicit,0.6428571428571428,1.0,-0.047917423784529
36.0,explicit,0.7142857142857142,0.0,-0.047917423784529
36.0,explicit,0.7142857142857142,0.07142857142857142,0.0754463390186666
36.0,explicit,0.7142857142857142,0.14285714285714285,0.16009380441874227
36.0,explicit,0.7142857142857142,0.21428571428571427,0.2435304549101657
36.0,explicit,0.7142857142857142,0.2857142857142857,0.3245128615140924
36.0,explicit,0.7142857142857142,0.3571428571428571,0.40159951406779487
36.0,explicit,0.7142857142857142,0.42857142857142855,0.4651330894310825
36.0,explicit,0.7142857142857142,0.5,0.49291794275723405
36.0,explicit,0.7142857142857142,0.5714285714285714,0.46513308943108256
36.0,explicit,0.7142857142857142,0.6428571428571428,0.401599514067795
36.0,explicit,0.7142857142857142,0.7142857142857142,0.3245128615140926
36.0,explicit,0.7142857142857142,0.7857142857142857,0.2435304549101658
36.0,explicit,0.7142857142857142,0.8571428571428571,0.16009380441874232
36.0,explicit,0.7142857142857142,0.9285714285714285,0.07544633901866665
36.0,explicit,0.7142857142857142,1.0,-0.047917423784529
36.0,explicit,0.7857142857142857,0.0,-0.047917423784529
36.0,explicit,0.7857142857142857,0.07142857142857142,0.05496878431932561
36.0,explicit,0.7857142857142857,0.14285714285714285,0.11930485117052277
36.0,explicit,0.7857142857142857,0.21428571428571427,0.1825480661712849
36.0,explicit,0.7857142857142857,0.2857142857142857,0.24353045491016573
36.0,explicit,0.7857142857142857,0.3571428571428571,0.3014952089051183
36.0,explicit,0.7857142857142857,0.42857142857142855,0.34926085417730746
36.0,explicit,0.7857142857142857,0.5,0.37015041998248477
36.0,explicit,0.7857142857142857,0.5714285714285714,0.34926085417730746
36.0,explicit,0.7857142857142857,0.6428571428571428,0.30149520890511833
36.0,explicit,0.7857142857142857,0.7142857142857142,0.2435304549101658
36.0,explicit,0.7857142857142857,0.7857142857142857,0.18254806617128494
36.0,explicit,0.7857142857142857,0.8571428571428571,0.11930485117052281
36.0,explicit,0.7857142857142857,0.9285714285714285,0.05496878431932564
36.0,explicit,0.7857142857142857,1.0,-0.047917423784529
36.0,explicit,0.8571428571428571,0.0,-0.047917423784529
36.0,explicit,0.8571428571428571,0.07142857142857142,0.033267954286517756
36.0,explicit,0.8571428571428571,0.14285714285714285,0.07657033799467935
36.0,explicit,0.8571428571428571,0.21428571428571427,0.11930485117052278
36.0,explicit,0.8571428571428571,0.2857142857142857,0.1600938044187423
36.0,explicit,0.8571428571428571,0.3571428571428571,0.19876969373232278
36.0,explicit,0.8571428571428571,0.42857142857142855,0.2306298130586486
36.0,explicit,0.8571428571428571,0.5,0.24456304508009652
36.0,explicit,0.8571428571428571,0.5714285714285714,0.23062981305864863
36.0,explicit,0.8571428571428571,0.6428571428571428,0.19876969373232284
36.0,explicit,0.8571428571428571,0.7142857142857142,0.16009380441874232
36.0,explicit,0.8571428571428571,0.7857142857142857,0.11930485117052281
36.0,explicit,0.8571428571428571,0.8571428571428571,0.07657033799467937
36.0,explicit,0.8571428571428571,0.9285714285714285,0.03326795428651778
36.0,explicit,0.8571428571428571,1.0,-0.047917423784529
36.0,explicit,0.9285714285714285,0.0,-0.047917423784529
36.0,explicit,0.9285714285714285,0.07142857142857142,0.012486220714198604
36.0,explicit,0.9285714285714285,0.14285714285714285,0.03326795428651778
36.0,explicit,0.9285714285714285,0.21428571428571427,0.054968784319325635
36.0,explicit,0.9285714285714285,0.2857142857142857,0.07544633901866664
36.0,explicit,0.9285714285714285,0.3571428571428571,0.09479721776009756
36.0,explicit,0.9285714285714285,0.42857142857142855,0.11072965222895839
36.0,explicit,0.9285714285714285,0.5,0.11769692933552069
36.0,explicit,0.9285714285714285,0.5714285714285714,0.1107296522289584
36.0,explicit,0.9285714285714285,0.6428571428571428,0.09479721776009759
36.0,explicit,0.9285714285714285,0.7142857142857142,0.07544633901866665
36.0,explicit,0.9285714285714285,0.7857142857142857,0.05496878431932564
36.0,explicit,0.9285714285714285,0.8571428571428571,0.033267954286517784
36.0,explicit,0.9285714285714285,0.9285714285714285,0.012486220714198611
36.0,explicit,0.9285714285714285,1.0,-0.047917423784529
36.0,explicit,1.0,0.0,-0.047917423784529
36.0,explicit,1.0,0.07142857142857142,-0.047917423784529
36.0,explicit,1.0,0.14285714285714285,-0.047917423784529
36.0,explicit,1.0,0.21428571428571427,-0.047917423784529
36.0,explicit,1.0,0.2857142857142857,-0.047917423784529
36.0,explicit,1.0,0.3571428571428571,-0.047917423784529
36.0,explicit,1.0,0.42857142857142855,-0.047917423784529
36.0,explicit,1.0,0.5,-0.047917423784529
36.0,explicit,1.0,0.5714285714285714,-0.047917423784529
36.0,explicit,1.0,0.6428571428571428,-0.047917423784529
36.0,explicit,1.0,0.7142857142857142,-0.047917423784529
36.0,explicit,1.0,0.7857142857142857,-0.047917423784529
36.0,explicit,1.0,0.8571428571428571,-0.047917423784529
36.0,explicit,1.0,0.9285714285714285,-0.047917423784529
36.0,explicit,1.0,1.0,-0.047917423784529
37.0,explicit,0.0,0.0,-0.11063349740060283
37.0,explicit,0.0,0.07142857142857142,-0.11063349740060283
37.0,explicit,0.0,0.14285714285714285,-0.11063349740060283
37.0,explicit,0.0,0.21428571428571427,-0.11063349740060283
37.0,explicit,0.0,0.2857142857142857,-0.11063349740060283
37.0,explicit,0.0,0.3571428571428571,-0.11063349740060283
37.0,explicit,0.0,0.42857142857142855,-0.11063349740060283
37.0,explicit,0.0,0.5,-0.11063349740060283
37.0,explicit,0.0,0.5714285714285714,-0.11063349740060283
37.0,explicit,0.0,0.6428571428571428,-0.11063349740060283
37.0,explicit,0.0,0.7142857142857142,-0.11063349740060283
37.0,explicit,0.0,0.7857142857142857,-0.11063349740060283
37.0,explicit,0.0,0.8571428571428571,-0.11063349740060283
37.0,explicit,0.0,0.9285714285714285,-0.11063349740060283
37.0,explicit,0.0,1.0,-0.11063349740060283
37.0,explicit,0.07142857142857142,0.0,-0.11063349740060283
37.0,explicit,0.07142857142857142,0.07142857142857142,0.011165409246136205
37.0,explicit,0.07142857142857142,0.14285714285714285,0.03266275054370796
37.0,explicit,0.07142857142857142,0.21428571428571427,0.054296302392344835
37.0,explicit,0.07142857142857142,0.2857142857142857,0.07477098942352539
37.0,explicit,0.07142857142857142,0.3571428571428571,0.09405819152079
37.0,explicit,0.07142857142857142,0.42857142857142855,0.10983929938280772
37.0,explicit,0.07142857142857142,0.5,0.11667219870479885
37.0,explicit,0.07142857142857142,0.5714285714285714,0.10983929938280773
37.0,explicit,0.07142857142857142,0.6428571428571428,0.09405819152079002
37.0,explicit,0.07142857142857142,0.7142857142857142,0.07477098942352542
37.0,explicit,0.07142857142857142,0.7857142857142857,0.054296302392344856
37.0,explicit,0.07142857142857142,0.8571428571428571,0.03266275054370797
37.0,explicit,0.07142857142857142,0.9285714285714285,0.011165409246136213
37.0,explicit,0.07142857142857142,1.0,-0.11063349740060283
37.0,explicit,0.14285714285714285,0.0,-0.11063349740060283
37.0,explicit,0.14285714285714285,0.07142857142857142,0.032662750543707944
37.0,explicit,0.14285714285714285,0.14285714285714285,0.07652508416937814
37.0,explicit,0.14285714285714285,0.21428571428571427,0.1192147761590578
37.0,explicit,0.14285714285714285,0.2857142857142857,0.15999468896533436
37.0,explicit,0.14285714285714285,0.3571428571428571,0.1985403975381606
37.0,explicit,0.14285714285714285,0.42857142857142855,0.2300970156766805
37.0,explicit,0.14285714285714285,0.5,0.24376127436893044
37.0,explicit,0.14285714285714285,0.5714285714285714,0.23009701567668053
37.0,explicit,0.14285714285714285,0.6428571428571428,0.19854039753816066
37.0,explicit,0.14285714285714285,0.7142857142857142,0.1599946889653344
37.0,explicit,0.14285714285714285,0.7857142857142857,0.11921477615905783
37.0,explicit,0.14285714285714285,0.8571428571428571,0.07652508416937817
37.0,explicit,0.14285714285714285,0.9285714285714285,0.032662750543707965
37.0,explicit,0.14285714285714285,1.0,-0.11063349740060283
37.0,explicit,0.21428571428571427,0.0,-0.11063349740060283
37.0,explicit,0.21428571428571427,0.07142857142857142,0.054296302392344835
37.0,explicit,0.21428571428571427,0.14285714285714285,0.1192147761590578
37.0,explicit,0.21428571428571427,0.21428571428571427,0.1824244329730378
37.0,explicit,0.21428571428571427,0.2857142857142857,0.24337936638123395
37.0,explicit,0.21428571428571427,0.3571428571428571,0.3011421946325949
37.0,explicit,0.21428571428571427,0.42857142857142855,0.34844939232718236
37.0,explicit,0.21428571428571427,0.5,0.368934377863426
37.0,explicit,0.21428571428571427,0.5714285714285714,0.34844939232718236
37.0,explicit,0.21428571428571427,0.6428571428571428,0.30114219463259495
37.0,explicit,0.21428571428571427,0.7142857142857142,0.24337936638123397
37.0,explicit,0.21428571428571427,0.7857142857142857,0.18242443297303781
37.0,explicit,0.21428571428571427,0.8571428571428571,0.11921477615905784
37.0,explicit,0.21428571428571427,0.9285714285714285,0.054296302392344876
37.0,explicit,0.21428571428571427,1.0,-0.11063349740060283
37.0,explicit,0.2857142857142857,0.0,-0.11063349740060283
37.0,explicit,0.2857142857142857,0.07142857142857142,0.0747709894235254
37.0,explicit,0.2857142857142857,0.14285714285714285,0.15999468896533436
37.0,explicit,0.2857142857142857,0.21428571428571427,0.24337936638123395
37.0,explicit,0.2857142857142857,0.2857142857142857,0.32429641129573555
37.0,explicit,0.2857142857142857,0.3571428571428571,0.40109449786581913
37.0,explicit,0.2857142857142857,0.42857142857142855,0.46400376947752375
37.0,explicit,0.2857142857142857,0.5,0.49124433750574165
37.0,explicit,0.2857142857142857,0.5714285714285714,0.4640037694775238
37.0,explicit,0.2857142857142857,0.6428571428571428,0.4010944978658192
37.0,explicit,0.2857142857142857,0.7142857142857142,0.3242964112957356
37.0,explicit,0.2857142857142857,0.7857142857142857,0.243379366381234
37.0,explicit,0.2857142857142857,0.8571428571428571,0.15999468896533442
37.0,explicit,0.2857142857142857,0.9285714285714285,0.07477098942352545
37.0,explicit,0.2857142857142857,1.0,-0.11063349740060283
37.0,explicit,0.3571428571428571,0.0,-0.11063349740060283
37.0,explicit,0.3571428571428571,0.07142857142857142,0.09405819152079001
37.0,explicit,0.3571428571428571,0.14285714285714285,0.1985403975381606
37.0,explicit,0.3571428571428571,0.21428571428571427,0.3011421946325949
37.0,explicit,0.3571428571428571,0.2857142857142857,0.40109449786581913
37.0,explicit,0.3571428571428571,0.3571428571428571,0.49604466998051455
37.0,explicit,0.3571428571428571,0.42857142857142855,0.5738284415434206
37.0,explicit,0.3571428571428571,0.5,0.6075069343491669
37.0,explicit,0.3571428571428571,0.5714285714285714,0.5738284415434206
37.0,explicit,0.3571428571428571,0.6428571428571428,0.49604466998051466
37.0,explicit,0.3571428571428571,0.7142857142857142,0.40109449786581924
37.0,explicit,0.3571428571428571,0.7857142857142857,0.301142194632595
37.0,explicit,0.3571428571428571,0.8571428571428571,0.1985403975381607
37.0,explicit,0.3571428571428571,0.9285714285714285,0.09405819152079006
37.0,explicit,0.3571428571428571,1.0,-0.11063349740060283
37.0,explicit,0.42857142857142855,0.0,-0.11063349740060283
37.0,explicit,0.42857142857142855,0.07142857142857142,0.10983929938280772
37.0,explicit,0.42857142857142855,0.14285714285714285,0.2300970156766805
37.0,explicit,0.42857142857142855,0.21428571428571427,0.34844939232718236
37.0,explicit,0.42857142857142855,0.2857142857142857,0.46400376947752375
37.0,explicit,0.42857142857142855,0.3571428571428571,0.5738284415434206
37.0,explicit,0.42857142857142855,0.42857142857142855,0.6637940069076496
37.0,explicit,0.42857142857142855,0.5,0.7027401789805102
37.0,explicit,0.42857142857142855,0.5714285714285714,0.6637940069076497
37.0,explicit,0.42857142857142855,0.6428571428571428,0.5738284415434207
37.0,explicit,0.42857142857142855,0.7142857142857142,0.4640037694775239
37.0,explicit,0.42857142857142855,0.7857142857142857,0.34844939232718247
37.0,explicit,0.42857142857142855,0.8571428571428571,0.2300970156766806
37.0,explicit,0.42857142857142855,0.9285714285714285,0.1098392993828078
37.0,explicit,0.42857142857142855,1.0,-0.11063349740060283
37.0,explicit,0.5,0.0,-0.11063349740060283
37.0,explicit,0.5,0.07142857142857142,0.11667219870479885
37.0,explicit,0.5,0.14285714285714285,0.24376127436893044
37.0,explicit,0.5,0.21428571428571427,0.368934377863426
37.0,explicit,0.5,0.2857142857142857,0.4912443375057417
37.0,explicit,0.5,0.3571428571428571,0.6075069343491669
37.0,explicit,0.5,0.42857142857142855,0.7027401789805102
37.0,explicit,0.5,0.5,0.7439609236509497
37.0,explicit,0.5,0.5714285714285714,0.7027401789805103
37.0,explicit,0.5,0.6428571428571428,0.6075069343491671
37.0,explicit,0.5,0.7142857142857142,0.49124433750574187
37.0,explicit,0.5,0.7857142857142857,0.3689343778634261
37.0,explicit,0.5,0.8571428571428571,0.24376127436893053
37.0,explicit,0.5,0.9285714285714285,0.11667219870479889
37.0,explicit,0.5,1.0,-0.11063349740060283
37.0,explicit,0.5714285714285714,0.0,-0.11063349740060283
37.0,explicit,0.5714285714285714,0.07142857142857142,0.10983929938280773
37.0,explicit,0.5714285714285714,0.14285714285714285,0.23009701567668053
37.0,explicit,0.5714285714285714,0.21428571428571427,0.34844939232718236
37.0,explicit,0.5714285714285714,0.2857142857142857,0.4640037694775238
37.0,explicit,0.5714285714285714,0.3571428571428571,0.5738284415434206
37.0,explicit,0.5714285714285714,0.42857142857142855,0.6637940069076497
37.0,explicit,0.5714285714285714,0.5,0.7027401789805103
37.0,explicit,0.5714285714285714,0.5714285714285714,0.6637940069076498
37.0,explicit,0.5714285714285714,0.6428571428571428,0.5738284415434208
37.0,explicit,0.5714285714285714,0.7142857142857142,0.464003769477524
37.0,explicit,0.5714285714285714,0.7857142857142857,0.34844939232718247
37.0,explicit,0.5714285714285714,0.8571428571428571,0.2300970156766806
37.0,explicit,0.5714285714285714,0.9285714285714285,0.1098392993828078
37.0,explicit,0.5714285714285714,1.0,-0.11063349740060283
37.0,explicit,0.6428571428571428,0.0,-0.11063349740060283
37.0,explicit,0.6428571428571428,0.07142857142857142,0.09405819152079002
37.0,explicit,0.6428571428571428,0.14285714285714285,0.19854039753816066
37.0,explicit,0.6428571428571428,0.21428571428571427,0.30114219463259495
37.0,explicit,0.6428571428571428,0.2857142857142857,0.4010944978658192
37.0,explicit,0.6428571428571428,0.3571428571428571,0.49604466998051466
37.0,explicit,0.6428571428571428,0.42857142857142855,0.5738284415434207
37.0,explicit,0.6428571428571428,0.5,0.6075069343491671
37.0,explicit,0.6428571428571428,0.5714285714285714,0.5738284415434208
37.0,explicit,0.6428571428571428,0.6428571428571428,0.4960446699805149
37.0,explicit,0.6428571428571428,0.7142857142857142,0.40109449786581935
37.0,explicit,0.6428571428571428,0.7857142857142857,0.30114219463259506
37.0,explicit,0.6428571428571428,0.8571428571428571,0.19854039753816072
37.0,explicit,0.6428571428571428,0.9285714285714285,0.09405819152079008
37.0,explicit,0.6428571428571428,1.0,-0.11063349740060283
37.0,explicit,0.7142857142857142,0.0,-0.11063349740060283
37.0,explicit,0.7142857142857142,0.07142857142857142,0.07477098942352542
37.0,explicit,0.7142857142857142,0.14285714285714285,0.1599946889653344
37.0,explicit,0.7142857142857142,0.21428571428571427,0.24337936638123397
37.0,explicit,0.7142857142857142,0.2857142857142857,0.3242964112957356
37.0,explicit,0.7142857142857142,0.3571428571428571,0.40109449786581924
37.0,explicit,0.7142857142857142,0.42857142857142855,0.4640037694775239
37.0,explicit,0.7142857142857142,0.5,0.49124433750574187
37.0,explicit,0.7142857142857142,0.5714285714285714,0.464003769477524
37.0,explicit,0.7142857142857142,0.6428571428571428,0.40109449786581935
37.0,explicit,0.7142857142857142,0.7142857142857142,0.3242964112957358
37.0,explicit,0.7142857142857142,0.7857142857142857,0.24337936638123409
37.0,explicit,0.7142857142857142,0.8571428571428571,0.15999468896533445
37.0,explicit,0.7142857142857142,0.9285714285714285,0.07477098942352546
37.0,explicit,0.7142857142857142,1.0,-0.11063349740060283
37.0,explicit,0.7857142857142857,0.0,-0.11063349740060283
37.0,explicit,0.7857142857142857,0.07142857142857142,0.05429630239234485
37.0,explicit,0.7857142857142857,0.14285714285714285,0.11921477615905783
37.0,explicit,0.7857142857142857,0.21428571428571427,0.18242443297303781
37.0,explicit,0.7857142857142857,0.2857142857142857,0.243379366381234
37.0,explicit,0.7857142857142857,0.3571428571428571,0.301142194632595
37.0,explicit,0.7857142857142857,0.42857142857142855,0.34844939232718247
37.0,explicit,0.7857142857142857,0.5,0.3689343778634261
37.0,explicit,0.7857142857142857,0.5714285714285714,0.34844939232718247
37.0,explicit,0.7857142857142857,0.6428571428571428,0.30114219463259506
37.0,explicit,0.7857142857142857,0.7142857142857142,0.24337936638123409
37.0,explicit,0.7857142857142857,0.7857142857142857,0.18242443297303784
37.0,explicit,0.7857142857142857,0.8571428571428571,0.11921477615905787
37.0,explicit,0.7857142857142857,0.9285714285714285,0.05429630239234488
37.0,explicit,0.7857142857142857,1.0,-0.11063349740060283
37.0,explicit,0.8571428571428571,0.0,-0.11063349740060283
37.0,explicit,0.8571428571428571,0.07142857142857142,0.03266275054370796
37.0,explicit,0.8571428571428571,0.14285714285714285,0.07652508416937817
37.0,explicit,0.8571428571428571,0.21428571428571427,0.11921477615905784
37.0,explicit,0.8571428571428571,0.2857142857142857,0.15999468896533442
37.0,explicit,0.8571428571428571,0.3571428571428571,0.1985403975381607
37.0,explicit,0.8571428571428571,0.42857142857142855,0.2300970156766806
37.0,explicit,0.8571428571428571,0.5,0.24376127436893053
37.0,explicit,0.8571428571428571,0.5714285714285714,0.23009701567668062
37.0,explicit,0.8571428571428571,0.6428571428571428,0.19854039753816075
37.0,explicit,0.8571428571428571,0.7142857142857142,0.15999468896533445
37.0,explicit,0.8571428571428571,0.7857142857142857,0.11921477615905787
37.0,explicit,0.8571428571428571,0.8571428571428571,0.07652508416937819
37.0,explicit,0.8571428571428571,0.9285714285714285,0.03266275054370798
37.0,explicit,0.8571428571428571,1.0,-0.11063349740060283
37.0,explicit,0.9285714285714285,0.0,-0.11063349740060283
37.0,explicit,0.9285714285714285,0.07142857142857142,0.011165409246136215
37.0,explicit,0.9285714285714285,0.14285714285714285,0.03266275054370798
37.0,explicit,0.9285714285714285,0.21428571428571427,0.054296302392344876
37.0,explicit,0.9285714285714285,0.2857142857142857,0.07477098942352545
37.0,explicit,0.9285714285714285,0.3571428571428571,0.09405819152079005
37.0,explicit,0.9285714285714285,0.42857142857142855,0.1098392993828078
37.0,explicit,0.9285714285714285,0.5,0.1166721987047989
37.0,explicit,0.9285714285714285,0.5714285714285714,0.10983929938280781
37.0,explicit,0.9285714285714285,0.6428571428571428,0.09405819152079008
37.0,explicit,0.9285714285714285,0.7142857142857142,0.07477098942352546
37.0,explicit,0.9285714285714285,0.7857142857142857,0.05429630239234488
37.0,explicit,0.9285714285714285,0.8571428571428571,0.032662750543707986
37.0,explicit,0.9285714285714285,0.9285714285714285,0.011165409246136222
37.0,explicit,0.9285714285714285,1.0,-0.11063349740060283
37.0,explicit,1.0,0.0,-0.11063349740060283
37.0,explicit,1.0,0.07142857142857142,-0.11063349740060283
37.0,explicit,1.0,0.14285714285714285,-0.11063349740060283
37.0,explicit,1.0,0.21428571428571427,-0.11063349740060283
37.0,explicit,1.0,0.2857142857142857,-0.11063349740060283
37.0,explicit,1.0,0.3571428571428571,-0.11063349740060283
37.0,explicit,1.0,0.42857142857142855,-0.11063349740060283
37.0,explicit,1.0,0.5,-0.11063349740060283
37.0,explicit,1.0,0.5714285714285714,-0.11063349740060283
37.0,explicit,1.0,0.6428571428571428,-0.11063349740060283
37.0,explicit,1.0,0.7142857142857142,-0.11063349740060283
37.0,explicit,1.0,0.7857142857142857,-0.11063349740060283
37.0,explicit,1.0,0.8571428571428571,-0.11063349740060283
37.0,explicit,1.0,0.9285714285714285,-0.11063349740060283
37.0,explicit,1.0,1.0,-0.11063349740060283
38.0,explicit,0.0,0.0,-0.11962066240806708
38.0,explicit,0.0,0.07142857142857142,-0.11962066240806708
38.0,explicit,0.0,0.14285714285714285,-0.11962066240806708
38.0,explicit,0.0,0.21428571428571427,-0.11962066240806708
38.0,explicit,0.0,0.2857142857142857,-0.11962066240806708
38.0,explicit,0.0,0.3571428571428571,-0.11962066240806708
38.0,explicit,0.0,0.42857142857142855,-0.11962066240806708
38.0,explicit,0.0,0.5,-0.11962066240806708
38.0,explicit,0.0,0.5714285714285714,-0.11962066240806708
38.0,explicit,0.0,0.6428571428571428,-0.11962066240806708
38.0,explicit,0.0,0.7142857142857142,-0.11962066240806708
38.0,explicit,0.0,0.7857142857142857,-0.11962066240806708
38.0,explicit,0.0,0.8571428571428571,-0.11962066240806708
38.0,explicit,0.0,0.9285714285714285,-0.11962066240806708
38.0,explicit,0.0,1.0,-0.11962066240806708
38.0,explicit,0.07142857142857142,0.0,-0.11962066240806708
38.0,explicit,0.07142857142857142,0.07142857142857142,0.008418481570006948
38.0,explicit,0.07142857142857142,0.14285714285714285,0.03130303292760845
38.0,explicit,0.07142857142857142,0.21428571428571427,0.05291094416657652
38.0,explicit,0.07142857142857142,0.2857142857142857,0.07338291880138284
38.0,explicit,0.07142857142857142,0.3571428571428571,0.09263797844486345
38.0,explicit,0.07142857142857142,0.42857142857142855,0.10834448891395447
38.0,explicit,0.07142857142857142,0.5,0.11511276756471232
38.0,explicit,0.07142857142857142,0.5714285714285714,0.10834448891395448
38.0,explicit,0.07142857142857142,0.6428571428571428,0.09263797844486348
38.0,explicit,0.07142857142857142,0.7142857142857142,0.07338291880138287
38.0,explicit,0.07142857142857142,0.7857142857142857,0.052910944166576546
38.0,explicit,0.07142857142857142,0.8571428571428571,0.031303032927608464
38.0,explicit,0.07142857142857142,0.9285714285714285,0.008418481570006957
38.0,explicit,0.07142857142857142,1.0,-0.11962066240806708
38.0,explicit,0.14285714285714285,0.0,-0.11962066240806708
38.0,explicit,0.14285714285714285,0.07142857142857142,0.031303032927608436
38.0,explicit,0.14285714285714285,0.14285714285714285,0.07649296939875747
38.0,explicit,0.14285714285714285,0.21428571428571427,0.11916522547736862
38.0,explicit,0.14285714285714285,0.2857142857142857,0.15993891287560577
38.0,explicit,0.14285714285714285,0.3571428571428571,0.19841894443235408
38.0,explicit,0.14285714285714285,0.42857142857142855,0.22982591897263757
38.0,explicit,0.14285714285714285,0.5,0.24336081951336125
38.0,explicit,0.14285714285714285,0.5714285714285714,0.2298259189726376
38.0,explicit,0.14285714285714285,0.6428571428571428,0.19841894443235414
38.0,explicit,0.14285714285714285,0.7142857142857142,0.1599389128756058
38.0,explicit,0.14285714285714285,0.7857142857142857,0.11916522547736864
38.0,explicit,0.14285714285714285,0.8571428571428571,0.0764929693987575
38.0,explicit,0.14285714285714285,0.9285714285714285,0.03130303292760846
38.0,explicit,0.14285714285714285,1.0,-0.11962066240806708
38.0,explicit,0.21428571428571427,0.0,-0.11962066240806708
38.0,explicit,0.21428571428571427,0.07142857142857142,0.05291094416657652
38.0,explicit,0.21428571428571427,0.14285714285714285,0.11916522547736862
38.0,explicit,0.21428571428571427,0.21428571428571427,0.1823626835665973
38.0,explicit,0.21428571428571427,0.2857142857142857,0.24330186564653
38.0,explicit,0.21428571428571427,0.3571428571428571,0.30096274165577663
38.0,explicit,0.21428571428571427,0.42857142857142855,0.3480437925795897
38.0,explicit,0.21428571428571427,0.5,0.36833415594217095
38.0,explicit,0.21428571428571427,0.5714285714285714,0.3480437925795897
38.0,explicit,0.21428571428571427,0.6428571428571428,0.3009627416557767
38.0,explicit,0.21428571428571427,0.7142857142857142,0.24330186564653003
38.0,explicit,0.21428571428571427,0.7857142857142857,0.18236268356659732
38.0,explicit,0.21428571428571427,0.8571428571428571,0.11916522547736866
38.0,explicit,0.21428571428571427,0.9285714285714285,0.05291094416657656
38.0,explicit,0.21428571428571427,1.0,-0.11962066240806708
38.0,explicit,0.2857142857142857,0.0,-0.11962066240806708
38.0,explicit,0.2857142857142857,0.07142857142857142,0.07338291880138285
38.0,explicit,0.2857142857142857,0.14285714285714285,0.15993891287560577
38.0,explicit,0.2857142857142857,0.21428571428571427,0.24330186564653
38.0,explicit,0.2857142857142857,0.2857142857142857,0.324183606668672
38.0,explicit,0.2857142857142857,0.3571428571428571,0.40083581764270254
38.0,explicit,0.2857142857142857,0.42857142857142855,0.46343688682658124
38.0,explicit,0.2857142857142857,0.5,0.4904154999491121
38.0,explicit,0.2857142857142857,0.5714285714285714,0.46343688682658124
38.0,explicit,0.2857142857142857,0.6428571428571428,0.4008358176427026
38.0,explicit,0.2857142857142857,0.7142857142857142,0.3241836066686721
38.0,explicit,0.2857142857142857,0.7857142857142857,0.24330186564653006
38.0,explicit,0.2857142857142857,0.8571428571428571,0.15993891287560583
38.0,explicit,0.2857142857142857,0.9285714285714285,0.0733829188013829
38.0,explicit,0.2857142857142857,1.0,-0.11962066240806708
38.0,explicit,0.3571428571428571,0.0,-0.11962066240806708
38.0,explicit,0.3571428571428571,0.07142857142857142,0.09263797844486346
38.0,explicit,0.3571428571428571,0.14285714285714285,0.19841894443235408
38.0,explicit,0.3571428571428571,0.21428571428571427,0.30096274165577663
38.0,explicit,0.3571428571428571,0.2857142857142857,0.40083581764270254
38.0,explicit,0.3571428571428571,0.3571428571428571,0.49557453912451965
38.0,explicit,0.3571428571428571,0.42857142857142855,0.5729525552095843
38.0,explicit,0.3571428571428571,0.5,0.6062966298204485
38.0,explicit,0.3571428571428571,0.5714285714285714,0.5729525552095843
38.0,explicit,0.3571428571428571,0.6428571428571428,0.49557453912451976
38.0,explicit,0.3571428571428571,0.7142857142857142,0.40083581764270265
38.0,explicit,0.3571428571428571,0.7857142857142857,0.30096274165577674
38.0,explicit,0.3571428571428571,0.8571428571428571,0.19841894443235417
38.0,explicit,0.3571428571428571,0.9285714285714285,0.09263797844486352
38.0,explicit,0.3571428571428571,1.0,-0.11962066240806708
38.0,explicit,0.42857142857142855,0.0,-0.11962066240806708
38.0,explicit,0.42857142857142855,0.07142857142857142,0.10834448891395447
38.0,explicit,0.42857142857142855,0.14285714285714285,0.22982591897263757
38.0,explicit,0.42857142857142855,0.21428571428571427,0.3480437925795897
38.0,explicit,0.42857142857142855,0.2857142857142857,0.46343688682658124
38.0,explicit,0.42857142857142855,0.3571428571428571,0.5729525552095843
38.0,explicit,0.42857142857142855,0.42857142857142855,0.6623967547016296
38.0,explicit,0.42857142857142855,0.5,0.7009339605748918
38.0,explicit,0.42857142857142855,0.5714285714285714,0.6623967547016297
38.0,explicit,0.42857142857142855,0.6428571428571428,0.5729525552095844
38.0,explicit,0.42857142857142855,0.7142857142857142,0.46343688682658135
38.0,explicit,0.42857142857142855,0.7857142857142857,0.3480437925795898
38.0,explicit,0.42857142857142855,0.8571428571428571,0.22982591897263766
38.0,explicit,0.42857142857142855,0.9285714285714285,0.10834448891395455
38.0,explicit,0.42857142857142855,1.0,-0.11962066240806708
38.0,explicit,0.5,0.0,-0.11962066240806708
38.0,explicit,0.5,0.07142857142857142,0.11511276756471232
38.0,explicit,0.5,0.14285714285714285,0.24336081951336125
38.0,explicit,0.5,0.21428571428571427,0.36833415594217095
38.0,explicit,0.5,0.2857142857142857,0.49041549994911215
38.0,explicit,0.5,0.3571428571428571,0.6062966298204485
38.0,explicit,0.5,0.42857142857142855,0.7009339605748918
38.0,explicit,0.5,0.5,0.7417031243041157
38.0,explicit,0.5,0.5714285714285714,0.7009339605748919
38.0,explicit,0.5,0.6428571428571428,0.6062966298204487
38.0,explicit,0.5,0.7142857142857142,0.4904154999491123
38.0,explicit,0.5,0.7857142857142857,0.36833415594217106
38.0,explicit,0.5,0.8571428571428571,0.24336081951336133
38.0,explicit,0.5,0.9285714285714285,0.11511276756471236
38.0,explicit,0.5,1.0,-0.11962066240806708
38.0,explicit,0.5714285714285714,0.0,-0.11962066240806708
38.0,explicit,0.5714285714285714,0.07142857142857142,0.10834448891395448
38.0,explicit,0.5714285714285714,0.14285714285714285,0.2298259189726376
38.0,explicit,0.5714285714285714,0.21428571428571427,0.3480437925795897
38.0,explicit,0.5714285714285714,0.2857142857142857,0.46343688682658124
38.0,explicit,0.5714285714285714,0.3571428571428571,0.5729525552095843
38.0,explicit,0.5714285714285714,0.42857142857142855,0.6623967547016297
38.0,explicit,0.5714285714285714,0.5,0.7009339605748919
38.0,explicit,0.5714285714285714,0.5714285714285714,0.6623967547016298
38.0,explicit,0.5714285714285714,0.6428571428571428,0.5729525552095845
38.0,explicit,0.5714285714285714,0.7142857142857142,0.4634368868265814
38.0,explicit,0.5714285714285714,0.7857142857142857,0.3480437925795898
38.0,explicit,0.5714285714285714,0.8571428571428571,0.22982591897263766
38.0,explicit,0.5714285714285714,0.9285714285714285,0.10834448891395455
38.0,explicit,0.5714285714285714,1.0,-0.11962066240806708
38.0,explicit,0.6428571428571428,0.0,-0.11962066240806708
38.0,explicit,0.6428571428571428,0.07142857142857142,0.09263797844486348
38.0,explicit,0.6428571428571428,0.14285714285714285,0.19841894443235414
38.0,explicit,0.6428571428571428,0.21428571428571427,0.3009627416557767
38.0,explicit,0.6428571428571428,0.2857142857142857,0.4008358176427026
38.0,explicit,0.6428571428571428,0.3571428571428571,0.49557453912451976
38.0,explicit,0.6428571428571428,0.42857142857142855,0.5729525552095844
38.0,explicit,0.6428571428571428,0.5,0.6062966298204487
38.0,explicit,0.6428571428571428,0.5714285714285714,0.5729525552095845
38.0,explicit,0.6428571428571428,0.6428571428571428,0.49557453912452
38.0,explicit,0.6428571428571428,0.7142857142857142,0.40083581764270276
38.0,explicit,0.6428571428571428,0.7857142857142857,0.3009627416557768
38.0,explicit,0.6428571428571428,0.8571428571428571,0.1984189444323542
38.0,explicit,0.6428571428571428,0.9285714285714285,0.09263797844486353
38.0,explicit,0.6428571428571428,1.0,-0.11962066240806708
38.0,explicit,0.7142857142857142,0.0,-0.11962066240806708
38.0,explicit,0.7142857142857142,0.07142857142857142,0.07338291880138287
38.0,explicit,0.7142857142857142,0.14285714285714285,0.1599389128756058
38.0,explicit,0.7142857142857142,0.21428571428571427,0.24330186564653003
38.0,explicit,0.7142857142857142,0.2857142857142857,0.3241836066686721
38.0,explicit,0.7142857142857142,0.3571428571428571,0.40083581764270265
38.0,explicit,0.7142857142857142,0.42857142857142855,0.46343688682658135
38.0,explicit,0.7142857142857142,0.5,0.4904154999491123
38.0,explicit,0.7142857142857142,0.5714285714285714,0.4634368868265814
38.0,explicit,0.7142857142857142,0.6428571428571428,0.40083581764270276
38.0,explicit,0.7142857142857142,0.7142857142857142,0.32418360666867224
38.0,explicit,0.7142857142857142,0.7857142857142857,0.24330186564653014
38.0,explicit,0.7142857142857142,0.8571428571428571,0.15993891287560585
38.0,explicit,0.7142857142857142,0.9285714285714285,0.07338291880138291
38.0,explicit,0.7142857142857142,1.0,-0.11962066240806708
38.0,explicit,0.7857142857142857,0.0,-0.11962066240806708
38.0,explicit,0.7857142857142857,0.07142857142857142,0.05291094416657653
38.0,explicit,0.7857142857142857,0.14285714285714285,0.11916522547736864
38.0,explicit,0.7857142857142857,0.21428571428571427,0.18236268356659732
38.0,explicit,0.7857142857142857,0.2857142857142857,0.24330186564653006
38.0,explicit,0.7857142857142857,0.3571428571428571,0.30096274165577674
38.0,explicit,0.7857142857142857,0.42857142857142855,0.3480437925795898
38.0,explicit,0.7857142857142857,0.5,0.36833415594217106
38.0,explicit,0.7857142857142857,0.5714285714285714,0.3480437925795898
38.0,explicit,0.7857142857142857,0.6428571428571428,0.3009627416557768
38.0,explicit,0.7857142857142857,0.7142857142857142,0.24330186564653014
38.0,explicit,0.7857142857142857,0.7857142857142857,0.18236268356659735
38.0,explicit,0.7857142857142857,0.8571428571428571,0.11916522547736869
38.0,explicit,0.7857142857142857,0.9285714285714285,0.052910944166576566
38.0,explicit,0.7857142857142857,1.0,-0.11962066240806708
38.0,explicit,0.8571428571428571,0.0,-0.11962066240806708
38.0,explicit,0.8571428571428571,0.07142857142857142,0.03130303292760845
38.0,explicit,0.8571428571428571,0.14285714285714285,0.0764929693987575
38.0,explicit,0.8571428571428571,0.21428571428571427,0.11916522547736866
38.0,explicit,0.8571428571428571,0.2857142857142857,0.15993891287560583
38.0,explicit,0.8571428571428571,0.3571428571428571,0.19841894443235417
38.0,explicit,0.8571428571428571,0.42857142857142855,0.22982591897263766
38.0,explicit,0.8571428571428571,0.5,0.24336081951336133
38.0,explicit,0.8571428571428571,0.5714285714285714,0.22982591897263768
38.0,explicit,0.8571428571428571,0.6428571428571428,0.19841894443235422
38.0,explicit,0.8571428571428571,0.7142857142857142,0.15993891287560585
38.0,explicit,0.8571428571428571,0.7857142857142857,0.11916522547736869
38.0,explicit,0.8571428571428571,0.8571428571428571,0.07649296939875751
38.0,explicit,0.8571428571428571,0.9285714285714285,0.03130303292760847
38.0,explicit,0.8571428571428571,1.0,-0.11962066240806708
38.0,explicit,0.9285714285714285,0.0,-0.11962066240806708
38.0,explicit,0.9285714285714285,0.07142857142857142,0.008418481570006959
38.0,explicit,0.9285714285714285,0.14285714285714285,0.03130303292760847
38.0,explicit,0.9285714285714285,0.21428571428571427,0.05291094416657656
38.0,explicit,0.9285714285714285,0.2857142857142857,0.0733829188013829
38.0,explicit,0.9285714285714285,0.3571428571428571,0.0926379784448635
38.0,explicit,0.9285714285714285,0.42857142857142855,0.10834448891395455
38.0,explicit,0.9285714285714285,0.5,0.11511276756471238
38.0,explicit,0.9285714285714285,0.5714285714285714,0.10834448891395457
38.0,explicit,0.9285714285714285,0.6428571428571428,0.09263797844486353
38.0,explicit,0.9285714285714285,0.7142857142857142,0.07338291880138291
38.0,explicit,0.9285714285714285,0.7857142857142857,0.052910944166576566
38.0,explicit,0.9285714285714285,0.8571428571428571,0.03130303292760848
38.0,explicit,0.9285714285714285,0.9285714285714285,0.008418481570006965
38.0,explicit,0.9285714285714285,1.0,-0.11962066240806708
38.0,explicit,1.0,0.0,-0.11962066240806708
38.0,explicit,1.0,0.07142857142857142,-0.11962066240806708
38.0,explicit,1.0,0.14285714285714285,-0.11962066240806708
38.0,explicit,1.0,0.21428571428571427,-0.11962066240806708
38.0,explicit,1.0,0.2857142857142857,-0.11962066240806708
38.0,explicit,1.0,0.3571428571428571,-0.11962066240806708
38.0,explicit,1.0,0.42857142857142855,-0.11962066240806708
38.0,explicit,1.0,0.5,-0.11962066240806708
38.0,explicit,1.0,0.5714285714285714,-0.11962066240806708
38.0,explicit,1.0,0.6428571428571428,-0.11962066240806708
38.0,explicit,1.0,0.7142857142857142,-0.11962066240806708
38.0,explicit,1.0,0.7857142857142857,-0.11962066240806708
38.0,explicit,1.0,0.8571428571428571,-0.11962066240806708
38.0,explicit,1.0,0.9285714285714285,-0.11962066240806708
38.0,explicit,1.0,1.0,-0.11962066240806708
39.0,explicit,0.0,0.0,0.1356240028570823
39.0,explicit,0.0,0.07142857142857142,0.1356240028570823
39.0,explicit,0.0,0.14285714285714285,0.1356240028570823
39.0,explicit,0.0,0.21428571428571427,0.1356240028570823
39.0,explicit,0.0,0.2857142857142857,0.1356240028570823
39.0,explicit,0.0,0.3571428571428571,0.1356240028570823
39.0,explicit,0.0,0.42857142857142855,0.1356240028570823
39.0,explicit,0.0,0.5,0.1356240028570823
39.0,explicit,0.0,0.5714285714285714,0.1356240028570823
39.0,explicit,0.0,0.6428571428571428,0.1356240028570823
39.0,explicit,0.0,0.7142857142857142,0.1356240028570823
39.0,explicit,0.0,0.7857142857142857,0.1356240028570823
39.0,explicit,0.0,0.8571428571428571,0.1356240028570823
39.0,explicit,0.0,0.9285714285714285,0.1356240028570823
39.0,explicit,0.0,1.0,0.1356240028570823
39.0,explicit,0.07142857142857142,0.0,0.1356240028570823
39.0,explicit,0.07142857142857142,0.07142857142857142,0.008277670208984424
39.0,explicit,0.07142857142857142,0.14285714285714285,0.03114274047502894
39.0,explicit,0.07142857142857142,0.21428571428571427,0.05275925799340448
39.0,explicit,0.07142857142857142,0.2857142857142857,0.07322392242287717
39.0,explicit,0.07142857142857142,0.3571428571428571,0.09241411039039703
39.0,explicit,0.07142857142857142,0.42857142857142855,0.10797356145467618
39.0,explicit,0.07142857142857142,0.5,0.11461743600930913
39.0,explicit,0.07142857142857142,0.5714285714285714,0.1079735614546762
39.0,explicit,0.07142857142857142,0.6428571428571428,0.09241411039039706
39.0,explicit,0.07142857142857142,0.7142857142857142,0.0732239224228772
39.0,explicit,0.07142857142857142,0.7857142857142857,0.05275925799340451
39.0,explicit,0.07142857142857142,0.8571428571428571,0.031142740475028952
39.0,explicit,0.07142857142857142,0.9285714285714285,0.008277670208984433
39.0,explicit,0.07142857142857142,1.0,0.1356240028570823
39.0,explicit,0.14285714285714285,0.0,0.1356240028570823
39.0,explicit,0.14285714285714285,0.07142857142857142,0.03114274047502892
39.0,explicit,0.14285714285714285,0.14285714285714285,0.0763168553299256
39.0,explicit,0.14285714285714285,0.21428571428571427,0.11901026973622898
39.0,explicit,0.14285714285714285,0.2857142857142857,0.15976863530984697
39.0,explicit,0.14285714285714285,0.3571428571428571,0.19811620725076362
39.0,explicit,0.14285714285714285,0.42857142857142855,0.22922811772236826
39.0,explicit,0.14285714285714285,0.5,0.24251396033576253
39.0,explicit,0.14285714285714285,0.5714285714285714,0.22922811772236829
39.0,explicit,0.14285714285714285,0.6428571428571428,0.19811620725076368
39.0,explicit,0.14285714285714285,0.7142857142857142,0.159768635309847
39.0,explicit,0.14285714285714285,0.7857142857142857,0.11901026973622901
39.0,explicit,0.14285714285714285,0.8571428571428571,0.07631685532992563
39.0,explicit,0.14285714285714285,0.9285714285714285,0.031142740475028942
39.0,explicit,0.14285714285714285,1.0,0.1356240028570823
39.0,explicit,0.21428571428571427,0.0,0.1356240028570823
39.0,explicit,0.21428571428571427,0.07142857142857142,0.05275925799340448
39.0,explicit,0.21428571428571427,0.14285714285714285,0.11901026973622898
39.0,explicit,0.21428571428571427,0.21428571428571427,0.18223835946269817
39.0,explicit,0.21428571428571427,0.2857142857142857,0.2431425049403861
39.0,explicit,0.21428571428571427,0.3571428571428571,0.3005976276390113
39.0,explicit,0.21428571428571427,0.42857142857142855,0.34723255484951027
39.0,explicit,0.21428571428571427,0.5,0.36714811195399966
39.0,explicit,0.21428571428571427,0.5714285714285714,0.34723255484951027
39.0,explicit,0.21428571428571427,0.6428571428571428,0.3005976276390114
39.0,explicit,0.21428571428571427,0.7142857142857142,0.24314250494038614
39.0,explicit,0.21428571428571427,0.7857142857142857,0.1822383594626982
39.0,explicit,0.21428571428571427,0.8571428571428571,0.11901026973622902
39.0,explicit,0.21428571428571427,0.9285714285714285,0.05275925799340452
39.0,explicit,0.21428571428571427,1.0,0.1356240028570823
39.0,explicit,0.2857142857142857,0.0,0.1356240028570823
39.0,explicit,0.2857142857142857,0.07142857142857142,0.07322392242287719
39.0,explicit,0.2857142857142857,0.14285714285714285,0.15976863530984697
39.0,explicit,0.2857142857142857,0.21428571428571427,0.2431425049403861
39.0,explicit,0.2857142857142857,0.2857142857142857,0.3239489308206916
39.0,explicit,0.2857142857142857,0.3571428571428571,0.4003064173576554
39.0,explicit,0.2857142857142857,0.42857142857142855,0.4622990179003989
39.0,explicit,0.2857142857142857,0.5,0.48877290434908377
39.0,explicit,0.2857142857142857,0.5714285714285714,0.4622990179003989
39.0,explicit,0.2857142857142857,0.6428571428571428,0.40030641735765543
39.0,explicit,0.2857142857142857,0.7142857142857142,0.3239489308206917
39.0,explicit,0.2857142857142857,0.7857142857142857,0.24314250494038617
39.0,explicit,0.2857142857142857,0.8571428571428571,0.15976863530984703
39.0,explicit,0.2857142857142857,0.9285714285714285,0.07322392242287723
39.0,explicit,0.2857142857142857,1.0,0.1356240028570823
39.0,explicit,0.3571428571428571,0.0,0.1356240028570823
39.0,explicit,0.3571428571428571,0.07142857142857142,0.09241411039039704
39.0,explicit,0.3571428571428571,0.14285714285714285,0.19811620725076362
39.0,explicit,0.3571428571428571,0.21428571428571427,0.3005976276390113
39.0,explicit,0.3571428571428571,0.2857142857142857,0.4003064173576554
39.0,explicit,0.3571428571428571,0.3571428571428571,0.49461844143586875
39.0,explicit,0.3571428571428571,0.42857142857142855,0.5711951304660566
39.0,explicit,0.3571428571428571,0.5,0.6038945434134775
39.0,explicit,0.3571428571428571,0.5714285714285714,0.5711951304660566
39.0,explicit,0.3571428571428571,0.6428571428571428,0.49461844143586886
39.0,explicit,0.3571428571428571,0.7142857142857142,0.4003064173576555
39.0,explicit,0.3571428571428571,0.7857142857142857,0.30059762763901143
39.0,explicit,0.3571428571428571,0.8571428571428571,0.1981162072507637
39.0,explicit,0.3571428571428571,0.9285714285714285,0.0924141103903971
39.0,explicit,0.3571428571428571,1.0,0.1356240028570823
39.0,explicit,0.42857142857142855,0.0,0.1356240028570823
39.0,explicit,0.42857142857142855,0.07142857142857142,0.10797356145467618
39.0,explicit,0.42857142857142855,0.14285714285714285,0.22922811772236826
39.0,explicit,0.42857142857142855,0.21428571428571427,0.34723255484951027
39.0,explicit,0.42857142857142855,0.2857142857142857,0.4622990179003989
39.0,explicit,0.42857142857142855,0.3571428571428571,0.5711951304660566
39.0,explicit,0.42857142857142855,0.42857142857142855,0.6596116244252357
39.0,explicit,0.42857142857142855,0.5,0.697360840130158
39.0,explicit,0.42857142857142855,0.5714285714285714,0.6596116244252358
39.0,explicit,0.42857142857142855,0.6428571428571428,0.5711951304660567
39.0,explicit,0.42857142857142855,0.7142857142857142,0.462299017900399
39.0,explicit,0.42857142857142855,0.7857142857142857,0.3472325548495104
39.0,explicit,0.42857142857142855,0.8571428571428571,0.22922811772236834
39.0,explicit,0.42857142857142855,0.9285714285714285,0.10797356145467626
39.0,explicit,0.42857142857142855,1.0,0.1356240028570823
39.0,explicit,0.5,0.0,0.1356240028570823
39.0,explicit,0.5,0.07142857142857142,0.11461743600930913
39.0,explicit,0.5,0.14285714285714285,0.24251396033576253
39.0,explicit,0.5,0.21428571428571427,0.36714811195399966
39.0,explicit,0.5,0.2857142857142857,0.4887729043490838
39.0,explicit,0.5,0.3571428571428571,0.6038945434134775
39.0,explicit,0.5,0.42857142857142855,0.697360840130158
39.0,explicit,0.5,0.5,0.7372610963787927
39.0,explicit,0.5,0.5714285714285714,0.6973608401301581
39.0,explicit,0.5,0.6428571428571428,0.6038945434134777
39.0,explicit,0.5,0.7142857142857142,0.488772904349084
39.0,explicit,0.5,0.7857142857142857,0.36714811195399977
39.0,explicit,0.5,0.8571428571428571,0.2425139603357626
39.0,explicit,0.5,0.9285714285714285,0.11461743600930917
39.0,explicit,0.5,1.0,0.1356240028570823
39.0,explicit,0.5714285714285714,0.0,0.1356240028570823
39.0,explicit,0.5714285714285714,0.07142857142857142,0.1079735614546762
39.0,explicit,0.5714285714285714,0.14285714285714285,0.22922811772236829
39.0,explicit,0.5714285714285714,0.21428571428571427,0.34723255484951027
39.0,explicit,0.5714285714285714,0.2857142857142857,0.4622990179003989
39.0,explicit,0.5714285714285714,0.3571428571428571,0.5711951304660566
39.0,explicit,0.5714285714285714,0.42857142857142855,0.6596116244252358
39.0,explicit,0.5714285714285714,0.5,0.6973608401301581
39.0,explicit,0.5714285714285714,0.5714285714285714,0.6596116244252359
39.0,explicit,0.5714285714285714,0.6428571428571428,0.5711951304660569
39.0,explicit,0.5714285714285714,0.7142857142857142,0.46229901790039907
39.0,explicit,0.5714285714285714,0.7857142857142857,0.3472325548495104
39.0,explicit,0.5714285714285714,0.8571428571428571,0.22922811772236834
39.0,explicit,0.5714285714285714,0.9285714285714285,0.10797356145467626
39.0,explicit,0.5714285714285714,1.0,0.1356240028570823
39.0,explicit,0.6428571428571428,0.0,0.1356240028570823
39.0,explicit,0.6428571428571428,0.07142857142857142,0.09241411039039706
39.0,explicit,0.6428571428571428,0.14285714285714285,0.19811620725076368
39.0,explicit,0.6428571428571428,0.21428571428571427,0.3005976276390114
39.0,explicit,0.6428571428571428,0.2857142857142857,0.40030641735765543
39.0,explicit,0.6428571428571428,0.3571428571428571,0.49461844143586886
39.0,explicit,0.6428571428571428,0.42857142857142855,0.5711951304660567
39.0,explicit,0.6428571428571428,0.5,0.6038945434134777
39.0,explicit,0.6428571428571428,0.5714285714285714,0.5711951304660569
39.0,explicit,0.6428571428571428,0.6428571428571428,0.49461844143586897
39.0,explicit,0.6428571428571428,0.7142857142857142,0.4003064173576556
39.0,explicit,0.6428571428571428,0.7857142857142857,0.3005976276390115
39.0,explicit,0.6428571428571428,0.8571428571428571,0.19811620725076373
39.0,explicit,0.6428571428571428,0.9285714285714285,0.09241411039039711
39.0,explicit,0.6428571428571428,1.0,0.1356240028570823
39.0,explicit,0.7142857142857142,0.0,0.1356240028570823
39.0,explicit,0.7142857142857142,0.07142857142857142,0.0732239224228772
39.0,explicit,0.7142857142857142,0.14285714285714285,0.159768635309847
39.0,explicit,0.7142857142857142,0.21428571428571427,0.24314250494038614
39.0,explicit,0.7142857142857142,0.2857142857142857,0.3239489308206917
39.0,explicit,0.7142857142857142,0.3571428571428571,0.4003064173576555
39.0,explicit,0.7142857142857142,0.42857142857142855,0.462299017900399
39.0,explicit,0.7142857142857142,0.5,0.488772904349084
39.0,explicit,0.7142857142857142,0.5714285714285714,0.46229901790039907
39.0,explicit,0.7142857142857142,0.6428571428571428,0.4003064173576556
39.0,explicit,0.7142857142857142,0.7142857142857142,0.3239489308206918
39.0,explicit,0.7142857142857142,0.7857142857142857,0.24314250494038625
39.0,explicit,0.7142857142857142,0.8571428571428571,0.15976863530984708
39.0,explicit,0.7142857142857142,0.9285714285714285,0.07322392242287724
39.0,explicit,0.7142857142857142,1.0,0.1356240028570823
39.0,explicit,0.7857142857142857,0.0,0.1356240028570823
39.0,explicit,0.7857142857142857,0.07142857142857142,0.052759257993404494
39.0,explicit,0.7857142857142857,0.14285714285714285,0.11901026973622901
39.0,explicit,0.7857142857142857,0.21428571428571427,0.1822383594626982
39.0,explicit,0.7857142857142857,0.2857142857142857,0.24314250494038617
39.0,explicit,0.7857142857142857,0.3571428571428571,0.30059762763901143
39.0,explicit,0.7857142857142857,0.42857142857142855,0.3472325548495104
39.0,explicit,0.7857142857142857,0.5,0.36714811195399977
39.0,explicit,0.7857142857142857,0.5714285714285714,0.3472325548495104
39.0,explicit,0.7857142857142857,0.6428571428571428,0.3005976276390115
39.0,explicit,0.7857142857142857,0.7142857142857142,0.24314250494038625
39.0,explicit,0.7857142857142857,0.7857142857142857,0.18223835946269823
39.0,explicit,0.7857142857142857,0.8571428571428571,0.11901026973622905
39.0,explicit,0.7857142857142857,0.9285714285714285,0.05275925799340453
39.0,explicit,0.7857142857142857,1.0,0.1356240028570823
39.0,explicit,0.8571428571428571,0.0,0.1356240028570823
39.0,explicit,0.8571428571428571,0.07142857142857142,0.031142740475028935
39.0,explicit,0.8571428571428571,0.14285714285714285,0.07631685532992563
39.0,explicit,0.8571428571428571,0.21428571428571427,0.11901026973622902
39.0,explicit,0.8571428571428571,0.2857142857142857,0.15976863530984703
39.0,explicit,0.8571428571428571,0.3571428571428571,0.1981162072507637
39.0,explicit,0.8571428571428571,0.42857142857142855,0.22922811772236834
39.0,explicit,0.8571428571428571,0.5,0.2425139603357626
39.0,explicit,0.8571428571428571,0.5714285714285714,0.22922811772236837
39.0,explicit,0.8571428571428571,0.6428571428571428,0.19811620725076376
39.0,explicit,0.8571428571428571,0.7142857142857142,0.15976863530984708
39.0,explicit,0.8571428571428571,0.7857142857142857,0.11901026973622905
39.0,explicit,0.8571428571428571,0.8571428571428571,0.07631685532992565
39.0,explicit,0.8571428571428571,0.9285714285714285,0.031142740475028956
39.0,explicit,0.8571428571428571,1.0,0.1356240028570823
39.0,explicit,0.9285714285714285,0.0,0.1356240028570823
39.0,explicit,0.9285714285714285,0.07142857142857142,0.008277670208984435
39.0,explicit,0.9285714285714285,0.14285714285714285,0.03114274047502896
39.0,explicit,0.9285714285714285,0.21428571428571427,0.05275925799340452
39.0,explicit,0.9285714285714285,0.2857142857142857,0.07322392242287723
39.0,explicit,0.9285714285714285,0.3571428571428571,0.09241411039039708
39.0,explicit,0.9285714285714285,0.42857142857142855,0.10797356145467626
39.0,explicit,0.9285714285714285,0.5,0.11461743600930918
39.0,explicit,0.9285714285714285,0.5714285714285714,0.10797356145467628
39.0,explicit,0.9285714285714285,0.6428571428571428,0.09241411039039711
39.0,explicit,0.9285714285714285,0.7142857142857142,0.07322392242287724
39.0,explicit,0.9285714285714285,0.7857142857142857,0.05275925799340453
39.0,explicit,0.9285714285714285,0.8571428571428571,0.031142740475028966
39.0,explicit,0.9285714285714285,0.9285714285714285,0.008277670208984442
39.0,explicit,0.9285714285714285,1.0,0.1356240028570823
39.0,explicit,1.0,0.0,0.1356240028570823
39.0,explicit,1.0,0.07142857142857142,0.1356240028570823
39.0,explicit,1.0,0.14285714285714285,0.1356240028570823
39.0,explicit,1.0,0.21428571428571427,0.1356240028570823
39.0,explicit,1.0,0.2857142857142857,0.1356240028570823
39.0,explicit,1.0,0.3571428571428571,0.1356240028570823
39.0,explicit,1.0,0.42857142857142855,0.1356240028570823
39.0,explicit,1.0,0.5,0.1356240028570823
39.0,explicit,1.0,0.5714285714285714,0.1356240028570823
39.0,explicit,1.0,0.6428571428571428,0.1356240028570823
39.0,explicit,1.0,0.7142857142857142,0.1356240028570823
39.0,explicit,1.0,0.7857142857142857,0.1356240028570823
39.0,explicit,1.0,0.8571428571428571,0.1356240028570823
39.0,explicit,1.0,0.9285714285714285,0.1356240028570823
39.0,explicit,1.0,1.0,0.1356240028570823
40.0,explicit,0.0,0.0,0.10035328978920242
40.0,explicit,0.0,0.07142857142857142,0.10035328978920242
40.0,explicit,0.0,0.14285714285714285,0.10035328978920242
40.0,explicit,0.0,0.21428571428571427,0.10035328978920242
40.0,explicit,0.0,0.2857142857142857,0.10035328978920242
40.0,explicit,0.0,0.3571428571428571,0.10035328978920242
40.0,explicit,0.0,0.42857142857142855,0.10035328978920242
40.0,explicit,0.0,0.5,0.10035328978920242
40.0,explicit,0.0,0.5714285714285714,0.10035328978920242
40.0,explicit,0.0,0.6428571428571428,0.10035328978920242
40.0,explicit,0.0,0.7142857142857142,0.10035328978920242
40.0,explicit,0.0,0.7857142857142857,0.10035328978920242
40.0,explicit,0.0,0.8571428571428571,0.10035328978920242
40.0,explicit,0.0,0.9285714285714285,0.10035328978920242
40.0,explicit,0.0,1.0,0.10035328978920242
40.0,explicit,0.07142857142857142,0.0,0.10035328978920242
40.0,explicit,0.07142857142857142,0.07142857142857142,0.012424080249963596
40.0,explicit,0.07142857142857142,0.14285714285714285,0.03322319578691308
40.0,explicit,0.07142857142857142,0.21428571428571427,0.054799356802107235
40.0,explicit,0.07142857142857142,0.2857142857142857,0.07525555310321604
40.0,explicit,0.07142857142857142,0.3571428571428571,0.0943801430275178
40.0,explicit,0.07142857142857142,0.42857142857142855,0.10979537795140136
40.0,explicit,0.07142857142857142,0.5,0.11632092740653233
40.0,explicit,0.07142857142857142,0.5714285714285714,0.10979537795140137
40.0,explicit,0.07142857142857142,0.6428571428571428,0.09438014302751782
40.0,explicit,0.07142857142857142,0.7142857142857142,0.07525555310321606
40.0,explicit,0.07142857142857142,0.7857142857142857,0.05479935680210726
40.0,explicit,0.07142857142857142,0.8571428571428571,0.033223195786913094
40.0,explicit,0.07142857142857142,0.9285714285714285,0.012424080249963606
40.0,explicit,0.07142857142857142,1.0,0.10035328978920242
40.0,explicit,0.14285714285714285,0.0,0.10035328978920242
40.0,explicit,0.14285714285714285,0.07142857142857142,0.03322319578691306
40.0,explicit,0.14285714285714285,0.14285714285714285,0.07623849571499065
40.0,explicit,0.14285714285714285,0.21428571428571427,0.1189031019173057
40.0,explicit,0.14285714285714285,0.2857142857142857,0.15964363004302792
40.0,explicit,0.14285714285714285,0.3571428571428571,0.1978573794037119
40.0,explicit,0.14285714285714285,0.42857142857142855,0.22867985190408124
40.0,explicit,0.14285714285714285,0.5,0.2417287728640848
40.0,explicit,0.14285714285714285,0.5714285714285714,0.22867985190408127
40.0,explicit,0.14285714285714285,0.6428571428571428,0.19785737940371195
40.0,explicit,0.14285714285714285,0.7142857142857142,0.15964363004302795
40.0,explicit,0.14285714285714285,0.7857142857142857,0.11890310191730573
40.0,explicit,0.14285714285714285,0.8571428571428571,0.07623849571499068
40.0,explicit,0.14285714285714285,0.9285714285714285,0.03322319578691308
40.0,explicit,0.14285714285714285,1.0,0.10035328978920242
40.0,explicit,0.21428571428571427,0.0,0.10035328978920242
40.0,explicit,0.21428571428571427,0.07142857142857142,0.054799356802107235
40.0,explicit,0.21428571428571427,0.14285714285714285,0.1189031019173057
40.0,explicit,0.21428571428571427,0.21428571428571427,0.18211043966716262
40.0,explicit,0.21428571428571427,0.2857142857142857,0.24297611108903633
40.0,explicit,0.21428571428571427,0.3571428571428571,0.3002232049686946
40.0,explicit,0.21428571428571427,0.42857142857142855,0.3464202316929092
40.0,explicit,0.21428571428571427,0.5,0.3659791213654008
40.0,explicit,0.21428571428571427,0.5714285714285714,0.3464202316929092
40.0,explicit,0.21428571428571427,0.6428571428571428,0.30022320496869465
40.0,explicit,0.21428571428571427,0.7142857142857142,0.24297611108903636
40.0,explicit,0.21428571428571427,0.7857142857142857,0.18211043966716264
40.0,explicit,0.21428571428571427,0.8571428571428571,0.11890310191730574
40.0,explicit,0.21428571428571427,0.9285714285714285,0.05479935680210727
40.0,explicit,0.21428571428571427,1.0,0.10035328978920242
40.0,explicit,0.2857142857142857,0.0,0.10035328978920242
40.0,explicit,0.2857142857142857,0.07142857142857142,0.07525555310321605
40.0,explicit,0.2857142857142857,0.14285714285714285,0.15964363004302792
40.0,explicit,0.2857142857142857,0.21428571428571427,0.24297611108903633
40.0,explicit,0.2857142857142857,0.2857142857142857,0.3237022538854933
40.0,explicit,0.2857142857142857,0.3571428571428571,0.39976134779325917
40.0,explicit,0.2857142857142857,0.42857142857142855,0.4611560792164223
40.0,explicit,0.2857142857142857,0.5,0.48714934011945454
40.0,explicit,0.2857142857142857,0.5714285714285714,0.4611560792164223
40.0,explicit,0.2857142857142857,0.6428571428571428,0.3997613477932592
40.0,explicit,0.2857142857142857,0.7142857142857142,0.3237022538854934
40.0,explicit,0.2857142857142857,0.7857142857142857,0.24297611108903638
40.0,explicit,0.2857142857142857,0.8571428571428571,0.15964363004302798
40.0,explicit,0.2857142857142857,0.9285714285714285,0.07525555310321609
40.0,explicit,0.2857142857142857,1.0,0.10035328978920242
40.0,explicit,0.3571428571428571,0.0,0.10035328978920242
40.0,explicit,0.3571428571428571,0.07142857142857142,0.09438014302751781
40.0,explicit,0.3571428571428571,0.14285714285714285,0.1978573794037119
40.0,explicit,0.3571428571428571,0.21428571428571427,0.3002232049686946
40.0,explicit,0.3571428571428571,0.2857142857142857,0.39976134779325917
40.0,explicit,0.3571428571428571,0.3571428571428571,0.4936420756063621
40.0,explicit,0.3571428571428571,0.42857142857142855,0.5694310855431415
40.0,explicit,0.3571428571428571,0.5,0.6015162284599187
40.0,explicit,0.3571428571428571,0.5714285714285714,0.5694310855431415
40.0,explicit,0.3571428571428571,0.6428571428571428,0.4936420756063622
40.0,explicit,0.3571428571428571,0.7142857142857142,0.3997613477932593
40.0,explicit,0.3571428571428571,0.7857142857142857,0.3002232049686947
40.0,explicit,0.3571428571428571,0.8571428571428571,0.19785737940371198
40.0,explicit,0.3571428571428571,0.9285714285714285,0.09438014302751785
40.0,explicit,0.3571428571428571,1.0,0.10035328978920242
40.0,explicit,0.42857142857142855,0.0,0.10035328978920242
40.0,explicit,0.42857142857142855,0.07142857142857142,0.10979537795140136
40.0,explicit,0.42857142857142855,0.14285714285714285,0.22867985190408124
40.0,explicit,0.42857142857142855,0.21428571428571427,0.3464202316929092
40.0,explicit,0.42857142857142855,0.2857142857142857,0.4611560792164223
40.0,explicit,0.42857142857142855,0.3571428571428571,0.5694310855431415
40.0,explicit,0.42857142857142855,0.42857142857142855,0.656839874589296
40.0,explicit,0.42857142857142855,0.5,0.6938387422668133
40.0,explicit,0.42857142857142855,0.5714285714285714,0.6568398745892962
40.0,explicit,0.42857142857142855,0.6428571428571428,0.5694310855431416
40.0,explicit,0.42857142857142855,0.7142857142857142,0.46115607921642243
40.0,explicit,0.42857142857142855,0.7857142857142857,0.3464202316929093
40.0,explicit,0.42857142857142855,0.8571428571428571,0.22867985190408133
40.0,explicit,0.42857142857142855,0.9285714285714285,0.10979537795140144
40.0,explicit,0.42857142857142855,1.0,0.10035328978920242
40.0,explicit,0.5,0.0,0.10035328978920242
40.0,explicit,0.5,0.07142857142857142,0.11632092740653233
40.0,explicit,0.5,0.14285714285714285,0.2417287728640848
40.0,explicit,0.5,0.21428571428571427,0.36597912136540084
40.0,explicit,0.5,0.2857142857142857,0.4871493401194546
40.0,explicit,0.5,0.3571428571428571,0.6015162284599187
40.0,explicit,0.5,0.42857142857142855,0.6938387422668133
40.0,explicit,0.5,0.5,0.7329130562544741
40.0,explicit,0.5,0.5714285714285714,0.6938387422668134
40.0,explicit,0.5,0.6428571428571428,0.6015162284599189
40.0,explicit,0.5,0.7142857142857142,0.48714934011945477
40.0,explicit,0.5,0.7857142857142857,0.36597912136540095
40.0,explicit,0.5,0.8571428571428571,0.2417287728640849
40.0,explicit,0.5,0.9285714285714285,0.11632092740653237
40.0,explicit,0.5,1.0,0.10035328978920242
40.0,explicit,0.5714285714285714,0.0,0.10035328978920242
40.0,explicit,0.5714285714285714,0.07142857142857142,0.10979537795140137
40.0,explicit,0.5714285714285714,0.14285714285714285,0.22867985190408127
40.0,explicit,0.5714285714285714,0.21428571428571427,0.3464202316929092
40.0,explicit,0.5714285714285714,0.2857142857142857,0.4611560792164223
40.0,explicit,0.5714285714285714,0.3571428571428571,0.5694310855431415
40.0,explicit,0.5714285714285714,0.42857142857142855,0.6568398745892962
40.0,explicit,0.5714285714285714,0.5,0.6938387422668134
40.0,explicit,0.5714285714285714,0.5714285714285714,0.6568398745892963
40.0,explicit,0.5714285714285714,0.6428571428571428,0.5694310855431417
40.0,explicit,0.5714285714285714,0.7142857142857142,0.4611560792164225
40.0,explicit,0.5714285714285714,0.7857142857142857,0.3464202316929093
40.0,explicit,0.5714285714285714,0.8571428571428571,0.22867985190408133
40.0,explicit,0.5714285714285714,0.9285714285714285,0.10979537795140144
40.0,explicit,0.5714285714285714,1.0,0.10035328978920242
40.0,explicit,0.6428571428571428,0.0,0.10035328978920242
40.0,explicit,0.6428571428571428,0.07142857142857142,0.09438014302751782
40.0,explicit,0.6428571428571428,0.14285714285714285,0.19785737940371195
40.0,explicit,0.6428571428571428,0.21428571428571427,0.30022320496869465
40.0,explicit,0.6428571428571428,0.2857142857142857,0.3997613477932592
40.0,explicit,0.6428571428571428,0.3571428571428571,0.4936420756063622
40.0,explicit,0.6428571428571428,0.42857142857142855,0.5694310855431416
40.0,explicit,0.6428571428571428,0.5,0.6015162284599189
40.0,explicit,0.6428571428571428,0.5714285714285714,0.5694310855431417
40.0,explicit,0.6428571428571428,0.6428571428571428,0.4936420756063623
40.0,explicit,0.6428571428571428,0.7142857142857142,0.3997613477932594
40.0,explicit,0.6428571428571428,0.7857142857142857,0.30022320496869476
40.0,explicit,0.6428571428571428,0.8571428571428571,0.197857379403712
40.0,explicit,0.6428571428571428,0.9285714285714285,0.09438014302751788
40.0,explicit,0.6428571428571428,1.0,0.10035328978920242
40.0,explicit,0.7142857142857142,0.0,0.10035328978920242
40.0,explicit,0.7142857142857142,0.07142857142857142,0.07525555310321606
40.0,explicit,0.7142857142857142,0.14285714285714285,0.15964363004302795
40.0,explicit,0.7142857142857142,0.21428571428571427,0.24297611108903636
40.0,explicit,0.7142857142857142,0.2857142857142857,0.3237022538854934
40.0,explicit,0.7142857142857142,0.3571428571428571,0.3997613477932593
40.0,explicit,0.7142857142857142,0.42857142857142855,0.46115607921642243
40.0,explicit,0.7142857142857142,0.5,0.48714934011945477
40.0,explicit,0.7142857142857142,0.5714285714285714,0.4611560792164225
40.0,explicit,0.7142857142857142,0.6428571428571428,0.3997613477932594
40.0,explicit,0.7142857142857142,0.7142857142857142,0.3237022538854935
40.0,explicit,0.7142857142857142,0.7857142857142857,0.24297611108903647
40.0,explicit,0.7142857142857142,0.8571428571428571,0.15964363004302803
40.0,explicit,0.7142857142857142,0.9285714285714285,0.0752555531032161
40.0,explicit,0.7142857142857142,1.0,0.10035328978920242
40.0,explicit,0.7857142857142857,0.0,0.10035328978920242
40.0,explicit,0.7857142857142857,0.07142857142857142,0.05479935680210725
40.0,explicit,0.7857142857142857,0.14285714285714285,0.11890310191730573
40.0,explicit,0.7857142857142857,0.21428571428571427,0.18211043966716264
40.0,explicit,0.7857142857142857,0.2857142857142857,0.24297611108903638
40.0,explicit,0.7857142857142857,0.3571428571428571,0.3002232049686947
40.0,explicit,0.7857142857142857,0.42857142857142855,0.3464202316929093
40.0,explicit,0.7857142857142857,0.5,0.36597912136540095
40.0,explicit,0.7857142857142857,0.5714285714285714,0.3464202316929093
40.0,explicit,0.7857142857142857,0.6428571428571428,0.30022320496869476
40.0,explicit,0.7857142857142857,0.7142857142857142,0.24297611108903647
40.0,explicit,0.7857142857142857,0.7857142857142857,0.18211043966716267
40.0,explicit,0.7857142857142857,0.8571428571428571,0.11890310191730576
40.0,explicit,0.7857142857142857,0.9285714285714285,0.05479935680210728
40.0,explicit,0.7857142857142857,1.0,0.10035328978920242
40.0,explicit,0.8571428571428571,0.0,0.10035328978920242
40.0,explicit,0.8571428571428571,0.07142857142857142,0.03322319578691307
40.0,explicit,0.8571428571428571,0.14285714285714285,0.07623849571499068
40.0,explicit,0.8571428571428571,0.21428571428571427,0.11890310191730574
40.0,explicit,0.8571428571428571,0.2857142857142857,0.15964363004302798
40.0,explicit,0.8571428571428571,0.3571428571428571,0.19785737940371198
40.0,explicit,0.8571428571428571,0.42857142857142855,0.22867985190408133
40.0,explicit,0.8571428571428571,0.5,0.2417287728640849
40.0,explicit,0.8571428571428571,0.5714285714285714,0.22867985190408135
40.0,explicit,0.8571428571428571,0.6428571428571428,0.19785737940371204
40.0,explicit,0.8571428571428571,0.7142857142857142,0.15964363004302803
40.0,explicit,0.8571428571428571,0.7857142857142857,0.11890310191730576
40.0,explicit,0.8571428571428571,0.8571428571428571,0.07623849571499071
40.0,explicit,0.8571428571428571,0.9285714285714285,0.033223195786913094
40.0,explicit,0.8571428571428571,1.0,0.10035328978920242
40.0,explicit,0.9285714285714285,0.0,0.10035328978920242
40.0,explicit,0.9285714285714285,0.07142857142857142,0.012424080249963606
40.0,explicit,0.9285714285714285,0.14285714285714285,0.0332231957869131
40.0,explicit,0.9285714285714285,0.21428571428571427,0.05479935680210728
40.0,explicit,0.9285714285714285,0.2857142857142857,0.07525555310321609
40.0,explicit,0.9285714285714285,0.3571428571428571,0.09438014302751785
40.0,explicit,0.9285714285714285,0.42857142857142855,0.10979537795140144
40.0,explicit,0.9285714285714285,0.5,0.11632092740653238
40.0,explicit,0.9285714285714285,0.5714285714285714,0.10979537795140146
40.0,explicit,0.9285714285714285,0.6428571428571428,0.09438014302751788
40.0,explicit,0.9285714285714285,0.7142857142857142,0.0752555531032161
40.0,explicit,0.9285714285714285,0.7857142857142857,0.054799356802107284
40.0,explicit,0.9285714285714285,0.8571428571428571,0.03322319578691311
40.0,explicit,0.9285714285714285,0.9285714285714285,0.012424080249963613
40.0,explicit,0.9285714285714285,1.0,0.10035328978920242
40.0,explicit,1.0,0.0,0.10035328978920242
40.0,explicit,1.0,0.07142857142857142,0.10035328978920242
40.0,explicit,1.0,0.14285714285714285,0.10035328978920242
40.0,explicit,1.0,0.21428571428571427,0.10035328978920242
40.0,explicit,1.0,0.2857142857142857,0.10035328978920242
40.0,explicit,1.0,0.3571428571428571,0.10035328978920242
40.0,explicit,1.0,0.42857142857142855,0.10035328978920242
40.0,explicit,1.0,0.5,0.10035328978920242
40.0,explicit,1.0,0.5714285714285714,0.10035328978920242
40.0,explicit,1.0,0.6428571428571428,0.10035328978920242
40.0,explicit,1.0,0.7142857142857142,0.10035328978920242
40.0,explicit,1.0,0.7857142857142857,0.10035328978920242
40.0,explicit,1.0,0.8571428571428571,0.10035328978920242
40.0,explicit,1.0,0.9285714285714285,0.10035328978920242
40.0,explicit,1.0,1.0,0.10035328978920242
41.0,explicit,0.0,0.0,0.036163602504763415
41.0,explicit,0.0,0.07142857142857142,0.036163602504763415
41.0,explicit,0.0,0.14285714285714285,0.036163602504763415
41.0,explicit,0.0,0.21428571428571427,0.036163602504763415
41.0,explicit,0.0,0.2857142857142857,0.036163602504763415
41.0,explicit,0.0,0.3571428571428571,0.036163602504763415
41.0,explicit,0.0,0.42857142857142855,0.036163602504763415
41.0,explicit,0.0,0.5,0.036163602504763415
41.0,explicit,0.0,0.5714285714285714,0.036163602504763415
41.0,explicit,0.0,0.6428571428571428,0.036163602504763415
41.0,explicit,0.0,0.7142857142857142,0.036163602504763415
41.0,explicit,0.0,0.7857142857142857,0.036163602504763415
41.0,explicit,0.0,0.8571428571428571,0.036163602504763415
41.0,explicit,0.0,0.9285714285714285,0.036163602504763415
41.0,explicit,0.0,1.0,0.036163602504763415
41.0,explicit,0.07142857142857142,0.0,0.036163602504763415
41.0,explicit,0.07142857142857142,0.07142857142857142,0.015401788965587741
41.0,explicit,0.07142857142857142,0.14285714285714285,0.034742094907054356
41.0,explicit,0.07142857142857142,0.21428571428571427,0.05628560104850538
41.0,explicit,0.07142857142857142,0.2857142857142857,0.07673654586812377
41.0,explicit,0.07142857142857142,0.3571428571428571,0.09582809130071772
41.0,explicit,0.07142857142857142,0.42857142857142855,0.11117228066703569
41.0,explicit,0.07142857142857142,0.5,0.11764081663296375
41.0,explicit,0.07142857142857142,0.5714285714285714,0.1111722806670357
41.0,explicit,0.07142857142857142,0.6428571428571428,0.09582809130071775
41.0,explicit,0.07142857142857142,0.7142857142857142,0.0767365458681238
41.0,explicit,0.07142857142857142,0.7857142857142857,0.056285601048505406
41.0,explicit,0.07142857142857142,0.8571428571428571,0.03474209490705437
41.0,explicit,0.07142857142857142,0.9285714285714285,0.015401788965587752
41.0,explicit,0.07142857142857142,1.0,0.036163602504763415
41.0,explicit,0.14285714285714285,0.0,0.036163602504763415
41.0,explicit,0.14285714285714285,0.07142857142857142,0.034742094907054336
41.0,explicit,0.14285714285714285,0.14285714285714285,0.07622889137533963
41.0,explicit,0.14285714285714285,0.21428571428571427,0.1188644800399023
41.0,explicit,0.14285714285714285,0.2857142857142857,0.1595945753544875
41.0,explicit,0.14285714285714285,0.3571428571428571,0.19774094917650112
41.0,explicit,0.14285714285714285,0.42857142857142855,0.22842080607378326
41.0,explicit,0.14285714285714285,0.5,0.24135555613301585
41.0,explicit,0.14285714285714285,0.5714285714285714,0.2284208060737833
41.0,explicit,0.14285714285714285,0.6428571428571428,0.19774094917650117
41.0,explicit,0.14285714285714285,0.7142857142857142,0.15959457535448754
41.0,explicit,0.14285714285714285,0.7857142857142857,0.11886448003990233
41.0,explicit,0.14285714285714285,0.8571428571428571,0.07622889137533966
41.0,explicit,0.14285714285714285,0.9285714285714285,0.034742094907054356
41.0,explicit,0.14285714285714285,1.0,0.036163602504763415
41.0,explicit,0.21428571428571427,0.0,0.036163602504763415
41.0,explicit,0.21428571428571427,0.07142857142857142,0.05628560104850538
41.0,explicit,0.21428571428571427,0.14285714285714285,0.1188644800399023
41.0,explicit,0.21428571428571427,0.21428571428571427,0.182046309182038
41.0,explicit,0.21428571428571427,0.2857142857142857,0.24289087117572863
41.0,explicit,0.21428571428571427,0.3571428571428571,0.3000331721654246
41.0,explicit,0.21428571428571427,0.42857142857142855,0.34601432442487273
41.0,explicit,0.21428571428571427,0.5,0.36540129088011997
41.0,explicit,0.21428571428571427,0.5714285714285714,0.34601432442487273
41.0,explicit,0.21428571428571427,0.6428571428571428,0.30003317216542463
41.0,explicit,0.21428571428571427,0.7142857142857142,0.24289087117572866
41.0,explicit,0.21428571428571427,0.7857142857142857,0.18204630918203804
41.0,explicit,0.21428571428571427,0.8571428571428571,0.11886448003990234
41.0,explicit,0.21428571428571427,0.9285714285714285,0.05628560104850541
41.0,explicit,0.21428571428571427,1.0,0.036163602504763415
41.0,explicit,0.2857142857142857,0.0,0.036163602504763415
41.0,explicit,0.2857142857142857,0.07142857142857142,0.07673654586812378
41.0,explicit,0.2857142857142857,0.14285714285714285,0.1595945753544875
41.0,explicit,0.2857142857142857,0.21428571428571427,0.24289087117572863
41.0,explicit,0.2857142857142857,0.2857142857142857,0.3235744388736979
41.0,explicit,0.2857142857142857,0.3571428571428571,0.39948307470331407
41.0,explicit,0.2857142857142857,0.42857142857142855,0.46058284418144724
41.0,explicit,0.2857142857142857,0.5,0.48634431044930165
41.0,explicit,0.2857142857142857,0.5714285714285714,0.46058284418144724
41.0,explicit,0.2857142857142857,0.6428571428571428,0.3994830747033141
41.0,explicit,0.2857142857142857,0.7142857142857142,0.323574438873698
41.0,explicit,0.2857142857142857,0.7857142857142857,0.2428908711757287
41.0,explicit,0.2857142857142857,0.8571428571428571,0.15959457535448757
41.0,explicit,0.2857142857142857,0.9285714285714285,0.07673654586812383
41.0,explicit,0.2857142857142857,1.0,0.036163602504763415
41.0,explicit,0.3571428571428571,0.0,0.036163602504763415
41.0,explicit,0.3571428571428571,0.07142857142857142,0.09582809130071773
41.0,explicit,0.3571428571428571,0.14285714285714285,0.19774094917650112
41.0,explicit,0.3571428571428571,0.21428571428571427,0.3000331721654246
41.0,explicit,0.3571428571428571,0.2857142857142857,0.39948307470331407
41.0,explicit,0.3571428571428571,0.3571428571428571,0.49314660337349914
41.0,explicit,0.3571428571428571,0.42857142857142855,0.5685469051667048
41.0,explicit,0.3571428571428571,0.5,0.6003356614576686
41.0,explicit,0.3571428571428571,0.5714285714285714,0.5685469051667048
41.0,explicit,0.3571428571428571,0.6428571428571428,0.49314660337349925
41.0,explicit,0.3571428571428571,0.7142857142857142,0.3994830747033142
41.0,explicit,0.3571428571428571,0.7857142857142857,0.3000331721654247
41.0,explicit,0.3571428571428571,0.8571428571428571,0.1977409491765012
41.0,explicit,0.3571428571428571,0.9285714285714285,0.09582809130071777
41.0,explicit,0.3571428571428571,1.0,0.036163602504763415
41.0,explicit,0.42857142857142855,0.0,0.036163602504763415
41.0,explicit,0.42857142857142855,0.07142857142857142,0.11117228066703569
41.0,explicit,0.42857142857142855,0.14285714285714285,0.22842080607378326
41.0,explicit,0.42857142857142855,0.21428571428571427,0.34601432442487273
41.0,explicit,0.42857142857142855,0.2857142857142857,0.46058284418144724
41.0,explicit,0.42857142857142855,0.3571428571428571,0.5685469051667048
41.0,explicit,0.42857142857142855,0.42857142857142855,0.6554593138006686
41.0,explicit,0.42857142857142855,0.5,0.6920963199038703
41.0,explicit,0.42857142857142855,0.5714285714285714,0.6554593138006687
41.0,explicit,0.42857142857142855,0.6428571428571428,0.5685469051667049
41.0,explicit,0.42857142857142855,0.7142857142857142,0.46058284418144735
41.0,explicit,0.42857142857142855,0.7857142857142857,0.34601432442487284
41.0,explicit,0.42857142857142855,0.8571428571428571,0.22842080607378334
41.0,explicit,0.42857142857142855,0.9285714285714285,0.11117228066703577
41.0,explicit,0.42857142857142855,1.0,0.036163602504763415
41.0,explicit,0.5,0.0,0.036163602504763415
41.0,explicit,0.5,0.07142857142857142,0.11764081663296375
41.0,explicit,0.5,0.14285714285714285,0.24135555613301585
41.0,explicit,0.5,0.21428571428571427,0.36540129088012
41.0,explicit,0.5,0.2857142857142857,0.4863443104493017
41.0,explicit,0.5,0.3571428571428571,0.6003356614576686
41.0,explicit,0.5,0.42857142857142855,0.6920963199038703
41.0,explicit,0.5,0.5,0.730772824162486
41.0,explicit,0.5,0.5714285714285714,0.6920963199038704
41.0,explicit,0.5,0.6428571428571428,0.6003356614576688
41.0,explicit,0.5,0.7142857142857142,0.4863443104493019
41.0,explicit,0.5,0.7857142857142857,0.36540129088012013
41.0,explicit,0.5,0.8571428571428571,0.24135555613301593
41.0,explicit,0.5,0.9285714285714285,0.11764081663296379
41.0,explicit,0.5,1.0,0.036163602504763415
41.0,explicit,0.5714285714285714,0.0,0.036163602504763415
41.0,explicit,0.5714285714285714,0.07142857142857142,0.1111722806670357
41.0,explicit,0.5714285714285714,0.14285714285714285,0.2284208060737833
41.0,explicit,0.5714285714285714,0.21428571428571427,0.34601432442487273
41.0,explicit,0.5714285714285714,0.2857142857142857,0.46058284418144724
41.0,explicit,0.5714285714285714,0.3571428571428571,0.5685469051667048
41.0,explicit,0.5714285714285714,0.42857142857142855,0.6554593138006687
41.0,explicit,0.5714285714285714,0.5,0.6920963199038704
41.0,explicit,0.5714285714285714,0.5714285714285714,0.6554593138006688
41.0,explicit,0.5714285714285714,0.6428571428571428,0.568546905166705
41.0,explicit,0.5714285714285714,0.7142857142857142,0.4605828441814474
41.0,explicit,0.5714285714285714,0.7857142857142857,0.34601432442487284
41.0,explicit,0.5714285714285714,0.8571428571428571,0.22842080607378334
41.0,explicit,0.5714285714285714,0.9285714285714285,0.11117228066703577
41.0,explicit,0.5714285714285714,1.0,0.036163602504763415
41.0,explicit,0.6428571428571428,0.0,0.036163602504763415
41.0,explicit,0.6428571428571428,0.07142857142857142,0.09582809130071775
41.0,explicit,0.6428571428571428,0.14285714285714285,0.19774094917650117
41.0,explicit,0.6428571428571428,0.21428571428571427,0.30003317216542463
41.0,explicit,0.6428571428571428,0.2857142857142857,0.3994830747033141
41.0,explicit,0.6428571428571428,0.3571428571428571,0.49314660337349925
41.0,explicit,0.6428571428571428,0.42857142857142855,0.5685469051667049
41.0,explicit,0.6428571428571428,0.5,0.6003356614576688
41.0,explicit,0.6428571428571428,0.5714285714285714,0.568546905166705
41.0,explicit,0.6428571428571428,0.6428571428571428,0.49314660337349936
41.0,explicit,0.6428571428571428,0.7142857142857142,0.3994830747033143
41.0,explicit,0.6428571428571428,0.7857142857142857,0.30003317216542474
41.0,explicit,0.6428571428571428,0.8571428571428571,0.19774094917650123
41.0,explicit,0.6428571428571428,0.9285714285714285,0.0958280913007178
41.0,explicit,0.6428571428571428,1.0,0.036163602504763415
41.0,explicit,0.7142857142857142,0.0,0.036163602504763415
41.0,explicit,0.7142857142857142,0.07142857142857142,0.0767365458681238
41.0,explicit,0.7142857142857142,0.14285714285714285,0.15959457535448754
41.0,explicit,0.7142857142857142,0.21428571428571427,0.24289087117572866
41.0,explicit,0.7142857142857142,0.2857142857142857,0.323574438873698
41.0,explicit,0.7142857142857142,0.3571428571428571,0.3994830747033142
41.0,explicit,0.7142857142857142,0.42857142857142855,0.46058284418144735
41.0,explicit,0.7142857142857142,0.5,0.4863443104493019
41.0,explicit,0.7142857142857142,0.5714285714285714,0.4605828441814474
41.0,explicit,0.7142857142857142,0.6428571428571428,0.3994830747033143
41.0,explicit,0.7142857142857142,0.7142857142857142,0.32357443887369813
41.0,explicit,0.7142857142857142,0.7857142857142857,0.24289087117572875
41.0,explicit,0.7142857142857142,0.8571428571428571,0.15959457535448762
41.0,explicit,0.7142857142857142,0.9285714285714285,0.07673654586812384
41.0,explicit,0.7142857142857142,1.0,0.036163602504763415
41.0,explicit,0.7857142857142857,0.0,0.036163602504763415
41.0,explicit,0.7857142857142857,0.07142857142857142,0.05628560104850539
41.0,explicit,0.7857142857142857,0.14285714285714285,0.11886448003990233
41.0,explicit,0.7857142857142857,0.21428571428571427,0.18204630918203804
41.0,explicit,0.7857142857142857,0.2857142857142857,0.2428908711757287
41.0,explicit,0.7857142857142857,0.3571428571428571,0.3000331721654247
41.0,explicit,0.7857142857142857,0.42857142857142855,0.34601432442487284
41.0,explicit,0.7857142857142857,0.5,0.36540129088012013
41.0,explicit,0.7857142857142857,0.5714285714285714,0.34601432442487284
41.0,explicit,0.7857142857142857,0.6428571428571428,0.30003317216542474
41.0,explicit,0.7857142857142857,0.7142857142857142,0.24289087117572875
41.0,explicit,0.7857142857142857,0.7857142857142857,0.18204630918203807
41.0,explicit,0.7857142857142857,0.8571428571428571,0.11886448003990235
41.0,explicit,0.7857142857142857,0.9285714285714285,0.05628560104850542
41.0,explicit,0.7857142857142857,1.0,0.036163602504763415
41.0,explicit,0.8571428571428571,0.0,0.036163602504763415
41.0,explicit,0.8571428571428571,0.07142857142857142,0.03474209490705435
41.0,explicit,0.8571428571428571,0.14285714285714285,0.07622889137533966
41.0,explicit,0.8571428571428571,0.21428571428571427,0.11886448003990234
41.0,explicit,0.8571428571428571,0.2857142857142857,0.15959457535448757
41.0,explicit,0.8571428571428571,0.3571428571428571,0.1977409491765012
41.0,explicit,0.8571428571428571,0.42857142857142855,0.22842080607378334
41.0,explicit,0.8571428571428571,0.5,0.24135555613301593
41.0,explicit,0.8571428571428571,0.5714285714285714,0.22842080607378337
41.0,explicit,0.8571428571428571,0.6428571428571428,0.19774094917650126
41.0,explicit,0.8571428571428571,0.7142857142857142,0.15959457535448762
41.0,explicit,0.8571428571428571,0.7857142857142857,0.11886448003990235
41.0,explicit,0.8571428571428571,0.8571428571428571,0.07622889137533968
41.0,explicit,0.8571428571428571,0.9285714285714285,0.03474209490705437
41.0,explicit,0.8571428571428571,1.0,0.036163602504763415
41.0,explicit,0.9285714285714285,0.0,0.036163602504763415
41.0,explicit,0.9285714285714285,0.07142857142857142,0.015401788965587752
41.0,explicit,0.9285714285714285,0.14285714285714285,0.03474209490705438
41.0,explicit,0.9285714285714285,0.21428571428571427,0.05628560104850542
41.0,explicit,0.9285714285714285,0.2857142857142857,0.07673654586812383
41.0,explicit,0.9285714285714285,0.3571428571428571,0.09582809130071777
41.0,explicit,0.9285714285714285,0.42857142857142855,0.11117228066703577
41.0,explicit,0.9285714285714285,0.5,0.1176408166329638
41.0,explicit,0.9285714285714285,0.5714285714285714,0.11117228066703579
41.0,explicit,0.9285714285714285,0.6428571428571428,0.0958280913007178
41.0,explicit,0.9285714285714285,0.7142857142857142,0.07673654586812384
41.0,explicit,0.9285714285714285,0.7857142857142857,0.056285601048505426
41.0,explicit,0.9285714285714285,0.8571428571428571,0.034742094907054384
41.0,explicit,0.9285714285714285,0.9285714285714285,0.015401788965587759
41.0,explicit,0.9285714285714285,1.0,0.036163602504763415
41.0,explicit,1.0,0.0,0.036163602504763415
41.0,explicit,1.0,0.07142857142857142,0.036163602504763415
41.0,explicit,1.0,0.14285714285714285,0.036163602504763415
41.0,explicit,1.0,0.21428571428571427,0.036163602504763415
41.0,explicit,1.0,0.2857142857142857,0.036163602504763415
41.0,explicit,1.0,0.3571428571428571,0.036163602504763415
41.0,explicit,1.0,0.42857142857142855,0.036163602504763415
41.0,explicit,1.0,0.5,0.036163602504763415
41.0,explicit,1.0,0.5714285714285714,0.036163602504763415
41.0,explicit,1.0,0.6428571428571428,0.036163602504763415
41.0,explicit,1.0,0.7142857142857142,0.036163602504763415
41.0,explicit,1.0,0.7857142857142857,0.036163602504763415
41.0,explicit,1.0,0.8571428571428571,0.036163602504763415
41.0,explicit,1.0,0.9285714285714285,0.036163602504763415
41.0,explicit,1.0,1.0,0.036163602504763415
42.0,explicit,0.0,0.0,0.036139560550841394
42.0,explicit,0.0,0.07142857142857142,0.036139560550841394
42.0,explicit,0.0,0.14285714285714285,0.036139560550841394
42.0,explicit,0.0,0.21428571428571427,0.036139560550841394
42.0,explicit,0.0,0.2857142857142857,0.036139560550841394
42.0,explicit,0.0,0.3571428571428571,0.036139560550841394
42.0,explicit,0.0,0.42857142857142855,0.036139560550841394
42.0,explicit,0.0,0.5,0.036139560550841394
42.0,explicit,0.0,0.5714285714285714,0.036139560550841394
42.0,explicit,0.0,0.6428571428571428,0.036139560550841394
42.0,explicit,0.0,0.7142857142857142,0.036139560550841394
42.0,explicit,0.0,0.7857142857142857,0.036139560550841394
42.0,explicit,0.0,0.8571428571428571,0.036139560550841394
42.0,explicit,0.0,0.9285714285714285,0.036139560550841394
42.0,explicit,0.0,1.0,0.036139560550841394
42.0,explicit,0.07142857142857142,0.0,0.036139560550841394
42.0,explicit,0.07142857142857142,0.07142857142857142,0.014797908657588925
42.0,explicit,0.07142857142857142,0.14285714285714285,0.03458835511767338
42.0,explicit,0.07142857142857142,0.21428571428571427,0.056024711317243334
42.0,explicit,0.07142857142857142,0.2857142857142857,0.07646265711287228
42.0,explicit,0.07142857142857142,0.3571428571428571,0.09548764529645276
42.0,explicit,0.07142857142857142,0.42857142857142855,0.11069185658393275
42.0,explicit,0.07142857142857142,0.5,0.11705042086805016
42.0,explicit,0.07142857142857142,0.5714285714285714,0.11069185658393277
42.0,explicit,0.07142857142857142,0.6428571428571428,0.09548764529645279
42.0,explicit,0.07142857142857142,0.7142857142857142,0.07646265711287231
42.0,explicit,0.07142857142857142,0.7857142857142857,0.05602471131724336
42.0,explicit,0.07142857142857142,0.8571428571428571,0.03458835511767339
42.0,explicit,0.07142857142857142,0.9285714285714285,0.014797908657588935
42.0,explicit,0.07142857142857142,1.0,0.036139560550841394
42.0,explicit,0.14285714285714285,0.0,0.036139560550841394
42.0,explicit,0.14285714285714285,0.07142857142857142,0.03458835511767336
42.0,explicit,0.14285714285714285,0.14285714285714285,0.07630652037588974
42.0,explicit,0.14285714285714285,0.21428571428571427,0.11883669278452003
42.0,explicit,0.14285714285714285,0.2857142857142857,0.15954234423975538
42.0,explicit,0.14285714285714285,0.3571428571428571,0.19755309967557075
42.0,explicit,0.14285714285714285,0.42857142857142855,0.227951909859792
42.0,explicit,0.14285714285714285,0.5,0.24066641228770164
42.0,explicit,0.14285714285714285,0.5714285714285714,0.22795190985979202
42.0,explicit,0.14285714285714285,0.6428571428571428,0.1975530996755708
42.0,explicit,0.14285714285714285,0.7142857142857142,0.1595423442397554
42.0,explicit,0.14285714285714285,0.7857142857142857,0.11883669278452005
42.0,explicit,0.14285714285714285,0.8571428571428571,0.07630652037588977
42.0,explicit,0.14285714285714285,0.9285714285714285,0.03458835511767338
42.0,explicit,0.14285714285714285,1.0,0.036139560550841394
42.0,explicit,0.21428571428571427,0.0,0.036139560550841394
42.0,explicit,0.21428571428571427,0.07142857142857142,0.056024711317243334
42.0,explicit,0.21428571428571427,0.14285714285714285,0.11883669278452003
42.0,explicit,0.21428571428571427,0.21428571428571427,0.1819189385223654
42.0,explicit,0.21428571428571427,0.2857142857142857,0.24271696574345838
42.0,explicit,0.21428571428571427,0.3571428571428571,0.29964823796157136
42.0,explicit,0.21428571428571427,0.42857142857142855,0.3452037631649708
42.0,explicit,0.21428571428571427,0.5,0.3642589762050189
42.0,explicit,0.21428571428571427,0.5714285714285714,0.3452037631649708
42.0,explicit,0.21428571428571427,0.6428571428571428,0.2996482379615714
42.0,explicit,0.21428571428571427,0.7142857142857142,0.2427169657434584
42.0,explicit,0.21428571428571427,0.7857142857142857,0.18191893852236543
42.0,explicit,0.21428571428571427,0.8571428571428571,0.11883669278452007
42.0,explicit,0.21428571428571427,0.9285714285714285,0.05602471131724337
42.0,explicit,0.21428571428571427,1.0,0.036139560550841394
42.0,explicit,0.2857142857142857,0.0,0.036139560550841394
42.0,explicit,0.2857142857142857,0.07142857142857142,0.0764626571128723
42.0,explicit,0.2857142857142857,0.14285714285714285,0.15954234423975538
42.0,explicit,0.2857142857142857,0.21428571428571427,0.24271696574345838
42.0,explicit,0.2857142857142857,0.2857142857142857,0.3233099706770843
42.0,explicit,0.2857142857142857,0.3571428571428571,0.39891535633678893
42.0,explicit,0.2857142857142857,0.42857142857142855,0.45943312433195915
42.0,explicit,0.2857142857142857,0.5,0.48474707146949875
42.0,explicit,0.2857142857142857,0.5714285714285714,0.45943312433195915
42.0,explicit,0.2857142857142857,0.6428571428571428,0.398915356336789
42.0,explicit,0.2857142857142857,0.7142857142857142,0.3233099706770844
42.0,explicit,0.2857142857142857,0.7857142857142857,0.24271696574345844
42.0,explicit,0.2857142857142857,0.8571428571428571,0.15954234423975544
42.0,explicit,0.2857142857142857,0.9285714285714285,0.07646265711287234
42.0,explicit,0.2857142857142857,1.0,0.036139560550841394
42.0,explicit,0.3571428571428571,0.0,0.036139560550841394
42.0,explicit,0.3571428571428571,0.07142857142857142,0.09548764529645277
42.0,explicit,0.3571428571428571,0.14285714285714285,0.19755309967557075
42.0,explicit,0.3571428571428571,0.21428571428571427,0.29964823796157136
42.0,explicit,0.3571428571428571,0.2857142857142857,0.39891535633678893
42.0,explicit,0.3571428571428571,0.3571428571428571,0.49214168751960075
42.0,explicit,0.3571428571428571,0.42857142857142855,0.566774836400669
42.0,explicit,0.3571428571428571,0.5,0.5979911104492979
42.0,explicit,0.3571428571428571,0.5714285714285714,0.566774836400669
42.0,explicit,0.3571428571428571,0.6428571428571428,0.49214168751960086
42.0,explicit,0.3571428571428571,0.7142857142857142,0.39891535633678904
42.0,explicit,0.3571428571428571,0.7857142857142857,0.2996482379615715
42.0,explicit,0.3571428571428571,0.8571428571428571,0.19755309967557083
42.0,explicit,0.3571428571428571,0.9285714285714285,0.09548764529645282
42.0,explicit,0.3571428571428571,1.0,0.036139560550841394
42.0,explicit,0.42857142857142855,0.0,0.036139560550841394
42.0,explicit,0.42857142857142855,0.07142857142857142,0.11069185658393275
42.0,explicit,0.42857142857142855,0.14285714285714285,0.227951909859792
42.0,explicit,0.42857142857142855,0.21428571428571427,0.3452037631649708
42.0,explicit,0.42857142857142855,0.2857142857142857,0.45943312433195915
42.0,explicit,0.42857142857142855,0.3571428571428571,0.566774836400669
42.0,explicit,0.42857142857142855,0.42857142857142855,0.6527093405211322
42.0,explicit,0.42857142857142855,0.5,0.6886477543702939
42.0,explicit,0.42857142857142855,0.5714285714285714,0.6527093405211323
42.0,explicit,0.42857142857142855,0.6428571428571428,0.5667748364006691
42.0,explicit,0.42857142857142855,0.7142857142857142,0.45943312433195926
42.0,explicit,0.42857142857142855,0.7857142857142857,0.3452037631649709
42.0,explicit,0.42857142857142855,0.8571428571428571,0.22795190985979208
42.0,explicit,0.42857142857142855,0.9285714285714285,0.11069185658393284
42.0,explicit,0.42857142857142855,1.0,0.036139560550841394
42.0,explicit,0.5,0.0,0.036139560550841394
42.0,explicit,0.5,0.07142857142857142,0.11705042086805016
42.0,explicit,0.5,0.14285714285714285,0.24066641228770164
42.0,explicit,0.5,0.21428571428571427,0.36425897620501896
42.0,explicit,0.5,0.2857142857142857,0.48474707146949875
42.0,explicit,0.5,0.3571428571428571,0.5979911104492979
42.0,explicit,0.5,0.42857142857142855,0.6886477543702939
42.0,explicit,0.5,0.5,0.7265572004999217
42.0,explicit,0.5,0.5714285714285714,0.688647754370294
42.0,explicit,0.5,0.6428571428571428,0.5979911104492981
42.0,explicit,0.5,0.7142857142857142,0.4847470714694989
42.0,explicit,0.5,0.7857142857142857,0.36425897620501907
42.0,explicit,0.5,0.8571428571428571,0.24066641228770172
42.0,explicit,0.5,0.9285714285714285,0.1170504208680502
42.0,explicit,0.5,1.0,0.036139560550841394
42.0,explicit,0.5714285714285714,0.0,0.036139560550841394
42.0,explicit,0.5714285714285714,0.07142857142857142,0.11069185658393277
42.0,explicit,0.5714285714285714,0.14285714285714285,0.22795190985979202
42.0,explicit,0.5714285714285714,0.21428571428571427,0.3452037631649708
42.0,explicit,0.5714285714285714,0.2857142857142857,0.45943312433195915
42.0,explicit,0.5714285714285714,0.3571428571428571,0.566774836400669
42.0,explicit,0.5714285714285714,0.42857142857142855,0.6527093405211323
42.0,explicit,0.5714285714285714,0.5,0.688647754370294
42.0,explicit,0.5714285714285714,0.5714285714285714,0.6527093405211324
42.0,explicit,0.5714285714285714,0.6428571428571428,0.5667748364006692
42.0,explicit,0.5714285714285714,0.7142857142857142,0.4594331243319593
42.0,explicit,0.5714285714285714,0.7857142857142857,0.3452037631649709
42.0,explicit,0.5714285714285714,0.8571428571428571,0.22795190985979208
42.0,explicit,0.5714285714285714,0.9285714285714285,0.11069185658393284
42.0,explicit,0.5714285714285714,1.0,0.036139560550841394
42.0,explicit,0.6428571428571428,0.0,0.036139560550841394
42.0,explicit,0.6428571428571428,0.07142857142857142,0.09548764529645279
42.0,explicit,0.6428571428571428,0.14285714285714285,0.1975530996755708
42.0,explicit,0.6428571428571428,0.21428571428571427,0.2996482379615714
42.0,explicit,0.6428571428571428,0.2857142857142857,0.398915356336789
42.0,explicit,0.6428571428571428,0.3571428571428571,0.49214168751960086
42.0,explicit,0.6428571428571428,0.42857142857142855,0.5667748364006691
42.0,explicit,0.6428571428571428,0.5,0.5979911104492981
42.0,explicit,0.6428571428571428,0.5714285714285714,0.5667748364006692
42.0,explicit,0.6428571428571428,0.6428571428571428,0.49214168751960097
42.0,explicit,0.6428571428571428,0.7142857142857142,0.39891535633678915
42.0,explicit,0.6428571428571428,0.7857142857142857,0.29964823796157153
42.0,explicit,0.6428571428571428,0.8571428571428571,0.19755309967557086
42.0,explicit,0.6428571428571428,0.9285714285714285,0.09548764529645284
42.0,explicit,0.6428571428571428,1.0,0.036139560550841394
42.0,explicit,0.7142857142857142,0.0,0.036139560550841394
42.0,explicit,0.7142857142857142,0.07142857142857142,0.07646265711287231
42.0,explicit,0.7142857142857142,0.14285714285714285,0.1595423442397554
42.0,explicit,0.7142857142857142,0.21428571428571427,0.2427169657434584
42.0,explicit,0.7142857142857142,0.2857142857142857,0.3233099706770844
42.0,explicit,0.7142857142857142,0.3571428571428571,0.39891535633678904
42.0,explicit,0.7142857142857142,0.42857142857142855,0.45943312433195926
42.0,explicit,0.7142857142857142,0.5,0.4847470714694989
42.0,explicit,0.7142857142857142,0.5714285714285714,0.4594331243319593
42.0,explicit,0.7142857142857142,0.6428571428571428,0.39891535633678915
42.0,explicit,0.7142857142857142,0.7142857142857142,0.3233099706770845
42.0,explicit,0.7142857142857142,0.7857142857142857,0.2427169657434585
42.0,explicit,0.7142857142857142,0.8571428571428571,0.1595423442397555
42.0,explicit,0.7142857142857142,0.9285714285714285,0.07646265711287235
42.0,explicit,0.7142857142857142,1.0,0.036139560550841394
42.0,explicit,0.7857142857142857,0.0,0.036139560550841394
42.0,explicit,0.7857142857142857,0.07142857142857142,0.05602471131724335
42.0,explicit,0.7857142857142857,0.14285714285714285,0.11883669278452005
42.0,explicit,0.7857142857142857,0.21428571428571427,0.18191893852236543
42.0,explicit,0.7857142857142857,0.2857142857142857,0.24271696574345844
42.0,explicit,0.7857142857142857,0.3571428571428571,0.2996482379615715
42.0,explicit,0.7857142857142857,0.42857142857142855,0.3452037631649709
42.0,explicit,0.7857142857142857,0.5,0.36425897620501907
42.0,explicit,0.7857142857142857,0.5714285714285714,0.3452037631649709
42.0,explicit,0.7857142857142857,0.6428571428571428,0.29964823796157153
42.0,explicit,0.7857142857142857,0.7142857142857142,0.2427169657434585
42.0,explicit,0.7857142857142857,0.7857142857142857,0.18191893852236546
42.0,explicit,0.7857142857142857,0.8571428571428571,0.11883669278452008
42.0,explicit,0.7857142857142857,0.9285714285714285,0.05602471131724337
42.0,explicit,0.7857142857142857,1.0,0.036139560550841394
42.0,explicit,0.8571428571428571,0.0,0.036139560550841394
42.0,explicit,0.8571428571428571,0.07142857142857142,0.03458835511767337
42.0,explicit,0.8571428571428571,0.14285714285714285,0.07630652037588977
42.0,explicit,0.8571428571428571,0.21428571428571427,0.11883669278452007
42.0,explicit,0.8571428571428571,0.2857142857142857,0.15954234423975544
42.0,explicit,0.8571428571428571,0.3571428571428571,0.19755309967557083
42.0,explicit,0.8571428571428571,0.42857142857142855,0.22795190985979208
42.0,explicit,0.8571428571428571,0.5,0.24066641228770172
42.0,explicit,0.8571428571428571,0.5714285714285714,0.2279519098597921
42.0,explicit,0.8571428571428571,0.6428571428571428,0.1975530996755709
42.0,explicit,0.8571428571428571,0.7142857142857142,0.1595423442397555
42.0,explicit,0.8571428571428571,0.7857142857142857,0.11883669278452008
42.0,explicit,0.8571428571428571,0.8571428571428571,0.0763065203758898
42.0,explicit,0.8571428571428571,0.9285714285714285,0.03458835511767339
42.0,explicit,0.8571428571428571,1.0,0.036139560550841394
42.0,explicit,0.9285714285714285,0.0,0.036139560550841394
42.0,explicit,0.9285714285714285,0.07142857142857142,0.014797908657588935
42.0,explicit,0.9285714285714285,0.14285714285714285,0.0345883551176734
42.0,explicit,0.9285714285714285,0.21428571428571427,0.05602471131724337
42.0,explicit,0.9285714285714285,0.2857142857142857,0.07646265711287234
42.0,explicit,0.9285714285714285,0.3571428571428571,0.09548764529645282
42.0,explicit,0.9285714285714285,0.42857142857142855,0.11069185658393284
42.0,explicit,0.9285714285714285,0.5,0.11705042086805022
42.0,explicit,0.9285714285714285,0.5714285714285714,0.11069185658393285
42.0,explicit,0.9285714285714285,0.6428571428571428,0.09548764529645284
42.0,explicit,0.9285714285714285,0.7142857142857142,0.07646265711287235
42.0,explicit,0.9285714285714285,0.7857142857142857,0.056024711317243375
42.0,explicit,0.9285714285714285,0.8571428571428571,0.03458835511767341
42.0,explicit,0.9285714285714285,0.9285714285714285,0.014797908657588942
42.0,explicit,0.9285714285714285,1.0,0.036139560550841394
42.0,explicit,1.0,0.0,0.036139560550841394
42.0,explicit,1.0,0.07142857142857142,0.036139560550841394
42.0,explicit,1.0,0.14285714285714285,0.036139560550841394
42.0,explicit,1.0,0.21428571428571427,0.036139560550841394
42.0,explicit,1.0,0.2857142857142857,0.036139560550841394
42.0,explicit,1.0,0.3571428571428571,0.036139560550841394
42.0,explicit,1.0,0.42857142857142855,0.036139560550841394
42.0,explicit,1.0,0.5,0.036139560550841394
42.0,explicit,1.0,0.5714285714285714,0.036139560550841394
42.0,explicit,1.0,0.6428571428571428,0.036139560550841394
42.0,explicit,1.0,0.7142857142857142,0.036139560550841394
42.0,explicit,1.0,0.7857142857142857,0.036139560550841394
42.0,explicit,1.0,0.8571428571428571,0.036139560550841394
42.0,explicit,1.0,0.9285714285714285,0.036139560550841394
42.0,explicit,1.0,1.0,0.036139560550841394
43.0,explicit,0.0,0.0,-0.003582603910995154
43.0,explicit,0.0,0.07142857142857142,-0.003582603910995154
43.0,explicit,0.0,0.14285714285714285,-0.003582603910995154
43.0,explicit,0.0,0.21428571428571427,-0.003582603910995154
43.0,explicit,0.0,0.2857142857142857,-0.003582603910995154
43.0,explicit,0.0,0.3571428571428571,-0.003582603910995154
43.0,explicit,0.0,0.42857142857142855,-0.003582603910995154
43.0,explicit,0.0,0.5,-0.003582603910995154
43.0,explicit,0.0,0.5714285714285714,-0.003582603910995154
43.0,explicit,0.0,0.6428571428571428,-0.003582603910995154
43.0,explicit,0.0,0.7142857142857142,-0.003582603910995154
43.0,explicit,0.0,0.7857142857142857,-0.003582603910995154
43.0,explicit,0.0,0.8571428571428571,-0.003582603910995154
43.0,explicit,0.0,0.9285714285714285,-0.003582603910995154
43.0,explicit,0.0,1.0,-0.003582603910995154
43.0,explicit,0.07142857142857142,0.0,-0.003582603910995154
43.0,explicit,0.07142857142857142,0.07142857142857142,0.020228425682731487
43.0,explicit,0.07142857142857142,0.14285714285714285,0.037419554578618806
43.0,explicit,0.07142857142857142,0.21428571428571427,0.05876864199777416
43.0,explicit,0.07142857142857142,0.2857142857142857,0.07918979603761882
43.0,explicit,0.07142857142857142,0.3571428571428571,0.09814761537392998
43.0,explicit,0.07142857142857142,0.42857142857142855,0.11321464386386625
43.0,explicit,0.07142857142857142,0.5,0.11946834224405822
43.0,explicit,0.07142857142857142,0.5714285714285714,0.11321464386386626
43.0,explicit,0.07142857142857142,0.6428571428571428,0.09814761537393
43.0,explicit,0.07142857142857142,0.7142857142857142,0.07918979603761885
43.0,explicit,0.07142857142857142,0.7857142857142857,0.058768641997774186
43.0,explicit,0.07142857142857142,0.8571428571428571,0.03741955457861882
43.0,explicit,0.07142857142857142,0.9285714285714285,0.020228425682731498
43.0,explicit,0.07142857142857142,1.0,-0.003582603910995154
43.0,explicit,0.14285714285714285,0.0,-0.003582603910995154
43.0,explicit,0.14285714285714285,0.07142857142857142,0.037419554578618786
43.0,explicit,0.14285714285714285,0.14285714285714285,0.07636603973735943
43.0,explicit,0.14285714285714285,0.21428571428571427,0.11880211486766896
43.0,explicit,0.14285714285714285,0.2857142857142857,0.15947791991438087
43.0,explicit,0.14285714285714285,0.3571428571428571,0.19735195867900127
43.0,explicit,0.14285714285714285,0.42857142857142855,0.22747525998903298
43.0,explicit,0.14285714285714285,0.5,0.23997970447881345
43.0,explicit,0.14285714285714285,0.5714285714285714,0.227475259989033
43.0,explicit,0.14285714285714285,0.6428571428571428,0.19735195867900132
43.0,explicit,0.14285714285714285,0.7142857142857142,0.1594779199143809
43.0,explicit,0.14285714285714285,0.7857142857142857,0.11880211486766899
43.0,explicit,0.14285714285714285,0.8571428571428571,0.07636603973735946
43.0,explicit,0.14285714285714285,0.9285714285714285,0.037419554578618806
43.0,explicit,0.14285714285714285,1.0,-0.003582603910995154
43.0,explicit,0.21428571428571427,0.0,-0.003582603910995154
43.0,explicit,0.21428571428571427,0.07142857142857142,0.05876864199777416
43.0,explicit,0.21428571428571427,0.14285714285714285,0.11880211486766896
43.0,explicit,0.21428571428571427,0.21428571428571427,0.18179424952225948
43.0,explicit,0.21428571428571427,0.2857142857142857,0.24253932480088275
43.0,explicit,0.21428571428571427,0.3571428571428571,0.2992577687478255
43.0,explicit,0.21428571428571427,0.42857142857142855,0.3443957729651842
43.0,explicit,0.21428571428571427,0.5,0.3631344537121477
43.0,explicit,0.21428571428571427,0.5714285714285714,0.3443957729651842
43.0,explicit,0.21428571428571427,0.6428571428571428,0.29925776874782556
43.0,explicit,0.21428571428571427,0.7142857142857142,0.24253932480088278
43.0,explicit,0.21428571428571427,0.7857142857142857,0.1817942495222595
43.0,explicit,0.21428571428571427,0.8571428571428571,0.118802114867669
43.0,explicit,0.21428571428571427,0.9285714285714285,0.05876864199777419
43.0,explicit,0.21428571428571427,1.0,-0.003582603910995154
43.0,explicit,0.2857142857142857,0.0,-0.003582603910995154
43.0,explicit,0.2857142857142857,0.07142857142857142,0.07918979603761883
43.0,explicit,0.2857142857142857,0.14285714285714285,0.15947791991438087
43.0,explicit,0.2857142857142857,0.21428571428571427,0.24253932480088275
43.0,explicit,0.2857142857142857,0.2857142857142857,0.3230339219520126
43.0,explicit,0.2857142857142857,0.3571428571428571,0.39833316730587814
43.0,explicit,0.2857142857142857,0.42857142857142855,0.4582794443331071
43.0,explicit,0.2857142857142857,0.5,0.48316610120675435
43.0,explicit,0.2857142857142857,0.5714285714285714,0.4582794443331071
43.0,explicit,0.2857142857142857,0.6428571428571428,0.3983331673058782
43.0,explicit,0.2857142857142857,0.7142857142857142,0.3230339219520127
43.0,explicit,0.2857142857142857,0.7857142857142857,0.2425393248008828
43.0,explicit,0.2857142857142857,0.8571428571428571,0.15947791991438093
43.0,explicit,0.2857142857142857,0.9285714285714285,0.07918979603761887
43.0,explicit,0.2857142857142857,1.0,-0.003582603910995154
43.0,explicit,0.3571428571428571,0.0,-0.003582603910995154
43.0,explicit,0.3571428571428571,0.07142857142857142,0.09814761537392999
43.0,explicit,0.3571428571428571,0.14285714285714285,0.19735195867900127
43.0,explicit,0.3571428571428571,0.21428571428571427,0.2992577687478255
43.0,explicit,0.3571428571428571,0.2857142857142857,0.39833316730587814
43.0,explicit,0.3571428571428571,0.3571428571428571,0.49111893356730807
43.0,explicit,0.3571428571428571,0.42857142857142855,0.5649985831272796
43.0,explicit,0.3571428571428571,0.5,0.5956679339373836
43.0,explicit,0.3571428571428571,0.5714285714285714,0.5649985831272796
43.0,explicit,0.3571428571428571,0.6428571428571428,0.4911189335673082
43.0,explicit,0.3571428571428571,0.7142857142857142,0.39833316730587826
43.0,explicit,0.3571428571428571,0.7857142857142857,0.2992577687478256
43.0,explicit,0.3571428571428571,0.8571428571428571,0.19735195867900135
43.0,explicit,0.3571428571428571,0.9285714285714285,0.09814761537393003
43.0,explicit,0.3571428571428571,1.0,-0.003582603910995154
43.0,explicit,0.42857142857142855,0.0,-0.003582603910995154
43.0,explicit,0.42857142857142855,0.07142857142857142,0.11321464386386625
43.0,explicit,0.42857142857142855,0.14285714285714285,0.22747525998903298
43.0,explicit,0.42857142857142855,0.21428571428571427,0.3443957729651842
43.0,explicit,0.42857142857142855,0.2857142857142857,0.4582794443331071
43.0,explicit,0.42857142857142855,0.3571428571428571,0.5649985831272796
43.0,explicit,0.42857142857142855,0.42857142857142855,0.6499748371266019
43.0,explicit,0.42857142857142855,0.5,0.6852463131687927
43.0,explicit,0.42857142857142855,0.5714285714285714,0.649974837126602
43.0,explicit,0.42857142857142855,0.6428571428571428,0.5649985831272797
43.0,explicit,0.42857142857142855,0.7142857142857142,0.4582794443331072
43.0,explicit,0.42857142857142855,0.7857142857142857,0.3443957729651843
43.0,explicit,0.42857142857142855,0.8571428571428571,0.22747525998903306
43.0,explicit,0.42857142857142855,0.9285714285714285,0.11321464386386633
43.0,explicit,0.42857142857142855,1.0,-0.003582603910995154
43.0,explicit,0.5,0.0,-0.003582603910995154
43.0,explicit,0.5,0.07142857142857142,0.11946834224405822
43.0,explicit,0.5,0.14285714285714285,0.23997970447881345
43.0,explicit,0.5,0.21428571428571427,0.36313445371214775
43.0,explicit,0.5,0.2857142857142857,0.48316610120675435
43.0,explicit,0.5,0.3571428571428571,0.5956679339373836
43.0,explicit,0.5,0.42857142857142855,0.6852463131687927
43.0,explicit,0.5,0.5,0.7224246049543452
43.0,explicit,0.5,0.5714285714285714,0.6852463131687928
43.0,explicit,0.5,0.6428571428571428,0.5956679339373838
43.0,explicit,0.5,0.7142857142857142,0.4831661012067545
43.0,explicit,0.5,0.7857142857142857,0.36313445371214786
43.0,explicit,0.5,0.8571428571428571,0.23997970447881353
43.0,explicit,0.5,0.9285714285714285,0.11946834224405826
43.0,explicit,0.5,1.0,-0.003582603910995154
43.0,explicit,0.5714285714285714,0.0,-0.003582603910995154
43.0,explicit,0.5714285714285714,0.07142857142857142,0.11321464386386626
43.0,explicit,0.5714285714285714,0.14285714285714285,0.227475259989033
43.0,explicit,0.5714285714285714,0.21428571428571427,0.3443957729651842
43.0,explicit,0.5714285714285714,0.2857142857142857,0.4582794443331071
43.0,explicit,0.5714285714285714,0.3571428571428571,0.5649985831272796
43.0,explicit,0.5714285714285714,0.42857142857142855,0.649974837126602
43.0,explicit,0.5714285714285714,0.5,0.6852463131687928
43.0,explicit,0.5714285714285714,0.5714285714285714,0.6499748371266021
43.0,explicit,0.5714285714285714,0.6428571428571428,0.5649985831272798
43.0,explicit,0.5714285714285714,0.7142857142857142,0.4582794443331073
43.0,explicit,0.5714285714285714,0.7857142857142857,0.3443957729651843
43.0,explicit,0.5714285714285714,0.8571428571428571,0.22747525998903306
43.0,explicit,0.5714285714285714,0.9285714285714285,0.11321464386386633
43.0,explicit,0.5714285714285714,1.0,-0.003582603910995154
43.0,explicit,0.6428571428571428,0.0,-0.003582603910995154
43.0,explicit,0.6428571428571428,0.07142857142857142,0.09814761537393
43.0,explicit,0.6428571428571428,0.14285714285714285,0.19735195867900132
43.0,explicit,0.6428571428571428,0.21428571428571427,0.29925776874782556
43.0,explicit,0.6428571428571428,0.2857142857142857,0.3983331673058782
43.0,explicit,0.6428571428571428,0.3571428571428571,0.4911189335673082
43.0,explicit,0.6428571428571428,0.42857142857142855,0.5649985831272797
43.0,explicit,0.6428571428571428,0.5,0.5956679339373838
43.0,explicit,0.6428571428571428,0.5714285714285714,0.5649985831272798
43.0,explicit,0.6428571428571428,0.6428571428571428,0.4911189335673083
43.0,explicit,0.6428571428571428,0.7142857142857142,0.39833316730587837
43.0,explicit,0.6428571428571428,0.7857142857142857,0.29925776874782567
43.0,explicit,0.6428571428571428,0.8571428571428571,0.19735195867900138
43.0,explicit,0.6428571428571428,0.9285714285714285,0.09814761537393006
43.0,explicit,0.6428571428571428,1.0,-0.003582603910995154
43.0,explicit,0.7142857142857142,0.0,-0.003582603910995154
43.0,explicit,0.7142857142857142,0.07142857142857142,0.07918979603761885
43.0,explicit,0.7142857142857142,0.14285714285714285,0.1594779199143809
43.0,explicit,0.7142857142857142,0.21428571428571427,0.24253932480088278
43.0,explicit,0.7142857142857142,0.2857142857142857,0.3230339219520127
43.0,explicit,0.7142857142857142,0.3571428571428571,0.39833316730587826
43.0,explicit,0.7142857142857142,0.42857142857142855,0.4582794443331072
43.0,explicit,0.7142857142857142,0.5,0.4831661012067545
43.0,explicit,0.7142857142857142,0.5714285714285714,0.4582794443331073
43.0,explicit,0.7142857142857142,0.6428571428571428,0.39833316730587837
43.0,explicit,0.7142857142857142,0.7142857142857142,0.3230339219520128
43.0,explicit,0.7142857142857142,0.7857142857142857,0.24253932480088286
43.0,explicit,0.7142857142857142,0.8571428571428571,0.15947791991438098
43.0,explicit,0.7142857142857142,0.9285714285714285,0.07918979603761889
43.0,explicit,0.7142857142857142,1.0,-0.003582603910995154
43.0,explicit,0.7857142857142857,0.0,-0.003582603910995154
43.0,explicit,0.7857142857142857,0.07142857142857142,0.05876864199777417
43.0,explicit,0.7857142857142857,0.14285714285714285,0.11880211486766899
43.0,explicit,0.7857142857142857,0.21428571428571427,0.1817942495222595
43.0,explicit,0.7857142857142857,0.2857142857142857,0.2425393248008828
43.0,explicit,0.7857142857142857,0.3571428571428571,0.2992577687478256
43.0,explicit,0.7857142857142857,0.42857142857142855,0.3443957729651843
43.0,explicit,0.7857142857142857,0.5,0.36313445371214786
43.0,explicit,0.7857142857142857,0.5714285714285714,0.3443957729651843
43.0,explicit,0.7857142857142857,0.6428571428571428,0.29925776874782567
43.0,explicit,0.7857142857142857,0.7142857142857142,0.24253932480088286
43.0,explicit,0.7857142857142857,0.7857142857142857,0.18179424952225953
43.0,explicit,0.7857142857142857,0.8571428571428571,0.11880211486766902
43.0,explicit,0.7857142857142857,0.9285714285714285,0.05876864199777419
43.0,explicit,0.7857142857142857,1.0,-0.003582603910995154
43.0,explicit,0.8571428571428571,0.0,-0.003582603910995154
43.0,explicit,0.8571428571428571,0.07142857142857142,0.0374195545786188
43.0,explicit,0.8571428571428571,0.14285714285714285,0.07636603973735946
43.0,explicit,0.8571428571428571,0.21428571428571427,0.118802114867669
43.0,explicit,0.8571428571428571,0.2857142857142857,0.15947791991438093
43.0,explicit,0.8571428571428571,0.3571428571428571,0.19735195867900135
43.0,explicit,0.8571428571428571,0.42857142857142855,0.22747525998903306
43.0,explicit,0.8571428571428571,0.5,0.23997970447881353
43.0,explicit,0.8571428571428571,0.5714285714285714,0.2274752599890331
43.0,explicit,0.8571428571428571,0.6428571428571428,0.1973519586790014
43.0,explicit,0.8571428571428571,0.7142857142857142,0.15947791991438098
43.0,explicit,0.8571428571428571,0.7857142857142857,0.11880211486766902
43.0,explicit,0.8571428571428571,0.8571428571428571,0.07636603973735949
43.0,explicit,0.8571428571428571,0.9285714285714285,0.03741955457861882
43.0,explicit,0.8571428571428571,1.0,-0.003582603910995154
43.0,explicit,0.9285714285714285,0.0,-0.003582603910995154
43.0,explicit,0.9285714285714285,0.07142857142857142,0.020228425682731498
43.0,explicit,0.9285714285714285,0.14285714285714285,0.03741955457861883
43.0,explicit,0.9285714285714285,0.21428571428571427,0.05876864199777419
43.0,explicit,0.9285714285714285,0.2857142857142857,0.07918979603761887
43.0,explicit,0.9285714285714285,0.3571428571428571,0.09814761537393003
43.0,explicit,0.9285714285714285,0.42857142857142855,0.11321464386386633
43.0,explicit,0.9285714285714285,0.5,0.11946834224405828
43.0,explicit,0.9285714285714285,0.5714285714285714,0.11321464386386634
43.0,explicit,0.9285714285714285,0.6428571428571428,0.09814761537393006
43.0,explicit,0.9285714285714285,0.7142857142857142,0.07918979603761889
43.0,explicit,0.9285714285714285,0.7857142857142857,0.0587686419977742
43.0,explicit,0.9285714285714285,0.8571428571428571,0.037419554578618834
43.0,explicit,0.9285714285714285,0.9285714285714285,0.020228425682731505
43.0,explicit,0.9285714285714285,1.0,-0.003582603910995154
43.0,explicit,1.0,0.0,-0.003582603910995154
43.0,explicit,1.0,0.07142857142857142,-0.003582603910995154
43.0,explicit,1.0,0.14285714285714285,-0.003582603910995154
43.0,explicit,1.0,0.21428571428571427,-0.003582603910995154
43.0,explicit,1.0,0.2857142857142857,-0.003582603910995154
43.0,explicit,1.0,0.3571428571428571,-0.003582603910995154
43.0,explicit,1.0,0.42857142857142855,-0.003582603910995154
43.0,explicit,1.0,0.5,-0.003582603910995154
43.0,explicit,1.0,0.5714285714285714,-0.003582603910995154
43.0,explicit,1.0,0.6428571428571428,-0.003582603910995154
43.0,explicit,1.0,0.7142857142857142,-0.003582603910995154
43.0,explicit,1.0,0.7857142857142857,-0.003582603910995154
43.0,explicit,1.0,0.8571428571428571,-0.003582603910995154
43.0,explicit,1.0,0.9285714285714285,-0.003582603910995154
43.0,explicit,1.0,1.0,-0.003582603910995154
44.0,explicit,0.0,0.0,0.15646436558140064
44.0,explicit,0.0,0.07142857142857142,0.15646436558140064
44.0,explicit,0.0,0.14285714285714285,0.15646436558140064
44.0,explicit,0.0,0.21428571428571427,0.15646436558140064
44.0,explicit,0.0,0.2857142857142857,0.15646436558140064
44.0,explicit,0.0,0.3571428571428571,0.15646436558140064
44.0,explicit,0.0,0.42857142857142855,0.15646436558140064
44.0,explicit,0.0,0.5,0.15646436558140064
44.0,explicit,0.0,0.5714285714285714,0.15646436558140064
44.0,explicit,0.0,0.6428571428571428,0.15646436558140064
44.0,explicit,0.0,0.7142857142857142,0.15646436558140064
44.0,explicit,0.0,0.7857142857142857,0.15646436558140064
44.0,explicit,0.0,0.8571428571428571,0.15646436558140064
44.0,explicit,0.0,0.9285714285714285,0.15646436558140064
44.0,explicit,0.0,1.0,0.15646436558140064
44.0,explicit,0.07142857142857142,0.0,0.15646436558140064
44.0,explicit,0.07142857142857142,0.07142857142857142,0.020047128527728778
44.0,explicit,0.07142857142857142,0.14285714285714285,0.037448341892944374
44.0,explicit,0.07142857142857142,0.21428571428571427,0.05872419742326694
44.0,explicit,0.07142857142857142,0.2857142857142857,0.07913574004529336
44.0,explicit,0.07142857142857142,0.3571428571428571,0.09805974974774503
44.0,explicit,0.07142857142857142,0.42857142857142855,0.11305922493310741
44.0,explicit,0.07142857142857142,0.5,0.11926229876143628
44.0,explicit,0.07142857142857142,0.5714285714285714,0.11305922493310742
44.0,explicit,0.07142857142857142,0.6428571428571428,0.09805974974774506
44.0,explicit,0.07142857142857142,0.7142857142857142,0.07913574004529339
44.0,explicit,0.07142857142857142,0.7857142857142857,0.05872419742326697
44.0,explicit,0.07142857142857142,0.8571428571428571,0.03744834189294439
44.0,explicit,0.07142857142857142,0.9285714285714285,0.02004712852772879
44.0,explicit,0.07142857142857142,1.0,0.15646436558140064
44.0,explicit,0.14285714285714285,0.0,0.15646436558140064
44.0,explicit,0.14285714285714285,0.07142857142857142,0.03744834189294435
44.0,explicit,0.14285714285714285,0.14285714285714285,0.07646160804915873
44.0,explicit,0.14285714285714285,0.21428571428571427,0.11881852485747885
44.0,explicit,0.14285714285714285,0.2857142857142857,0.15947752985574762
44.0,explicit,0.14285714285714285,0.3571428571428571,0.19728281727848254
44.0,explicit,0.14285714285714285,0.42857142857142855,0.22727042180429158
44.0,explicit,0.14285714285714285,0.5,0.23967344596645518
44.0,explicit,0.14285714285714285,0.5714285714285714,0.2272704218042916
44.0,explicit,0.14285714285714285,0.6428571428571428,0.1972828172784826
44.0,explicit,0.14285714285714285,0.7142857142857142,0.15947752985574765
44.0,explicit,0.14285714285714285,0.7857142857142857,0.11881852485747887
44.0,explicit,0.14285714285714285,0.8571428571428571,0.07646160804915876
44.0,explicit,0.14285714285714285,0.9285714285714285,0.037448341892944374
44.0,explicit,0.14285714285714285,1.0,0.15646436558140064
44.0,explicit,0.21428571428571427,0.0,0.15646436558140064
44.0,explicit,0.21428571428571427,0.07142857142857142,0.05872419742326694
44.0,explicit,0.21428571428571427,0.14285714285714285,0.11881852485747885
44.0,explicit,0.21428571428571427,0.21428571428571427,0.1817327100082124
44.0,explicit,0.21428571428571427,0.2857142857142857,0.24244903857159456
44.0,explicit,0.21428571428571427,0.3571428571428571,0.2990604360044585
44.0,explicit,0.21428571428571427,0.42857142857142855,0.34399269343072186
44.0,explicit,0.21428571428571427,0.5,0.3625784976025436
44.0,explicit,0.21428571428571427,0.5714285714285714,0.34399269343072186
44.0,explicit,0.21428571428571427,0.6428571428571428,0.29906043600445853
44.0,explicit,0.21428571428571427,0.7142857142857142,0.24244903857159458
44.0,explicit,0.21428571428571427,0.7857142857142857,0.18173271000821242
44.0,explicit,0.21428571428571427,0.8571428571428571,0.11881852485747889
44.0,explicit,0.21428571428571427,0.9285714285714285,0.058724197423266976
44.0,explicit,0.21428571428571427,1.0,0.15646436558140064
44.0,explicit,0.2857142857142857,0.0,0.15646436558140064
44.0,explicit,0.2857142857142857,0.07142857142857142,0.07913574004529338
44.0,explicit,0.2857142857142857,0.14285714285714285,0.15947752985574762
44.0,explicit,0.2857142857142857,0.21428571428571427,0.24244903857159456
44.0,explicit,0.2857142857142857,0.2857142857142857,0.32289163847329067
44.0,explicit,0.2857142857142857,0.3571428571428571,0.3980368077304893
44.0,explicit,0.2857142857142857,0.42857142857142855,0.4577012544847032
44.0,explicit,0.2857142857142857,0.5,0.4823814297557733
44.0,explicit,0.2857142857142857,0.5714285714285714,0.4577012544847032
44.0,explicit,0.2857142857142857,0.6428571428571428,0.39803680773048933
44.0,explicit,0.2857142857142857,0.7142857142857142,0.3228916384732908
44.0,explicit,0.2857142857142857,0.7857142857142857,0.2424490385715946
44.0,explicit,0.2857142857142857,0.8571428571428571,0.15947752985574767
44.0,explicit,0.2857142857142857,0.9285714285714285,0.07913574004529342
44.0,explicit,0.2857142857142857,1.0,0.15646436558140064
44.0,explicit,0.3571428571428571,0.0,0.15646436558140064
44.0,explicit,0.3571428571428571,0.07142857142857142,0.09805974974774505
44.0,explicit,0.3571428571428571,0.14285714285714285,0.19728281727848254
44.0,explicit,0.3571428571428571,0.21428571428571427,0.2990604360044585
44.0,explicit,0.3571428571428571,0.2857142857142857,0.3980368077304893
44.0,explicit,0.3571428571428571,0.3571428571428571,0.4906011576479137
44.0,explicit,0.3571428571428571,0.42857142857142855,0.5641091568411066
44.0,explicit,0.3571428571428571,0.5,0.594514103261152
44.0,explicit,0.3571428571428571,0.5714285714285714,0.5641091568411066
44.0,explicit,0.3571428571428571,0.6428571428571428,0.4906011576479138
44.0,explicit,0.3571428571428571,0.7142857142857142,0.3980368077304894
44.0,explicit,0.3571428571428571,0.7857142857142857,0.2990604360044586
44.0,explicit,0.3571428571428571,0.8571428571428571,0.19728281727848263
44.0,explicit,0.3571428571428571,0.9285714285714285,0.09805974974774509
44.0,explicit,0.3571428571428571,1.0,0.15646436558140064
44.0,explicit,0.42857142857142855,0.0,0.15646436558140064
44.0,explicit,0.42857142857142855,0.07142857142857142,0.11305922493310741
44.0,explicit,0.42857142857142855,0.14285714285714285,0.22727042180429158
44.0,explicit,0.42857142857142855,0.21428571428571427,0.34399269343072186
44.0,explicit,0.42857142857142855,0.2857142857142857,0.4577012544847032
44.0,explicit,0.42857142857142855,0.3571428571428571,0.5641091568411066
44.0,explicit,0.42857142857142855,0.42857142857142855,0.6486135878805805
44.0,explicit,0.42857142857142855,0.5,0.6835628118360996
44.0,explicit,0.42857142857142855,0.5714285714285714,0.6486135878805807
44.0,explicit,0.42857142857142855,0.6428571428571428,0.5641091568411067
44.0,explicit,0.42857142857142855,0.7142857142857142,0.45770125448470333
44.0,explicit,0.42857142857142855,0.7857142857142857,0.343992693430722
44.0,explicit,0.42857142857142855,0.8571428571428571,0.22727042180429166
44.0,explicit,0.42857142857142855,0.9285714285714285,0.11305922493310748
44.0,explicit,0.42857142857142855,1.0,0.15646436558140064
44.0,explicit,0.5,0.0,0.15646436558140064
44.0,explicit,0.5,0.07142857142857142,0.11926229876143628
44.0,explicit,0.5,0.14285714285714285,0.23967344596645518
44.0,explicit,0.5,0.21428571428571427,0.3625784976025437
44.0,explicit,0.5,0.2857142857142857,0.4823814297557733
44.0,explicit,0.5,0.3571428571428571,0.594514103261152
44.0,explicit,0.5,0.42857142857142855,0.6835628118360996
44.0,explicit,0.5,0.5,0.7203882243993374
44.0,explicit,0.5,0.5714285714285714,0.6835628118360997
44.0,explicit,0.5,0.6428571428571428,0.5945141032611521
44.0,explicit,0.5,0.7142857142857142,0.48238142975577347
44.0,explicit,0.5,0.7857142857142857,0.3625784976025438
44.0,explicit,0.5,0.8571428571428571,0.23967344596645526
44.0,explicit,0.5,0.9285714285714285,0.11926229876143633
44.0,explicit,0.5,1.0,0.15646436558140064
44.0,explicit,0.5714285714285714,0.0,0.15646436558140064
44.0,explicit,0.5714285714285714,0.07142857142857142,0.11305922493310742
44.0,explicit,0.5714285714285714,0.14285714285714285,0.2272704218042916
44.0,explicit,0.5714285714285714,0.21428571428571427,0.34399269343072186
44.0,explicit,0.5714285714285714,0.2857142857142857,0.4577012544847032
44.0,explicit,0.5714285714285714,0.3571428571428571,0.5641091568411066
44.0,explicit,0.5714285714285714,0.42857142857142855,0.6486135878805807
44.0,explicit,0.5714285714285714,0.5,0.6835628118360997
44.0,explicit,0.5714285714285714,0.5714285714285714,0.6486135878805808
44.0,explicit,0.5714285714285714,0.6428571428571428,0.5641091568411069
44.0,explicit,0.5714285714285714,0.7142857142857142,0.45770125448470345
44.0,explicit,0.5714285714285714,0.7857142857142857,0.343992693430722
44.0,explicit,0.5714285714285714,0.8571428571428571,0.22727042180429166
44.0,explicit,0.5714285714285714,0.9285714285714285,0.11305922493310748
44.0,explicit,0.5714285714285714,1.0,0.15646436558140064
44.0,explicit,0.6428571428571428,0.0,0.15646436558140064
44.0,explicit,0.6428571428571428,0.07142857142857142,0.09805974974774506
44.0,explicit,0.6428571428571428,0.14285714285714285,0.1972828172784826
44.0,explicit,0.6428571428571428,0.21428571428571427,0.29906043600445853
44.0,explicit,0.6428571428571428,0.2857142857142857,0.39803680773048933
44.0,explicit,0.6428571428571428,0.3571428571428571,0.4906011576479138
44.0,explicit,0.6428571428571428,0.42857142857142855,0.5641091568411067
44.0,explicit,0.6428571428571428,0.5,0.5945141032611521
44.0,explicit,0.6428571428571428,0.5714285714285714,0.5641091568411069
44.0,explicit,0.6428571428571428,0.6428571428571428,0.4906011576479139
44.0,explicit,0.6428571428571428,0.7142857142857142,0.3980368077304895
44.0,explicit,0.6428571428571428,0.7857142857142857,0.29906043600445864
44.0,explicit,0.6428571428571428,0.8571428571428571,0.19728281727848265
44.0,explicit,0.6428571428571428,0.9285714285714285,0.09805974974774512
44.0,explicit,0.6428571428571428,1.0,0.15646436558140064
44.0,explicit,0.7142857142857142,0.0,0.15646436558140064
44.0,explicit,0.7142857142857142,0.07142857142857142,0.07913574004529339
44.0,explicit,0.7142857142857142,0.14285714285714285,0.15947752985574765
44.0,explicit,0.7142857142857142,0.21428571428571427,0.24244903857159458
44.0,explicit,0.7142857142857142,0.2857142857142857,0.3228916384732908
44.0,explicit,0.7142857142857142,0.3571428571428571,0.3980368077304894
44.0,explicit,0.7142857142857142,0.42857142857142855,0.45770125448470333
44.0,explicit,0.7142857142857142,0.5,0.48238142975577347
44.0,explicit,0.7142857142857142,0.5714285714285714,0.45770125448470345
44.0,explicit,0.7142857142857142,0.6428571428571428,0.3980368077304895
44.0,explicit,0.7142857142857142,0.7142857142857142,0.3228916384732909
44.0,explicit,0.7142857142857142,0.7857142857142857,0.24244903857159467
44.0,explicit,0.7142857142857142,0.8571428571428571,0.15947752985574773
44.0,explicit,0.7142857142857142,0.9285714285714285,0.07913574004529343
44.0,explicit,0.7142857142857142,1.0,0.15646436558140064
44.0,explicit,0.7857142857142857,0.0,0.15646436558140064
44.0,explicit,0.7857142857142857,0.07142857142857142,0.058724197423266955
44.0,explicit,0.7857142857142857,0.14285714285714285,0.11881852485747887
44.0,explicit,0.7857142857142857,0.21428571428571427,0.18173271000821242
44.0,explicit,0.7857142857142857,0.2857142857142857,0.2424490385715946
44.0,explicit,0.7857142857142857,0.3571428571428571,0.2990604360044586
44.0,explicit,0.7857142857142857,0.42857142857142855,0.343992693430722
44.0,explicit,0.7857142857142857,0.5,0.3625784976025438
44.0,explicit,0.7857142857142857,0.5714285714285714,0.343992693430722
44.0,explicit,0.7857142857142857,0.6428571428571428,0.29906043600445864
44.0,explicit,0.7857142857142857,0.7142857142857142,0.24244903857159467
44.0,explicit,0.7857142857142857,0.7857142857142857,0.18173271000821245
44.0,explicit,0.7857142857142857,0.8571428571428571,0.1188185248574789
44.0,explicit,0.7857142857142857,0.9285714285714285,0.058724197423266976
44.0,explicit,0.7857142857142857,1.0,0.15646436558140064
44.0,explicit,0.8571428571428571,0.0,0.15646436558140064
44.0,explicit,0.8571428571428571,0.07142857142857142,0.03744834189294437
44.0,explicit,0.8571428571428571,0.14285714285714285,0.07646160804915876
44.0,explicit,0.8571428571428571,0.21428571428571427,0.11881852485747889
44.0,explicit,0.8571428571428571,0.2857142857142857,0.15947752985574767
44.0,explicit,0.8571428571428571,0.3571428571428571,0.19728281727848263
44.0,explicit,0.8571428571428571,0.42857142857142855,0.22727042180429166
44.0,explicit,0.8571428571428571,0.5,0.23967344596645526
44.0,explicit,0.8571428571428571,0.5714285714285714,0.2272704218042917
44.0,explicit,0.8571428571428571,0.6428571428571428,0.19728281727848268
44.0,explicit,0.8571428571428571,0.7142857142857142,0.15947752985574773
44.0,explicit,0.8571428571428571,0.7857142857142857,0.1188185248574789
44.0,explicit,0.8571428571428571,0.8571428571428571,0.07646160804915879
44.0,explicit,0.8571428571428571,0.9285714285714285,0.03744834189294439
44.0,explicit,0.8571428571428571,1.0,0.15646436558140064
44.0,explicit,0.9285714285714285,0.0,0.15646436558140064
44.0,explicit,0.9285714285714285,0.07142857142857142,0.02004712852772879
44.0,explicit,0.9285714285714285,0.14285714285714285,0.037448341892944395
44.0,explicit,0.9285714285714285,0.21428571428571427,0.058724197423266976
44.0,explicit,0.9285714285714285,0.2857142857142857,0.07913574004529342
44.0,explicit,0.9285714285714285,0.3571428571428571,0.09805974974774509
44.0,explicit,0.9285714285714285,0.42857142857142855,0.11305922493310748
44.0,explicit,0.9285714285714285,0.5,0.11926229876143635
44.0,explicit,0.9285714285714285,0.5714285714285714,0.1130592249331075
44.0,explicit,0.9285714285714285,0.6428571428571428,0.09805974974774512
44.0,explicit,0.9285714285714285,0.7142857142857142,0.07913574004529343
44.0,explicit,0.9285714285714285,0.7857142857142857,0.05872419742326698
44.0,explicit,0.9285714285714285,0.8571428571428571,0.0374483418929444
44.0,explicit,0.9285714285714285,0.9285714285714285,0.020047128527728796
44.0,explicit,0.9285714285714285,1.0,0.15646436558140064
44.0,explicit,1.0,0.0,0.15646436558140064
44.0,explicit,1.0,0.07142857142857142,0.15646436558140064
44.0,explicit,1.0,0.14285714285714285,0.15646436558140064
44.0,explicit,1.0,0.21428571428571427,0.15646436558140064
44.0,explicit,1.0,0.2857142857142857,0.15646436558140064
44.0,explicit,1.0,0.3571428571428571,0.15646436558140064
44.0,explicit,1.0,0.42857142857142855,0.15646436558140064
44.0,explicit,1.0,0.5,0.15646436558140064
44.0,explicit,1.0,0.5714285714285714,0.15646436558140064
44.0,explicit,1.0,0.6428571428571428,0.15646436558140064
44.0,explicit,1.0,0.7142857142857142,0.15646436558140064
44.0,explicit,1.0,0.7857142857142857,0.15646436558140064
44.0,explicit,1.0,0.8571428571428571,0.15646436558140064
44.0,explicit,1.0,0.9285714285714285,0.15646436558140064
44.0,explicit,1.0,1.0,0.15646436558140064
45.0,explicit,0.0,0.0,0.08219025043752239
45.0,explicit,0.0,0.07142857142857142,0.08219025043752239
45.0,explicit,0.0,0.14285714285714285,0.08219025043752239
45.0,explicit,0.0,0.21428571428571427,0.08219025043752239
45.0,explicit,0.0,0.2857142857142857,0.08219025043752239
45.0,explicit,0.0,0.3571428571428571,0.08219025043752239
45.0,explicit,0.0,0.42857142857142855,0.08219025043752239
45.0,explicit,0.0,0.5,0.08219025043752239
45.0,explicit,0.0,0.5714285714285714,0.08219025043752239
45.0,explicit,0.0,0.6428571428571428,0.08219025043752239
45.0,explicit,0.0,0.7142857142857142,0.08219025043752239
45.0,explicit,0.0,0.7857142857142857,0.08219025043752239
45.0,explicit,0.0,0.8571428571428571,0.08219025043752239
45.0,explicit,0.0,0.9285714285714285,0.08219025043752239
45.0,explicit,0.0,1.0,0.08219025043752239
45.0,explicit,0.07142857142857142,0.0,0.08219025043752239
45.0,explicit,0.07142857142857142,0.07142857142857142,0.016842608748710856
45.0,explicit,0.07142857142857142,0.14285714285714285,0.03611946528873989
45.0,explicit,0.07142857142857142,0.21428571428571427,0.05723538500789591
45.0,explicit,0.07142857142857142,0.2857142857142857,0.07762431412292987
45.0,explicit,0.07142857142857142,0.3571428571428571,0.09648026387101169
45.0,explicit,0.07142857142857142,0.42857142857142855,0.11134668466325048
45.0,explicit,0.07142857142857142,0.5,0.11745192821769676
45.0,explicit,0.07142857142857142,0.5714285714285714,0.1113466846632505
45.0,explicit,0.07142857142857142,0.6428571428571428,0.09648026387101172
45.0,explicit,0.07142857142857142,0.7142857142857142,0.0776243141229299
45.0,explicit,0.07142857142857142,0.7857142857142857,0.057235385007895934
45.0,explicit,0.07142857142857142,0.8571428571428571,0.0361194652887399
45.0,explicit,0.07142857142857142,0.9285714285714285,0.016842608748710866
45.0,explicit,0.07142857142857142,1.0,0.08219025043752239
45.0,explicit,0.14285714285714285,0.0,0.08219025043752239
45.0,explicit,0.14285714285714285,0.07142857142857142,0.03611946528873987
45.0,explicit,0.14285714285714285,0.14285714285714285,0.07670087260740092
45.0,explicit,0.14285714285714285,0.21428571428571427,0.11887823054820258
45.0,explicit,0.14285714285714285,0.2857142857142857,0.15949882836832374
45.0,explicit,0.14285714285714285,0.3571428571428571,0.19716586197920014
45.0,explicit,0.14285714285714285,0.42857142857142855,0.2268861430486676
45.0,explicit,0.14285714285714285,0.5,0.2390931480454645
45.0,explicit,0.14285714285714285,0.5714285714285714,0.22688614304866764
45.0,explicit,0.14285714285714285,0.6428571428571428,0.1971658619792002
45.0,explicit,0.14285714285714285,0.7142857142857142,0.15949882836832377
45.0,explicit,0.14285714285714285,0.7857142857142857,0.11887823054820261
45.0,explicit,0.14285714285714285,0.8571428571428571,0.07670087260740095
45.0,explicit,0.14285714285714285,0.9285714285714285,0.03611946528873989
45.0,explicit,0.14285714285714285,1.0,0.08219025043752239
45.0,explicit,0.21428571428571427,0.0,0.08219025043752239
45.0,explicit,0.21428571428571427,0.07142857142857142,0.057235385007895906
45.0,explicit,0.21428571428571427,0.14285714285714285,0.11887823054820258
45.0,explicit,0.21428571428571427,0.21428571428571427,0.1816135558578834
45.0,explicit,0.21428571428571427,0.2857142857142857,0.24226676721748633
45.0,explicit,0.21428571428571427,0.3571428571428571,0.2986628858110854
45.0,explicit,0.21428571428571427,0.42857142857142855,0.3431896148448605
45.0,explicit,0.21428571428571427,0.5,0.3614798522288459
45.0,explicit,0.21428571428571427,0.5714285714285714,0.3431896148448605
45.0,explicit,0.21428571428571427,0.6428571428571428,0.29866288581108547
45.0,explicit,0.21428571428571427,0.7142857142857142,0.24226676721748636
45.0,explicit,0.21428571428571427,0.7857142857142857,0.18161355585788344
45.0,explicit,0.21428571428571427,0.8571428571428571,0.11887823054820262
45.0,explicit,0.21428571428571427,0.9285714285714285,0.05723538500789594
45.0,explicit,0.21428571428571427,1.0,0.08219025043752239
45.0,explicit,0.2857142857142857,0.0,0.08219025043752239
45.0,explicit,0.2857142857142857,0.07142857142857142,0.07762431412292989
45.0,explicit,0.2857142857142857,0.14285714285714285,0.15949882836832374
45.0,explicit,0.2857142857142857,0.21428571428571427,0.24226676721748633
45.0,explicit,0.2857142857142857,0.2857142857142857,0.32259872887709024
45.0,explicit,0.2857142857142857,0.3571428571428571,0.3974338812285059
45.0,explicit,0.2857142857142857,0.42857142857142855,0.456542432077779
45.0,explicit,0.2857142857142857,0.5,0.48082318508989336
45.0,explicit,0.2857142857142857,0.5714285714285714,0.456542432077779
45.0,explicit,0.2857142857142857,0.6428571428571428,0.397433881228506
45.0,explicit,0.2857142857142857,0.7142857142857142,0.32259872887709035
45.0,explicit,0.2857142857142857,0.7857142857142857,0.24226676721748638
45.0,explicit,0.2857142857142857,0.8571428571428571,0.1594988283683238
45.0,explicit,0.2857142857142857,0.9285714285714285,0.07762431412292993
45.0,explicit,0.2857142857142857,1.0,0.08219025043752239
45.0,explicit,0.3571428571428571,0.0,0.08219025043752239
45.0,explicit,0.3571428571428571,0.07142857142857142,0.0964802638710117
45.0,explicit,0.3571428571428571,0.14285714285714285,0.19716586197920014
45.0,explicit,0.3571428571428571,0.21428571428571427,0.2986628858110854
45.0,explicit,0.3571428571428571,0.2857142857142857,0.3974338812285059
45.0,explicit,0.3571428571428571,0.3571428571428571,0.48955337412120814
45.0,explicit,0.3571428571428571,0.42857142857142855,0.5623282104581437
45.0,explicit,0.3571428571428571,0.5,0.5922214804364222
45.0,explicit,0.3571428571428571,0.5714285714285714,0.5623282104581437
45.0,explicit,0.3571428571428571,0.6428571428571428,0.48955337412120825
45.0,explicit,0.3571428571428571,0.7142857142857142,0.39743388122850604
45.0,explicit,0.3571428571428571,0.7857142857142857,0.2986628858110855
45.0,explicit,0.3571428571428571,0.8571428571428571,0.19716586197920022
45.0,explicit,0.3571428571428571,0.9285714285714285,0.09648026387101175
45.0,explicit,0.3571428571428571,1.0,0.08219025043752239
45.0,explicit,0.42857142857142855,0.0,0.08219025043752239
45.0,explicit,0.42857142857142855,0.07142857142857142,0.11134668466325048
45.0,explicit,0.42857142857142855,0.14285714285714285,0.2268861430486676
45.0,explicit,0.42857142857142855,0.21428571428571427,0.3431896148448605
45.0,explicit,0.42857142857142855,0.2857142857142857,0.456542432077779
45.0,explicit,0.42857142857142855,0.3571428571428571,0.5623282104581437
45.0,explicit,0.42857142857142855,0.42857142857142855,0.6459034417704921
45.0,explicit,0.42857142857142855,0.5,0.6802293779352122
45.0,explicit,0.42857142857142855,0.5714285714285714,0.6459034417704922
45.0,explicit,0.42857142857142855,0.6428571428571428,0.5623282104581439
45.0,explicit,0.42857142857142855,0.7142857142857142,0.4565424320777791
45.0,explicit,0.42857142857142855,0.7857142857142857,0.3431896148448606
45.0,explicit,0.42857142857142855,0.8571428571428571,0.2268861430486677
45.0,explicit,0.42857142857142855,0.9285714285714285,0.11134668466325055
45.0,explicit,0.42857142857142855,1.0,0.08219025043752239
45.0,explicit,0.5,0.0,0.08219025043752239
45.0,explicit,0.5,0.07142857142857142,0.11745192821769676
45.0,explicit,0.5,0.14285714285714285,0.2390931480454645
45.0,explicit,0.5,0.21428571428571427,0.36147985222884593
45.0,explicit,0.5,0.2857142857142857,0.48082318508989336
45.0,explicit,0.5,0.3571428571428571,0.5922214804364222
45.0,explicit,0.5,0.42857142857142855,0.6802293779352122
45.0,explicit,0.5,0.5,0.7163730057642321
45.0,explicit,0.5,0.5714285714285714,0.6802293779352123
45.0,explicit,0.5,0.6428571428571428,0.5922214804364223
45.0,explicit,0.5,0.7142857142857142,0.4808231850898935
45.0,explicit,0.5,0.7857142857142857,0.36147985222884604
45.0,explicit,0.5,0.8571428571428571,0.23909314804546458
45.0,explicit,0.5,0.9285714285714285,0.11745192821769682
45.0,explicit,0.5,1.0,0.08219025043752239
45.0,explicit,0.5714285714285714,0.0,0.08219025043752239
45.0,explicit,0.5714285714285714,0.07142857142857142,0.1113466846632505
45.0,explicit,0.5714285714285714,0.14285714285714285,0.22688614304866764
45.0,explicit,0.5714285714285714,0.21428571428571427,0.3431896148448605
45.0,explicit,0.5714285714285714,0.2857142857142857,0.456542432077779
45.0,explicit,0.5714285714285714,0.3571428571428571,0.5623282104581437
45.0,explicit,0.5714285714285714,0.42857142857142855,0.6459034417704922
45.0,explicit,0.5714285714285714,0.5,0.6802293779352123
45.0,explicit,0.5714285714285714,0.5714285714285714,0.6459034417704923
45.0,explicit,0.5714285714285714,0.6428571428571428,0.562328210458144
45.0,explicit,0.5714285714285714,0.7142857142857142,0.4565424320777792
45.0,explicit,0.5714285714285714,0.7857142857142857,0.3431896148448606
45.0,explicit,0.5714285714285714,0.8571428571428571,0.2268861430486677
45.0,explicit,0.5714285714285714,0.9285714285714285,0.11134668466325055
45.0,explicit,0.5714285714285714,1.0,0.08219025043752239
45.0,explicit,0.6428571428571428,0.0,0.08219025043752239
45.0,explicit,0.6428571428571428,0.07142857142857142,0.09648026387101172
45.0,explicit,0.6428571428571428,0.14285714285714285,0.1971658619792002
45.0,explicit,0.6428571428571428,0.21428571428571427,0.29866288581108547
45.0,explicit,0.6428571428571428,0.2857142857142857,0.397433881228506
45.0,explicit,0.6428571428571428,0.3571428571428571,0.48955337412120825
45.0,explicit,0.6428571428571428,0.42857142857142855,0.5623282104581439
45.0,explicit,0.6428571428571428,0.5,0.5922214804364223
45.0,explicit,0.6428571428571428,0.5714285714285714,0.562328210458144
45.0,explicit,0.6428571428571428,0.6428571428571428,0.48955337412120836
45.0,explicit,0.6428571428571428,0.7142857142857142,0.39743388122850615
45.0,explicit,0.6428571428571428,0.7857142857142857,0.2986628858110856
45.0,explicit,0.6428571428571428,0.8571428571428571,0.19716586197920025
45.0,explicit,0.6428571428571428,0.9285714285714285,0.09648026387101177
45.0,explicit,0.6428571428571428,1.0,0.08219025043752239
45.0,explicit,0.7142857142857142,0.0,0.08219025043752239
45.0,explicit,0.7142857142857142,0.07142857142857142,0.0776243141229299
45.0,explicit,0.7142857142857142,0.14285714285714285,0.15949882836832377
45.0,explicit,0.7142857142857142,0.21428571428571427,0.24226676721748636
45.0,explicit,0.7142857142857142,0.2857142857142857,0.32259872887709035
45.0,explicit,0.7142857142857142,0.3571428571428571,0.39743388122850604
45.0,explicit,0.7142857142857142,0.42857142857142855,0.4565424320777791
45.0,explicit,0.7142857142857142,0.5,0.4808231850898935
45.0,explicit,0.7142857142857142,0.5714285714285714,0.4565424320777792
45.0,explicit,0.7142857142857142,0.6428571428571428,0.39743388122850615
45.0,explicit,0.7142857142857142,0.7142857142857142,0.32259872887709046
45.0,explicit,0.7142857142857142,0.7857142857142857,0.24226676721748644
45.0,explicit,0.7142857142857142,0.8571428571428571,0.15949882836832385
45.0,explicit,0.7142857142857142,0.9285714285714285,0.07762431412292994
45.0,explicit,0.7142857142857142,1.0,0.08219025043752239
45.0,explicit,0.7857142857142857,0.0,0.08219025043752239
45.0,explicit,0.7857142857142857,0.07142857142857142,0.05723538500789592
45.0,explicit,0.7857142857142857,0.14285714285714285,0.11887823054820261
45.0,explicit,0.7857142857142857,0.21428571428571427,0.18161355585788344
45.0,explicit,0.7857142857142857,0.2857142857142857,0.24226676721748638
45.0,explicit,0.7857142857142857,0.3571428571428571,0.2986628858110855
45.0,explicit,0.7857142857142857,0.42857142857142855,0.3431896148448606
45.0,explicit,0.7857142857142857,0.5,0.36147985222884604
45.0,explicit,0.7857142857142857,0.5714285714285714,0.3431896148448606
45.0,explicit,0.7857142857142857,0.6428571428571428,0.2986628858110856
45.0,explicit,0.7857142857142857,0.7142857142857142,0.24226676721748644
45.0,explicit,0.7857142857142857,0.7857142857142857,0.18161355585788347
45.0,explicit,0.7857142857142857,0.8571428571428571,0.11887823054820264
45.0,explicit,0.7857142857142857,0.9285714285714285,0.05723538500789594
45.0,explicit,0.7857142857142857,1.0,0.08219025043752239
45.0,explicit,0.8571428571428571,0.0,0.08219025043752239
45.0,explicit,0.8571428571428571,0.07142857142857142,0.03611946528873988
45.0,explicit,0.8571428571428571,0.14285714285714285,0.07670087260740095
45.0,explicit,0.8571428571428571,0.21428571428571427,0.11887823054820262
45.0,explicit,0.8571428571428571,0.2857142857142857,0.1594988283683238
45.0,explicit,0.8571428571428571,0.3571428571428571,0.19716586197920022
45.0,explicit,0.8571428571428571,0.42857142857142855,0.2268861430486677
45.0,explicit,0.8571428571428571,0.5,0.23909314804546458
45.0,explicit,0.8571428571428571,0.5714285714285714,0.22688614304866772
45.0,explicit,0.8571428571428571,0.6428571428571428,0.19716586197920027
45.0,explicit,0.8571428571428571,0.7142857142857142,0.15949882836832385
45.0,explicit,0.8571428571428571,0.7857142857142857,0.11887823054820264
45.0,explicit,0.8571428571428571,0.8571428571428571,0.07670087260740098
45.0,explicit,0.8571428571428571,0.9285714285714285,0.0361194652887399
45.0,explicit,0.8571428571428571,1.0,0.08219025043752239
45.0,explicit,0.9285714285714285,0.0,0.08219025043752239
45.0,explicit,0.9285714285714285,0.07142857142857142,0.016842608748710866
45.0,explicit,0.9285714285714285,0.14285714285714285,0.03611946528873991
45.0,explicit,0.9285714285714285,0.21428571428571427,0.05723538500789594
45.0,explicit,0.9285714285714285,0.2857142857142857,0.07762431412292993
45.0,explicit,0.9285714285714285,0.3571428571428571,0.09648026387101175
45.0,explicit,0.9285714285714285,0.42857142857142855,0.11134668466325055
45.0,explicit,0.9285714285714285,0.5,0.11745192821769683
45.0,explicit,0.9285714285714285,0.5714285714285714,0.11134668466325057
45.0,explicit,0.9285714285714285,0.6428571428571428,0.09648026387101177
45.0,explicit,0.9285714285714285,0.7142857142857142,0.07762431412292994
45.0,explicit,0.9285714285714285,0.7857142857142857,0.05723538500789595
45.0,explicit,0.9285714285714285,0.8571428571428571,0.03611946528873992
45.0,explicit,0.9285714285714285,0.9285714285714285,0.016842608748710873
45.0,explicit,0.9285714285714285,1.0,0.08219025043752239
45.0,explicit,1.0,0.0,0.08219025043752239
45.0,explicit,1.0,0.07142857142857142,0.08219025043752239
45.0,explicit,1.0,0.14285714285714285,0.08219025043752239
45.0,explicit,1.0,0.21428571428571427,0.08219025043752239
45.0,explicit,1.0,0.2857142857142857,0.08219025043752239
45.0,explicit,1.0,0.3571428571428571,0.08219025043752239
45.0,explicit,1.0,0.42857142857142855,0.08219025043752239
45.0,explicit,1.0,0.5,0.08219025043752239
45.0,explicit,1.0,0.5714285714285714,0.08219025043752239
45.0,explicit,1.0,0.6428571428571428,0.08219025043752239
45.0,explicit,1.0,0.7142857142857142,0.08219025043752239
45.0,explicit,1.0,0.7857142857142857,0.08219025043752239
45.0,explicit,1.0,0.8571428571428571,0.08219025043752239
45.0,explicit,1.0,0.9285714285714285,0.08219025043752239
45.0,explicit,1.0,1.0,0.08219025043752239
46.0,explicit,0.0,0.0,-0.029900735046586746
46.0,explicit,0.0,0.07142857142857142,-0.029900735046586746
46.0,explicit,0.0,0.14285714285714285,-0.029900735046586746
46.0,explicit,0.0,0.21428571428571427,-0.029900735046586746
46.0,explicit,0.0,0.2857142857142857,-0.029900735046586746
46.0,explicit,0.0,0.3571428571428571,-0.029900735046586746
46.0,explicit,0.0,0.42857142857142855,-0.029900735046586746
46.0,explicit,0.0,0.5,-0.029900735046586746
46.0,explicit,0.0,0.5714285714285714,-0.029900735046586746
46.0,explicit,0.0,0.6428571428571428,-0.029900735046586746
46.0,explicit,0.0,0.7142857142857142,-0.029900735046586746
46.0,explicit,0.0,0.7857142857142857,-0.029900735046586746
46.0,explicit,0.0,0.8571428571428571,-0.029900735046586746
46.0,explicit,0.0,0.9285714285714285,-0.029900735046586746
46.0,explicit,0.0,1.0,-0.029900735046586746
46.0,explicit,0.07142857142857142,0.0,-0.029900735046586746
46.0,explicit,0.07142857142857142,0.07142857142857142,0.019371496192021217
46.0,explicit,0.07142857142857142,0.14285714285714285,0.037518749123131793
46.0,explicit,0.07142857142857142,0.21428571428571427,0.05854885766751251
46.0,explicit,0.07142857142857142,0.2857142857142857,0.07891086940351541
46.0,explicit,0.07142857142857142,0.3571428571428571,0.09769816047581538
46.0,explicit,0.07142857142857142,0.42857142857142855,0.11243422679150518
46.0,explicit,0.07142857142857142,0.5,0.11844595244335397
46.0,explicit,0.07142857142857142,0.5714285714285714,0.11243422679150519
46.0,explicit,0.07142857142857142,0.6428571428571428,0.09769816047581541
46.0,explicit,0.07142857142857142,0.7142857142857142,0.07891086940351544
46.0,explicit,0.07142857142857142,0.7857142857142857,0.058548857667512534
46.0,explicit,0.07142857142857142,0.8571428571428571,0.03751874912313181
46.0,explicit,0.07142857142857142,0.9285714285714285,0.019371496192021227
46.0,explicit,0.07142857142857142,1.0,-0.029900735046586746
46.0,explicit,0.14285714285714285,0.0,-0.029900735046586746
46.0,explicit,0.14285714285714285,0.07142857142857142,0.03751874912313177
46.0,explicit,0.14285714285714285,0.14285714285714285,0.0768189056530977
46.0,explicit,0.14285714285714285,0.21428571428571427,0.11888139647959016
46.0,explicit,0.14285714285714285,0.2857142857142857,0.15945719395111693
46.0,explicit,0.14285714285714285,0.3571428571428571,0.1969849888313744
46.0,explicit,0.14285714285714285,0.42857142857142855,0.22644330459804785
46.0,explicit,0.14285714285714285,0.5,0.23846289389995556
46.0,explicit,0.14285714285714285,0.5714285714285714,0.22644330459804787
46.0,explicit,0.14285714285714285,0.6428571428571428,0.19698498883137447
46.0,explicit,0.14285714285714285,0.7142857142857142,0.15945719395111696
46.0,explicit,0.14285714285714285,0.7857142857142857,0.11888139647959019
46.0,explicit,0.14285714285714285,0.8571428571428571,0.07681890565309772
46.0,explicit,0.14285714285714285,0.9285714285714285,0.037518749123131793
46.0,explicit,0.14285714285714285,1.0,-0.029900735046586746
46.0,explicit,0.21428571428571427,0.0,-0.029900735046586746
46.0,explicit,0.21428571428571427,0.07142857142857142,0.058548857667512506
46.0,explicit,0.21428571428571427,0.14285714285714285,0.11888139647959016
46.0,explicit,0.21428571428571427,0.21428571428571427,0.18149995063014557
46.0,explicit,0.21428571428571427,0.2857142857142857,0.24208252094938484
46.0,explicit,0.21428571428571427,0.3571428571428571,0.2982618508536785
46.0,explicit,0.21428571428571427,0.42857142857142855,0.3423909103328965
46.0,explicit,0.21428571428571427,0.5,0.3603984263508619
46.0,explicit,0.21428571428571427,0.5714285714285714,0.3423909103328965
46.0,explicit,0.21428571428571427,0.6428571428571428,0.29826185085367857
46.0,explicit,0.21428571428571427,0.7142857142857142,0.24208252094938487
46.0,explicit,0.21428571428571427,0.7857142857142857,0.1814999506301456
46.0,explicit,0.21428571428571427,0.8571428571428571,0.1188813964795902
46.0,explicit,0.21428571428571427,0.9285714285714285,0.05854885766751254
46.0,explicit,0.21428571428571427,1.0,-0.029900735046586746
46.0,explicit,0.2857142857142857,0.0,-0.029900735046586746
46.0,explicit,0.2857142857142857,0.07142857142857142,0.07891086940351542
46.0,explicit,0.2857142857142857,0.14285714285714285,0.15945719395111693
46.0,explicit,0.2857142857142857,0.21428571428571427,0.24208252094938484
46.0,explicit,0.2857142857142857,0.2857142857142857,0.32229499348910523
46.0,explicit,0.2857142857142857,0.3571428571428571,0.396817801299441
46.0,explicit,0.2857142857142857,0.42857142857142855,0.4553807057799699
46.0,explicit,0.2857142857142857,0.5,0.47927911485035457
46.0,explicit,0.2857142857142857,0.5714285714285714,0.4553807057799699
46.0,explicit,0.2857142857142857,0.6428571428571428,0.39681780129944105
46.0,explicit,0.2857142857142857,0.7142857142857142,0.32229499348910534
46.0,explicit,0.2857142857142857,0.7857142857142857,0.2420825209493849
46.0,explicit,0.2857142857142857,0.8571428571428571,0.159457193951117
46.0,explicit,0.2857142857142857,0.9285714285714285,0.07891086940351547
46.0,explicit,0.2857142857142857,1.0,-0.029900735046586746
46.0,explicit,0.3571428571428571,0.0,-0.029900735046586746
46.0,explicit,0.3571428571428571,0.07142857142857142,0.09769816047581538
46.0,explicit,0.3571428571428571,0.14285714285714285,0.1969849888313744
46.0,explicit,0.3571428571428571,0.21428571428571427,0.2982618508536785
46.0,explicit,0.3571428571428571,0.2857142857142857,0.396817801299441
46.0,explicit,0.3571428571428571,0.3571428571428571,0.4884900174725738
46.0,explicit,0.3571428571428571,0.42857142857142855,0.56054510468359
46.0,explicit,0.3571428571428571,0.5,0.5899483211948493
46.0,explicit,0.3571428571428571,0.5714285714285714,0.56054510468359
46.0,explicit,0.3571428571428571,0.6428571428571428,0.4884900174725739
46.0,explicit,0.3571428571428571,0.7142857142857142,0.3968178012994411
46.0,explicit,0.3571428571428571,0.7857142857142857,0.2982618508536786
46.0,explicit,0.3571428571428571,0.8571428571428571,0.1969849888313745
46.0,explicit,0.3571428571428571,0.9285714285714285,0.09769816047581542
46.0,explicit,0.3571428571428571,1.0,-0.029900735046586746
46.0,explicit,0.42857142857142855,0.0,-0.029900735046586746
46.0,explicit,0.42857142857142855,0.07142857142857142,0.11243422679150518
46.0,explicit,0.42857142857142855,0.14285714285714285,0.22644330459804785
46.0,explicit,0.42857142857142855,0.21428571428571427,0.3423909103328965
46.0,explicit,0.42857142857142855,0.2857142857142857,0.4553807057799699
46.0,explicit,0.42857142857142855,0.3571428571428571,0.56054510468359
46.0,explicit,0.42857142857142855,0.42857142857142855,0.6432101626312767
46.0,explicit,0.42857142857142855,0.5,0.6769395871333523
46.0,explicit,0.42857142857142855,0.5714285714285714,0.6432101626312768
46.0,explicit,0.42857142857142855,0.6428571428571428,0.5605451046835901
46.0,explicit,0.42857142857142855,0.7142857142857142,0.45538070577997003
46.0,explicit,0.42857142857142855,0.7857142857142857,0.3423909103328966
46.0,explicit,0.42857142857142855,0.8571428571428571,0.22644330459804793
46.0,explicit,0.42857142857142855,0.9285714285714285,0.11243422679150525
46.0,explicit,0.42857142857142855,1.0,-0.029900735046586746
46.0,explicit,0.5,0.0,-0.029900735046586746
46.0,explicit,0.5,0.07142857142857142,0.11844595244335397
46.0,explicit,0.5,0.14285714285714285,0.23846289389995556
46.0,explicit,0.5,0.21428571428571427,0.36039842635086194
46.0,explicit,0.5,0.2857142857142857,0.47927911485035457
46.0,explicit,0.5,0.3571428571428571,0.5899483211948493
46.0,explicit,0.5,0.42857142857142855,0.6769395871333523
46.0,explicit,0.5,0.5,0.7124316332451552
46.0,explicit,0.5,0.5714285714285714,0.6769395871333524
46.0,explicit,0.5,0.6428571428571428,0.5899483211948494
46.0,explicit,0.5,0.7142857142857142,0.47927911485035474
46.0,explicit,0.5,0.7857142857142857,0.36039842635086206
46.0,explicit,0.5,0.8571428571428571,0.23846289389995565
46.0,explicit,0.5,0.9285714285714285,0.11844595244335403
46.0,explicit,0.5,1.0,-0.029900735046586746
46.0,explicit,0.5714285714285714,0.0,-0.029900735046586746
46.0,explicit,0.5714285714285714,0.07142857142857142,0.11243422679150519
46.0,explicit,0.5714285714285714,0.14285714285714285,0.22644330459804787
46.0,explicit,0.5714285714285714,0.21428571428571427,0.3423909103328965
46.0,explicit,0.5714285714285714,0.2857142857142857,0.4553807057799699
46.0,explicit,0.5714285714285714,0.3571428571428571,0.56054510468359
46.0,explicit,0.5714285714285714,0.42857142857142855,0.6432101626312768
46.0,explicit,0.5714285714285714,0.5,0.6769395871333524
46.0,explicit,0.5714285714285714,0.5714285714285714,0.643210162631277
46.0,explicit,0.5714285714285714,0.6428571428571428,0.5605451046835902
46.0,explicit,0.5714285714285714,0.7142857142857142,0.45538070577997014
46.0,explicit,0.5714285714285714,0.7857142857142857,0.3423909103328966
46.0,explicit,0.5714285714285714,0.8571428571428571,0.22644330459804793
46.0,explicit,0.5714285714285714,0.9285714285714285,0.11243422679150525
46.0,explicit,0.5714285714285714,1.0,-0.029900735046586746
46.0,explicit,0.6428571428571428,0.0,-0.029900735046586746
46.0,explicit,0.6428571428571428,0.07142857142857142,0.0976981604758154
46.0,explicit,0.6428571428571428,0.14285714285714285,0.19698498883137447
46.0,explicit,0.6428571428571428,0.21428571428571427,0.29826185085367857
46.0,explicit,0.6428571428571428,0.2857142857142857,0.39681780129944105
46.0,explicit,0.6428571428571428,0.3571428571428571,0.4884900174725739
46.0,explicit,0.6428571428571428,0.42857142857142855,0.5605451046835901
46.0,explicit,0.6428571428571428,0.5,0.5899483211948494
46.0,explicit,0.6428571428571428,0.5714285714285714,0.5605451046835902
46.0,explicit,0.6428571428571428,0.6428571428571428,0.48849001747257403
46.0,explicit,0.6428571428571428,0.7142857142857142,0.3968178012994412
46.0,explicit,0.6428571428571428,0.7857142857142857,0.2982618508536787
46.0,explicit,0.6428571428571428,0.8571428571428571,0.19698498883137452
46.0,explicit,0.6428571428571428,0.9285714285714285,0.09769816047581545
46.0,explicit,0.6428571428571428,1.0,-0.029900735046586746
46.0,explicit,0.7142857142857142,0.0,-0.029900735046586746
46.0,explicit,0.7142857142857142,0.07142857142857142,0.07891086940351544
46.0,explicit,0.7142857142857142,0.14285714285714285,0.15945719395111696
46.0,explicit,0.7142857142857142,0.21428571428571427,0.24208252094938487
46.0,explicit,0.7142857142857142,0.2857142857142857,0.32229499348910534
46.0,explicit,0.7142857142857142,0.3571428571428571,0.3968178012994411
46.0,explicit,0.7142857142857142,0.42857142857142855,0.45538070577997003
46.0,explicit,0.7142857142857142,0.5,0.47927911485035474
46.0,explicit,0.7142857142857142,0.5714285714285714,0.45538070577997014
46.0,explicit,0.7142857142857142,0.6428571428571428,0.3968178012994412
46.0,explicit,0.7142857142857142,0.7142857142857142,0.32229499348910545
46.0,explicit,0.7142857142857142,0.7857142857142857,0.24208252094938496
46.0,explicit,0.7142857142857142,0.8571428571428571,0.15945719395111704
46.0,explicit,0.7142857142857142,0.9285714285714285,0.07891086940351548
46.0,explicit,0.7142857142857142,1.0,-0.029900735046586746
46.0,explicit,0.7857142857142857,0.0,-0.029900735046586746
46.0,explicit,0.7857142857142857,0.07142857142857142,0.05854885766751252
46.0,explicit,0.7857142857142857,0.14285714285714285,0.11888139647959019
46.0,explicit,0.7857142857142857,0.21428571428571427,0.1814999506301456
46.0,explicit,0.7857142857142857,0.2857142857142857,0.2420825209493849
46.0,explicit,0.7857142857142857,0.3571428571428571,0.2982618508536786
46.0,explicit,0.7857142857142857,0.42857142857142855,0.3423909103328966
46.0,explicit,0.7857142857142857,0.5,0.36039842635086206
46.0,explicit,0.7857142857142857,0.5714285714285714,0.3423909103328966
46.0,explicit,0.7857142857142857,0.6428571428571428,0.2982618508536787
46.0,explicit,0.7857142857142857,0.7142857142857142,0.24208252094938496
46.0,explicit,0.7857142857142857,0.7857142857142857,0.18149995063014562
46.0,explicit,0.7857142857142857,0.8571428571428571,0.11888139647959022
46.0,explicit,0.7857142857142857,0.9285714285714285,0.05854885766751254
46.0,explicit,0.7857142857142857,1.0,-0.029900735046586746
46.0,explicit,0.8571428571428571,0.0,-0.029900735046586746
46.0,explicit,0.8571428571428571,0.07142857142857142,0.03751874912313179
46.0,explicit,0.8571428571428571,0.14285714285714285,0.07681890565309772
46.0,explicit,0.8571428571428571,0.21428571428571427,0.1188813964795902
46.0,explicit,0.8571428571428571,0.2857142857142857,0.159457193951117
46.0,explicit,0.8571428571428571,0.3571428571428571,0.1969849888313745
46.0,explicit,0.8571428571428571,0.42857142857142855,0.22644330459804793
46.0,explicit,0.8571428571428571,0.5,0.23846289389995565
46.0,explicit,0.8571428571428571,0.5714285714285714,0.22644330459804796
46.0,explicit,0.8571428571428571,0.6428571428571428,0.19698498883137455
46.0,explicit,0.8571428571428571,0.7142857142857142,0.15945719395111704
46.0,explicit,0.8571428571428571,0.7857142857142857,0.11888139647959022
46.0,explicit,0.8571428571428571,0.8571428571428571,0.07681890565309775
46.0,explicit,0.8571428571428571,0.9285714285714285,0.03751874912313181
46.0,explicit,0.8571428571428571,1.0,-0.029900735046586746
46.0,explicit,0.9285714285714285,0.0,-0.029900735046586746
46.0,explicit,0.9285714285714285,0.07142857142857142,0.019371496192021227
46.0,explicit,0.9285714285714285,0.14285714285714285,0.037518749123131814
46.0,explicit,0.9285714285714285,0.21428571428571427,0.05854885766751254
46.0,explicit,0.9285714285714285,0.2857142857142857,0.07891086940351547
46.0,explicit,0.9285714285714285,0.3571428571428571,0.09769816047581542
46.0,explicit,0.9285714285714285,0.42857142857142855,0.11243422679150525
46.0,explicit,0.9285714285714285,0.5,0.11844595244335404
46.0,explicit,0.9285714285714285,0.5714285714285714,0.11243422679150526
46.0,explicit,0.9285714285714285,0.6428571428571428,0.09769816047581545
46.0,explicit,0.9285714285714285,0.7142857142857142,0.07891086940351548
46.0,explicit,0.9285714285714285,0.7857142857142857,0.05854885766751255
46.0,explicit,0.9285714285714285,0.8571428571428571,0.03751874912313182
46.0,explicit,0.9285714285714285,0.9285714285714285,0.019371496192021234
46.0,explicit,0.9285714285714285,1.0,-0.029900735046586746
46.0,explicit,1.0,0.0,-0.029900735046586746
46.0,explicit,1.0,0.07142857142857142,-0.029900735046586746
46.0,explicit,1.0,0.14285714285714285,-0.029900735046586746
46.0,explicit,1.0,0.21428571428571427,-0.029900735046586746
46.0,explicit,1.0,0.2857142857142857,-0.029900735046586746
46.0,explicit,1.0,0.3571428571428571,-0.029900735046586746
46.0,explicit,1.0,0.42857142857142855,-0.029900735046586746
46.0,explicit,1.0,0.5,-0.029900735046586746
46.0,explicit,1.0,0.5714285714285714,-0.029900735046586746
46.0,explicit,1.0,0.6428571428571428,-0.029900735046586746
46.0,explicit,1.0,0.7142857142857142,-0.029900735046586746
46.0,explicit,1.0,0.7857142857142857,-0.029900735046586746
46.0,explicit,1.0,0.8571428571428571,-0.029900735046586746
46.0,explicit,1.0,0.9285714285714285,-0.029900735046586746
46.0,explicit,1.0,1.0,-0.029900735046586746
47.0,explicit,0.0,0.0,0.00917607765355023
47.0,explicit,0.0,0.07142857142857142,0.00917607765355023
47.0,explicit,0.0,0.14285714285714285,0.00917607765355023
47.0,explicit,0.0,0.21428571428571427,0.00917607765355023
47.0,explicit,0.0,0.2857142857142857,0.00917607765355023
47.0,explicit,0.0,0.3571428571428571,0.00917607765355023
47.0,explicit,0.0,0.42857142857142855,0.00917607765355023
47.0,explicit,0.0,0.5,0.00917607765355023
47.0,explicit,0.0,0.5714285714285714,0.00917607765355023
47.0,explicit,0.0,0.6428571428571428,0.00917607765355023
47.0,explicit,0.0,0.7142857142857142,0.00917607765355023
47.0,explicit,0.0,0.7857142857142857,0.00917607765355023
47.0,explicit,0.0,0.8571428571428571,0.00917607765355023
47.0,explicit,0.0,0.9285714285714285,0.00917607765355023
47.0,explicit,0.0,1.0,0.00917607765355023
47.0,explicit,0.07142857142857142,0.0,0.00917607765355023
47.0,explicit,0.07142857142857142,0.07142857142857142,0.01851908612210702
47.0,explicit,0.07142857142857142,0.14285714285714285,0.0371731774303268
47.0,explicit,0.07142857142857142,0.21428571428571427,0.05815469269674317
47.0,explicit,0.07142857142857142,0.2857142857142857,0.0785022600108022
47.0,explicit,0.07142857142857142,0.3571428571428571,0.09725499878653511
47.0,explicit,0.07142857142857142,0.42857142857142855,0.1119268853194739
47.0,explicit,0.07142857142857142,0.5,0.11789338223071805
47.0,explicit,0.07142857142857142,0.5714285714285714,0.11192688531947392
47.0,explicit,0.07142857142857142,0.6428571428571428,0.09725499878653514
47.0,explicit,0.07142857142857142,0.7142857142857142,0.07850226001080222
47.0,explicit,0.07142857142857142,0.7857142857142857,0.05815469269674319
47.0,explicit,0.07142857142857142,0.8571428571428571,0.03717317743032681
47.0,explicit,0.07142857142857142,0.9285714285714285,0.01851908612210703
47.0,explicit,0.07142857142857142,1.0,0.00917607765355023
47.0,explicit,0.14285714285714285,0.0,0.00917607765355023
47.0,explicit,0.14285714285714285,0.07142857142857142,0.037173177430326776
47.0,explicit,0.14285714285714285,0.14285714285714285,0.07689455684062836
47.0,explicit,0.14285714285714285,0.21428571428571427,0.11889234187047715
47.0,explicit,0.14285714285714285,0.2857142857142857,0.1594439250988556
47.0,explicit,0.14285714285714285,0.3571428571428571,0.19690174089354162
47.0,explicit,0.14285714285714285,0.42857142857142855,0.2262310550474198
47.0,explicit,0.14285714285714285,0.5,0.2381599890843364
47.0,explicit,0.14285714285714285,0.5714285714285714,0.22623105504741983
47.0,explicit,0.14285714285714285,0.6428571428571428,0.19690174089354168
47.0,explicit,0.14285714285714285,0.7142857142857142,0.15944392509885563
47.0,explicit,0.14285714285714285,0.7857142857142857,0.11889234187047718
47.0,explicit,0.14285714285714285,0.8571428571428571,0.07689455684062839
47.0,explicit,0.14285714285714285,0.9285714285714285,0.0371731774303268
47.0,explicit,0.14285714285714285,1.0,0.00917607765355023
47.0,explicit,0.21428571428571427,0.0,0.00917607765355023
47.0,explicit,0.21428571428571427,0.07142857142857142,0.058154692696743164
47.0,explicit,0.21428571428571427,0.14285714285714285,0.11889234187047715
47.0,explicit,0.21428571428571427,0.21428571428571427,0.18144419177618426
47.0,explicit,0.21428571428571427,0.2857142857142857,0.24198918581754547
47.0,explicit,0.21428571428571427,0.3571428571428571,0.29805958397724375
47.0,explicit,0.21428571428571427,0.42857142857142855,0.34199271673871334
47.0,explicit,0.21428571428571427,0.5,0.3598634290989298
47.0,explicit,0.21428571428571427,0.5714285714285714,0.34199271673871334
47.0,explicit,0.21428571428571427,0.6428571428571428,0.2980595839772438
47.0,explicit,0.21428571428571427,0.7142857142857142,0.2419891858175455
47.0,explicit,0.21428571428571427,0.7857142857142857,0.1814441917761843
47.0,explicit,0.21428571428571427,0.8571428571428571,0.11889234187047719
47.0,explicit,0.21428571428571427,0.9285714285714285,0.0581546926967432
47.0,explicit,0.21428571428571427,1.0,0.00917607765355023
47.0,explicit,0.2857142857142857,0.0,0.00917607765355023
47.0,explicit,0.2857142857142857,0.07142857142857142,0.07850226001080221
47.0,explicit,0.2857142857142857,0.14285714285714285,0.1594439250988556
47.0,explicit,0.2857142857142857,0.21428571428571427,0.24198918581754547
47.0,explicit,0.2857142857142857,0.2857142857142857,0.322139172416337
47.0,explicit,0.2857142857142857,0.3571428571428571,0.3965049955115395
47.0,explicit,0.2857142857142857,0.42857142857142855,0.4547988770729265
47.0,explicit,0.2857142857142857,0.5,0.47851217392754936
47.0,explicit,0.2857142857142857,0.5714285714285714,0.4547988770729265
47.0,explicit,0.2857142857142857,0.6428571428571428,0.39650499551153956
47.0,explicit,0.2857142857142857,0.7142857142857142,0.3221391724163371
47.0,explicit,0.2857142857142857,0.7857142857142857,0.24198918581754553
47.0,explicit,0.2857142857142857,0.8571428571428571,0.15944392509885566
47.0,explicit,0.2857142857142857,0.9285714285714285,0.07850226001080225
47.0,explicit,0.2857142857142857,1.0,0.00917607765355023
47.0,explicit,0.3571428571428571,0.0,0.00917607765355023
47.0,explicit,0.3571428571428571,0.07142857142857142,0.09725499878653511
47.0,explicit,0.3571428571428571,0.14285714285714285,0.19690174089354162
47.0,explicit,0.3571428571428571,0.21428571428571427,0.29805958397724375
47.0,explicit,0.3571428571428571,0.2857142857142857,0.3965049955115395
47.0,explicit,0.3571428571428571,0.3571428571428571,0.4879527692822325
47.0,explicit,0.3571428571428571,0.42857142857142855,0.5596529667303718
47.0,explicit,0.3571428571428571,0.5,0.5888188342948683
47.0,explicit,0.3571428571428571,0.5714285714285714,0.5596529667303718
47.0,explicit,0.3571428571428571,0.6428571428571428,0.48795276928223263
47.0,explicit,0.3571428571428571,0.7142857142857142,0.3965049955115396
47.0,explicit,0.3571428571428571,0.7857142857142857,0.29805958397724386
47.0,explicit,0.3571428571428571,0.8571428571428571,0.1969017408935417
47.0,explicit,0.3571428571428571,0.9285714285714285,0.09725499878653515
47.0,explicit,0.3571428571428571,1.0,0.00917607765355023
47.0,explicit,0.42857142857142855,0.0,0.00917607765355023
47.0,explicit,0.42857142857142855,0.07142857142857142,0.1119268853194739
47.0,explicit,0.42857142857142855,0.14285714285714285,0.2262310550474198
47.0,explicit,0.42857142857142855,0.21428571428571427,0.34199271673871334
47.0,explicit,0.42857142857142855,0.2857142857142857,0.4547988770729265
47.0,explicit,0.42857142857142855,0.3571428571428571,0.5596529667303718
47.0,explicit,0.42857142857142855,0.42857142857142855,0.6418699777060195
47.0,explicit,0.42857142857142855,0.5,0.6753106533752758
47.0,explicit,0.42857142857142855,0.5714285714285714,0.6418699777060196
47.0,explicit,0.42857142857142855,0.6428571428571428,0.5596529667303719
47.0,explicit,0.42857142857142855,0.7142857142857142,0.4547988770729266
47.0,explicit,0.42857142857142855,0.7857142857142857,0.34199271673871345
47.0,explicit,0.42857142857142855,0.8571428571428571,0.2262310550474199
47.0,explicit,0.42857142857142855,0.9285714285714285,0.11192688531947396
47.0,explicit,0.42857142857142855,1.0,0.00917607765355023
47.0,explicit,0.5,0.0,0.00917607765355023
47.0,explicit,0.5,0.07142857142857142,0.11789338223071805
47.0,explicit,0.5,0.14285714285714285,0.23815998908433642
47.0,explicit,0.5,0.21428571428571427,0.3598634290989299
47.0,explicit,0.5,0.2857142857142857,0.47851217392754936
47.0,explicit,0.5,0.3571428571428571,0.5888188342948683
47.0,explicit,0.5,0.42857142857142855,0.6753106533752758
47.0,explicit,0.5,0.5,0.7104876140584642
47.0,explicit,0.5,0.5714285714285714,0.675310653375276
47.0,explicit,0.5,0.6428571428571428,0.5888188342948684
47.0,explicit,0.5,0.7142857142857142,0.4785121739275495
47.0,explicit,0.5,0.7857142857142857,0.35986342909893
47.0,explicit,0.5,0.8571428571428571,0.2381599890843365
47.0,explicit,0.5,0.9285714285714285,0.1178933822307181
47.0,explicit,0.5,1.0,0.00917607765355023
47.0,explicit,0.5714285714285714,0.0,0.00917607765355023
47.0,explicit,0.5714285714285714,0.07142857142857142,0.11192688531947391
47.0,explicit,0.5714285714285714,0.14285714285714285,0.22623105504741983
47.0,explicit,0.5714285714285714,0.21428571428571427,0.34199271673871334
47.0,explicit,0.5714285714285714,0.2857142857142857,0.4547988770729265
47.0,explicit,0.5714285714285714,0.3571428571428571,0.5596529667303718
47.0,explicit,0.5714285714285714,0.42857142857142855,0.6418699777060196
47.0,explicit,0.5714285714285714,0.5,0.675310653375276
47.0,explicit,0.5714285714285714,0.5714285714285714,0.6418699777060197
47.0,explicit,0.5714285714285714,0.6428571428571428,0.559652966730372
47.0,explicit,0.5714285714285714,0.7142857142857142,0.4547988770729267
47.0,explicit,0.5714285714285714,0.7857142857142857,0.34199271673871345
47.0,explicit,0.5714285714285714,0.8571428571428571,0.2262310550474199
47.0,explicit,0.5714285714285714,0.9285714285714285,0.11192688531947396
47.0,explicit,0.5714285714285714,1.0,0.00917607765355023
47.0,explicit,0.6428571428571428,0.0,0.00917607765355023
47.0,explicit,0.6428571428571428,0.07142857142857142,0.09725499878653512
47.0,explicit,0.6428571428571428,0.14285714285714285,0.19690174089354168
47.0,explicit,0.6428571428571428,0.21428571428571427,0.2980595839772438
47.0,explicit,0.6428571428571428,0.2857142857142857,0.39650499551153956
47.0,explicit,0.6428571428571428,0.3571428571428571,0.48795276928223263
47.0,explicit,0.6428571428571428,0.42857142857142855,0.5596529667303719
47.0,explicit,0.6428571428571428,0.5,0.5888188342948684
47.0,explicit,0.6428571428571428,0.5714285714285714,0.559652966730372
47.0,explicit,0.6428571428571428,0.6428571428571428,0.48795276928223275
47.0,explicit,0.6428571428571428,0.7142857142857142,0.3965049955115397
47.0,explicit,0.6428571428571428,0.7857142857142857,0.2980595839772439
47.0,explicit,0.6428571428571428,0.8571428571428571,0.19690174089354173
47.0,explicit,0.6428571428571428,0.9285714285714285,0.09725499878653518
47.0,explicit,0.6428571428571428,1.0,0.00917607765355023
47.0,explicit,0.7142857142857142,0.0,0.00917607765355023
47.0,explicit,0.7142857142857142,0.07142857142857142,0.07850226001080222
47.0,explicit,0.7142857142857142,0.14285714285714285,0.15944392509885563
47.0,explicit,0.7142857142857142,0.21428571428571427,0.2419891858175455
47.0,explicit,0.7142857142857142,0.2857142857142857,0.3221391724163371
47.0,explicit,0.7142857142857142,0.3571428571428571,0.3965049955115396
47.0,explicit,0.7142857142857142,0.42857142857142855,0.4547988770729266
47.0,explicit,0.7142857142857142,0.5,0.4785121739275495
47.0,explicit,0.7142857142857142,0.5714285714285714,0.4547988770729267
47.0,explicit,0.7142857142857142,0.6428571428571428,0.3965049955115397
47.0,explicit,0.7142857142857142,0.7142857142857142,0.3221391724163372
47.0,explicit,0.7142857142857142,0.7857142857142857,0.24198918581754558
47.0,explicit,0.7142857142857142,0.8571428571428571,0.15944392509885572
47.0,explicit,0.7142857142857142,0.9285714285714285,0.07850226001080227
47.0,explicit,0.7142857142857142,1.0,0.00917607765355023
47.0,explicit,0.7857142857142857,0.0,0.00917607765355023
47.0,explicit,0.7857142857142857,0.07142857142857142,0.05815469269674318
47.0,explicit,0.7857142857142857,0.14285714285714285,0.11889234187047718
47.0,explicit,0.7857142857142857,0.21428571428571427,0.1814441917761843
47.0,explicit,0.7857142857142857,0.2857142857142857,0.24198918581754553
47.0,explicit,0.7857142857142857,0.3571428571428571,0.29805958397724386
47.0,explicit,0.7857142857142857,0.42857142857142855,0.34199271673871345
47.0,explicit,0.7857142857142857,0.5,0.35986342909893
47.0,explicit,0.7857142857142857,0.5714285714285714,0.34199271673871345
47.0,explicit,0.7857142857142857,0.6428571428571428,0.2980595839772439
47.0,explicit,0.7857142857142857,0.7142857142857142,0.24198918581754558
47.0,explicit,0.7857142857142857,0.7857142857142857,0.18144419177618432
47.0,explicit,0.7857142857142857,0.8571428571428571,0.1188923418704772
47.0,explicit,0.7857142857142857,0.9285714285714285,0.0581546926967432
47.0,explicit,0.7857142857142857,1.0,0.00917607765355023
47.0,explicit,0.8571428571428571,0.0,0.00917607765355023
47.0,explicit,0.8571428571428571,0.07142857142857142,0.03717317743032679
47.0,explicit,0.8571428571428571,0.14285714285714285,0.07689455684062839
47.0,explicit,0.8571428571428571,0.21428571428571427,0.11889234187047719
47.0,explicit,0.8571428571428571,0.2857142857142857,0.15944392509885566
47.0,explicit,0.8571428571428571,0.3571428571428571,0.1969017408935417
47.0,explicit,0.8571428571428571,0.42857142857142855,0.2262310550474199
47.0,explicit,0.8571428571428571,0.5,0.2381599890843365
47.0,explicit,0.8571428571428571,0.5714285714285714,0.22623105504741992
47.0,explicit,0.8571428571428571,0.6428571428571428,0.19690174089354176
47.0,explicit,0.8571428571428571,0.7142857142857142,0.15944392509885572
47.0,explicit,0.8571428571428571,0.7857142857142857,0.1188923418704772
47.0,explicit,0.8571428571428571,0.8571428571428571,0.07689455684062842
47.0,explicit,0.8571428571428571,0.9285714285714285,0.03717317743032681
47.0,explicit,0.8571428571428571,1.0,0.00917607765355023
47.0,explicit,0.9285714285714285,0.0,0.00917607765355023
47.0,explicit,0.9285714285714285,0.07142857142857142,0.01851908612210703
47.0,explicit,0.9285714285714285,0.14285714285714285,0.03717317743032682
47.0,explicit,0.9285714285714285,0.21428571428571427,0.0581546926967432
47.0,explicit,0.9285714285714285,0.2857142857142857,0.07850226001080225
47.0,explicit,0.9285714285714285,0.3571428571428571,0.09725499878653515
47.0,explicit,0.9285714285714285,0.42857142857142855,0.11192688531947396
47.0,explicit,0.9285714285714285,0.5,0.11789338223071812
47.0,explicit,0.9285714285714285,0.5714285714285714,0.11192688531947398
47.0,explicit,0.9285714285714285,0.6428571428571428,0.09725499878653518
47.0,explicit,0.9285714285714285,0.7142857142857142,0.07850226001080227
47.0,explicit,0.9285714285714285,0.7857142857142857,0.058154692696743206
47.0,explicit,0.9285714285714285,0.8571428571428571,0.037173177430326824
47.0,explicit,0.9285714285714285,0.9285714285714285,0.018519086122107037
47.0,explicit,0.9285714285714285,1.0,0.00917607765355023
47.0,explicit,1.0,0.0,0.00917607765355023
47.0,explicit,1.0,0.07142857142857142,0.00917607765355023
47.0,explicit,1.0,0.14285714285714285,0.00917607765355023
47.0,explicit,1.0,0.21428571428571427,0.00917607765355023
47.0,explicit,1.0,0.2857142857142857,0.00917607765355023
47.0,explicit,1.0,0.3571428571428571,0.00917607765355023
47.0,explicit,1.0,0.42857142857142855,0.00917607765355023
47.0,explicit,1.0,0.5,0.00917607765355023
47.0,explicit,1.0,0.5714285714285714,0.00917607765355023
47.0,explicit,1.0,0.6428571428571428,0.00917607765355023
47.0,explicit,1.0,0.7142857142857142,0.00917607765355023
47.0,explicit,1.0,0.7857142857142857,0.00917607765355023
47.0,explicit,1.0,0.8571428571428571,0.00917607765355023
47.0,explicit,1.0,0.9285714285714285,0.00917607765355023
47.0,explicit,1.0,1.0,0.00917607765355023
48.0,explicit,0.0,0.0,-0.021967188783751194
48.0,explicit,0.0,0.07142857142857142,-0.021967188783751194
48.0,explicit,0.0,0.14285714285714285,-0.021967188783751194
48.0,explicit,0.0,0.21428571428571427,-0.021967188783751194
48.0,explicit,0.0,0.2857142857142857,-0.021967188783751194
48.0,explicit,0.0,0.3571428571428571,-0.021967188783751194
48.0,explicit,0.0,0.42857142857142855,-0.021967188783751194
48.0,explicit,0.0,0.5,-0.021967188783751194
48.0,explicit,0.0,0.5714285714285714,-0.021967188783751194
48.0,explicit,0.0,0.6428571428571428,-0.021967188783751194
48.0,explicit,0.0,0.7142857142857142,-0.021967188783751194
48.0,explicit,0.0,0.7857142857142857,-0.021967188783751194
48.0,explicit,0.0,0.8571428571428571,-0.021967188783751194
48.0,explicit,0.0,0.9285714285714285,-0.021967188783751194
48.0,explicit,0.0,1.0,-0.021967188783751194
48.0,explicit,0.07142857142857142,0.0,-0.021967188783751194
48.0,explicit,0.07142857142857142,0.07142857142857142,0.01332579262223917
48.0,explicit,0.07142857142857142,0.14285714285714285,0.0347066016935615
48.0,explicit,0.07142857142857142,0.21428571428571427,0.055608312884255974
48.0,explicit,0.07142857142857142,0.2857142857142857,0.07592508955204447
48.0,explicit,0.07142857142857142,0.3571428571428571,0.09460830108479829
48.0,explicit,0.07142857142857142,0.42857142857142855,0.10915379061555483
48.0,explicit,0.07142857142857142,0.5,0.11503272821281421
48.0,explicit,0.07142857142857142,0.5714285714285714,0.10915379061555486
48.0,explicit,0.07142857142857142,0.6428571428571428,0.09460830108479831
48.0,explicit,0.07142857142857142,0.7142857142857142,0.07592508955204448
48.0,explicit,0.07142857142857142,0.7857142857142857,0.055608312884255995
48.0,explicit,0.07142857142857142,0.8571428571428571,0.03470660169356151
48.0,explicit,0.07142857142857142,0.9285714285714285,0.01332579262223918
48.0,explicit,0.07142857142857142,1.0,-0.021967188783751194
48.0,explicit,0.14285714285714285,0.0,-0.021967188783751194
48.0,explicit,0.14285714285714285,0.07142857142857142,0.03470660169356148
48.0,explicit,0.14285714285714285,0.14285714285714285,0.07702123612308981
48.0,explicit,0.14285714285714285,0.21428571428571427,0.11890405183752047
48.0,explicit,0.14285714285714285,0.2857142857142857,0.15940365088863373
48.0,explicit,0.14285714285714285,0.3571428571428571,0.19672082605923621
48.0,explicit,0.14285714285714285,0.42857142857142855,0.22579603780336394
48.0,explicit,0.14285714285714285,0.5,0.23754944231782305
48.0,explicit,0.14285714285714285,0.5714285714285714,0.22579603780336396
48.0,explicit,0.14285714285714285,0.6428571428571428,0.19672082605923627
48.0,explicit,0.14285714285714285,0.7142857142857142,0.15940365088863376
48.0,explicit,0.14285714285714285,0.7857142857142857,0.1189040518375205
48.0,explicit,0.14285714285714285,0.8571428571428571,0.07702123612308984
48.0,explicit,0.14285714285714285,0.9285714285714285,0.0347066016935615
48.0,explicit,0.14285714285714285,1.0,-0.021967188783751194
48.0,explicit,0.21428571428571427,0.0,-0.021967188783751194
48.0,explicit,0.21428571428571427,0.07142857142857142,0.055608312884255974
48.0,explicit,0.21428571428571427,0.14285714285714285,0.11890405183752047
48.0,explicit,0.21428571428571427,0.21428571428571427,0.1813348416108952
48.0,explicit,0.21428571428571427,0.2857142857142857,0.24180020984198664
48.0,explicit,0.21428571428571427,0.3571428571428571,0.29765174191568805
48.0,explicit,0.21428571428571427,0.42857142857142855,0.3411987526856534
48.0,explicit,0.21428571428571427,0.5,0.35880448681092286
48.0,explicit,0.21428571428571427,0.5714285714285714,0.3411987526856534
48.0,explicit,0.21428571428571427,0.6428571428571428,0.2976517419156881
48.0,explicit,0.21428571428571427,0.7142857142857142,0.24180020984198666
48.0,explicit,0.21428571428571427,0.7857142857142857,0.18133484161089522
48.0,explicit,0.21428571428571427,0.8571428571428571,0.11890405183752051
48.0,explicit,0.21428571428571427,0.9285714285714285,0.055608312884256
48.0,explicit,0.21428571428571427,1.0,-0.021967188783751194
48.0,explicit,0.2857142857142857,0.0,-0.021967188783751194
48.0,explicit,0.2857142857142857,0.07142857142857142,0.07592508955204447
48.0,explicit,0.2857142857142857,0.14285714285714285,0.15940365088863373
48.0,explicit,0.2857142857142857,0.21428571428571427,0.24180020984198664
48.0,explicit,0.2857142857142857,0.2857142857142857,0.32181980310132413
48.0,explicit,0.2857142857142857,0.3571428571428571,0.39587016460800273
48.0,explicit,0.2857142857142857,0.42857142857142855,0.45363350530673346
48.0,explicit,0.2857142857142857,0.5,0.47698805467651884
48.0,explicit,0.2857142857142857,0.5714285714285714,0.45363350530673346
48.0,explicit,0.2857142857142857,0.6428571428571428,0.3958701646080028
48.0,explicit,0.2857142857142857,0.7142857142857142,0.32181980310132424
48.0,explicit,0.2857142857142857,0.7857142857142857,0.2418002098419867
48.0,explicit,0.2857142857142857,0.8571428571428571,0.15940365088863379
48.0,explicit,0.2857142857142857,0.9285714285714285,0.07592508955204451
48.0,explicit,0.2857142857142857,1.0,-0.021967188783751194
48.0,explicit,0.3571428571428571,0.0,-0.021967188783751194
48.0,explicit,0.3571428571428571,0.07142857142857142,0.09460830108479829
48.0,explicit,0.3571428571428571,0.14285714285714285,0.19672082605923621
48.0,explicit,0.3571428571428571,0.21428571428571427,0.29765174191568805
48.0,explicit,0.3571428571428571,0.2857142857142857,0.39587016460800273
48.0,explicit,0.3571428571428571,0.3571428571428571,0.4868676587113602
48.0,explicit,0.3571428571428571,0.42857142857142855,0.5578679424230827
48.0,explicit,0.3571428571428571,0.5,0.5865736640601297
48.0,explicit,0.3571428571428571,0.5714285714285714,0.5578679424230827
48.0,explicit,0.3571428571428571,0.6428571428571428,0.4868676587113603
48.0,explicit,0.3571428571428571,0.7142857142857142,0.39587016460800284
48.0,explicit,0.3571428571428571,0.7857142857142857,0.29765174191568816
48.0,explicit,0.3571428571428571,0.8571428571428571,0.1967208260592363
48.0,explicit,0.3571428571428571,0.9285714285714285,0.09460830108479833
48.0,explicit,0.3571428571428571,1.0,-0.021967188783751194
48.0,explicit,0.42857142857142855,0.0,-0.021967188783751194
48.0,explicit,0.42857142857142855,0.07142857142857142,0.10915379061555483
48.0,explicit,0.42857142857142855,0.14285714285714285,0.22579603780336394
48.0,explicit,0.42857142857142855,0.21428571428571427,0.3411987526856534
48.0,explicit,0.42857142857142855,0.2857142857142857,0.45363350530673346
48.0,explicit,0.42857142857142855,0.3571428571428571,0.5578679424230827
48.0,explicit,0.42857142857142855,0.42857142857142855,0.6392027349785314
48.0,explicit,0.42857142857142855,0.5,0.6720839307791954
48.0,explicit,0.42857142857142855,0.5714285714285714,0.6392027349785315
48.0,explicit,0.42857142857142855,0.6428571428571428,0.5578679424230828
48.0,explicit,0.42857142857142855,0.7142857142857142,0.4536335053067336
48.0,explicit,0.42857142857142855,0.7857142857142857,0.34119875268565353
48.0,explicit,0.42857142857142855,0.8571428571428571,0.22579603780336402
48.0,explicit,0.42857142857142855,0.9285714285714285,0.1091537906155549
48.0,explicit,0.42857142857142855,1.0,-0.021967188783751194
48.0,explicit,0.5,0.0,-0.021967188783751194
48.0,explicit,0.5,0.07142857142857142,0.11503272821281421
48.0,explicit,0.5,0.14285714285714285,0.23754944231782307
48.0,explicit,0.5,0.21428571428571427,0.3588044868109229
48.0,explicit,0.5,0.2857142857142857,0.47698805467651884
48.0,explicit,0.5,0.3571428571428571,0.5865736640601297
48.0,explicit,0.5,0.42857142857142855,0.6720839307791954
48.0,explicit,0.5,0.5,0.7066509766857851
48.0,explicit,0.5,0.5714285714285714,0.6720839307791955
48.0,explicit,0.5,0.6428571428571428,0.5865736640601298
48.0,explicit,0.5,0.7142857142857142,0.476988054676519
48.0,explicit,0.5,0.7857142857142857,0.35880448681092303
48.0,explicit,0.5,0.8571428571428571,0.23754944231782316
48.0,explicit,0.5,0.9285714285714285,0.11503272821281427
48.0,explicit,0.5,1.0,-0.021967188783751194
48.0,explicit,0.5714285714285714,0.0,-0.021967188783751194
48.0,explicit,0.5714285714285714,0.07142857142857142,0.10915379061555484
48.0,explicit,0.5714285714285714,0.14285714285714285,0.22579603780336396
48.0,explicit,0.5714285714285714,0.21428571428571427,0.3411987526856534
48.0,explicit,0.5714285714285714,0.2857142857142857,0.45363350530673346
48.0,explicit,0.5714285714285714,0.3571428571428571,0.5578679424230827
48.0,explicit,0.5714285714285714,0.42857142857142855,0.6392027349785315
48.0,explicit,0.5714285714285714,0.5,0.6720839307791955
48.0,explicit,0.5714285714285714,0.5714285714285714,0.6392027349785316
48.0,explicit,0.5714285714285714,0.6428571428571428,0.5578679424230829
48.0,explicit,0.5714285714285714,0.7142857142857142,0.4536335053067337
48.0,explicit,0.5714285714285714,0.7857142857142857,0.34119875268565353
48.0,explicit,0.5714285714285714,0.8571428571428571,0.22579603780336402
48.0,explicit,0.5714285714285714,0.9285714285714285,0.1091537906155549
48.0,explicit,0.5714285714285714,1.0,-0.021967188783751194
48.0,explicit,0.6428571428571428,0.0,-0.021967188783751194
48.0,explicit,0.6428571428571428,0.07142857142857142,0.0946083010847983
48.0,explicit,0.6428571428571428,0.14285714285714285,0.19672082605923627
48.0,explicit,0.6428571428571428,0.21428571428571427,0.2976517419156881
48.0,explicit,0.6428571428571428,0.2857142857142857,0.3958701646080028
48.0,explicit,0.6428571428571428,0.3571428571428571,0.4868676587113603
48.0,explicit,0.6428571428571428,0.42857142857142855,0.5578679424230828
48.0,explicit,0.6428571428571428,0.5,0.5865736640601298
48.0,explicit,0.6428571428571428,0.5714285714285714,0.5578679424230829
48.0,explicit,0.6428571428571428,0.6428571428571428,0.4868676587113604
48.0,explicit,0.6428571428571428,0.7142857142857142,0.39587016460800295
48.0,explicit,0.6428571428571428,0.7857142857142857,0.2976517419156882
48.0,explicit,0.6428571428571428,0.8571428571428571,0.19672082605923633
48.0,explicit,0.6428571428571428,0.9285714285714285,0.09460830108479835
48.0,explicit,0.6428571428571428,1.0,-0.021967188783751194
48.0,explicit,0.7142857142857142,0.0,-0.021967188783751194
48.0,explicit,0.7142857142857142,0.07142857142857142,0.07592508955204448
48.0,explicit,0.7142857142857142,0.14285714285714285,0.15940365088863376
48.0,explicit,0.7142857142857142,0.21428571428571427,0.24180020984198666
48.0,explicit,0.7142857142857142,0.2857142857142857,0.32181980310132424
48.0,explicit,0.7142857142857142,0.3571428571428571,0.39587016460800284
48.0,explicit,0.7142857142857142,0.42857142857142855,0.4536335053067336
48.0,explicit,0.7142857142857142,0.5,0.476988054676519
48.0,explicit,0.7142857142857142,0.5714285714285714,0.4536335053067337
48.0,explicit,0.7142857142857142,0.6428571428571428,0.39587016460800295
48.0,explicit,0.7142857142857142,0.7142857142857142,0.32181980310132435
48.0,explicit,0.7142857142857142,0.7857142857142857,0.24180020984198675
48.0,explicit,0.7142857142857142,0.8571428571428571,0.15940365088863384
48.0,explicit,0.7142857142857142,0.9285714285714285,0.07592508955204452
48.0,explicit,0.7142857142857142,1.0,-0.021967188783751194
48.0,explicit,0.7857142857142857,0.0,-0.021967188783751194
48.0,explicit,0.7857142857142857,0.07142857142857142,0.05560831288425599
48.0,explicit,0.7857142857142857,0.14285714285714285,0.1189040518375205
48.0,explicit,0.7857142857142857,0.21428571428571427,0.18133484161089522
48.0,explicit,0.7857142857142857,0.2857142857142857,0.2418002098419867
48.0,explicit,0.7857142857142857,0.3571428571428571,0.29765174191568816
48.0,explicit,0.7857142857142857,0.42857142857142855,0.34119875268565353
48.0,explicit,0.7857142857142857,0.5,0.35880448681092303
48.0,explicit,0.7857142857142857,0.5714285714285714,0.34119875268565353
48.0,explicit,0.7857142857142857,0.6428571428571428,0.2976517419156882
48.0,explicit,0.7857142857142857,0.7142857142857142,0.24180020984198675
48.0,explicit,0.7857142857142857,0.7857142857142857,0.18133484161089525
48.0,explicit,0.7857142857142857,0.8571428571428571,0.11890405183752052
48.0,explicit,0.7857142857142857,0.9285714285714285,0.05560831288425601
48.0,explicit,0.7857142857142857,1.0,-0.021967188783751194
48.0,explicit,0.8571428571428571,0.0,-0.021967188783751194
48.0,explicit,0.8571428571428571,0.07142857142857142,0.0347066016935615
48.0,explicit,0.8571428571428571,0.14285714285714285,0.07702123612308984
48.0,explicit,0.8571428571428571,0.21428571428571427,0.11890405183752051
48.0,explicit,0.8571428571428571,0.2857142857142857,0.15940365088863379
48.0,explicit,0.8571428571428571,0.3571428571428571,0.1967208260592363
48.0,explicit,0.8571428571428571,0.42857142857142855,0.22579603780336402
48.0,explicit,0.8571428571428571,0.5,0.23754944231782316
48.0,explicit,0.8571428571428571,0.5714285714285714,0.22579603780336405
48.0,explicit,0.8571428571428571,0.6428571428571428,0.19672082605923635
48.0,explicit,0.8571428571428571,0.7142857142857142,0.15940365088863384
48.0,explicit,0.8571428571428571,0.7857142857142857,0.11890405183752052
48.0,explicit,0.8571428571428571,0.8571428571428571,0.07702123612308985
48.0,explicit,0.8571428571428571,0.9285714285714285,0.03470660169356151
48.0,explicit,0.8571428571428571,1.0,-0.021967188783751194
48.0,explicit,0.9285714285714285,0.0,-0.021967188783751194
48.0,explicit,0.9285714285714285,0.07142857142857142,0.01332579262223918
48.0,explicit,0.9285714285714285,0.14285714285714285,0.03470660169356152
48.0,explicit,0.9285714285714285,0.21428571428571427,0.05560831288425601
48.0,explicit,0.9285714285714285,0.2857142857142857,0.07592508955204451
48.0,explicit,0.9285714285714285,0.3571428571428571,0.09460830108479833
48.0,explicit,0.9285714285714285,0.42857142857142855,0.1091537906155549
48.0,explicit,0.9285714285714285,0.5,0.11503272821281428
48.0,explicit,0.9285714285714285,0.5714285714285714,0.10915379061555491
48.0,explicit,0.9285714285714285,0.6428571428571428,0.09460830108479835
48.0,explicit,0.9285714285714285,0.7142857142857142,0.07592508955204452
48.0,explicit,0.9285714285714285,0.7857142857142857,0.055608312884256016
48.0,explicit,0.9285714285714285,0.8571428571428571,0.034706601693561524
48.0,explicit,0.9285714285714285,0.9285714285714285,0.013325792622239187
48.0,explicit,0.9285714285714285,1.0,-0.021967188783751194
48.0,explicit,1.0,0.0,-0.021967188783751194
48.0,explicit,1.0,0.07142857142857142,-0.021967188783751194
48.0,explicit,1.0,0.14285714285714285,-0.021967188783751194
48.0,explicit,1.0,0.21428571428571427,-0.021967188783751194
48.0,explicit,1.0,0.2857142857142857,-0.021967188783751194
48.0,explicit,1.0,0.3571428571428571,-0.021967188783751194
48.0,explicit,1.0,0.42857142857142855,-0.021967188783751194
48.0,explicit,1.0,0.5,-0.021967188783751194
48.0,explicit,1.0,0.5714285714285714,-0.021967188783751194
48.0,explicit,1.0,0.6428571428571428,-0.021967188783751194
48.0,explicit,1.0,0.7142857142857142,-0.021967188783751194
48.0,explicit,1.0,0.7857142857142857,-0.021967188783751194
48.0,explicit,1.0,0.8571428571428571,-0.021967188783751194
48.0,explicit,1.0,0.9285714285714285,-0.021967188783751194
48.0,explicit,1.0,1.0,-0.021967188783751194
49.0,explicit,0.0,0.0,0.14778940447415162
49.0,explicit,0.0,0.07142857142857142,0.14778940447415162
49.0,explicit,0.0,0.14285714285714285,0.14778940447415162
49.0,explicit,0.0,0.21428571428571427,0.14778940447415162
49.0,explicit,0.0,0.2857142857142857,0.14778940447415162
49.0,explicit,0.0,0.3571428571428571,0.14778940447415162
49.0,explicit,0.0,0.42857142857142855,0.14778940447415162
49.0,explicit,0.0,0.5,0.14778940447415162
49.0,explicit,0.0,0.5714285714285714,0.14778940447415162
49.0,explicit,0.0,0.6428571428571428,0.14778940447415162
49.0,explicit,0.0,0.7142857142857142,0.14778940447415162
49.0,explicit,0.0,0.7857142857142857,0.14778940447415162
49.0,explicit,0.0,0.8571428571428571,0.14778940447415162
49.0,explicit,0.0,0.9285714285714285,0.14778940447415162
49.0,explicit,0.0,1.0,0.14778940447415162
49.0,explicit,0.07142857142857142,0.0,0.14778940447415162
49.0,explicit,0.07142857142857142,0.07142857142857142,0.014158702118423239
49.0,explicit,0.07142857142857142,0.14285714285714285,0.03509300454858927
49.0,explicit,0.07142857142857142,0.21428571428571427,0.055995965016098104
49.0,explicit,0.07142857142857142,0.2857142857142857,0.07628037976964991
49.0,explicit,0.07142857142857142,0.3571428571428571,0.0948935358646846
49.0,explicit,0.07142857142857142,0.42857142857142855,0.10931519984638126
49.0,explicit,0.07142857142857142,0.5,0.11511024029337469
49.0,explicit,0.07142857142857142,0.5714285714285714,0.10931519984638129
49.0,explicit,0.07142857142857142,0.6428571428571428,0.09489353586468463
49.0,explicit,0.07142857142857142,0.7142857142857142,0.07628037976964992
49.0,explicit,0.07142857142857142,0.7857142857142857,0.055995965016098125
49.0,explicit,0.07142857142857142,0.8571428571428571,0.03509300454858928
49.0,explicit,0.07142857142857142,0.9285714285714285,0.014158702118423247
49.0,explicit,0.07142857142857142,1.0,0.14778940447415162
49.0,explicit,0.14285714285714285,0.0,0.14778940447415162
49.0,explicit,0.14285714285714285,0.07142857142857142,0.035093004548589254
49.0,explicit,0.14285714285714285,0.14285714285714285,0.07699182403929594
49.0,explicit,0.14285714285714285,0.21428571428571427,0.1188396823551108
49.0,explicit,0.14285714285714285,0.2857142857142857,0.15928355246966228
49.0,explicit,0.14285714285714285,0.3571428571428571,0.19645923000362664
49.0,explicit,0.14285714285714285,0.42857142857142855,0.22528545386858564
49.0,explicit,0.14285714285714285,0.5,0.23687063330366817
49.0,explicit,0.14285714285714285,0.5714285714285714,0.22528545386858567
49.0,explicit,0.14285714285714285,0.6428571428571428,0.1964592300036267
49.0,explicit,0.14285714285714285,0.7142857142857142,0.1592835524696623
49.0,explicit,0.14285714285714285,0.7857142857142857,0.11883968235511083
49.0,explicit,0.14285714285714285,0.8571428571428571,0.07699182403929597
49.0,explicit,0.14285714285714285,0.9285714285714285,0.03509300454858927
49.0,explicit,0.14285714285714285,1.0,0.14778940447415162
49.0,explicit,0.21428571428571427,0.0,0.14778940447415162
49.0,explicit,0.21428571428571427,0.07142857142857142,0.055995965016098104
49.0,explicit,0.21428571428571427,0.14285714285714285,0.1188396823551108
49.0,explicit,0.21428571428571427,0.21428571428571427,0.18122667233606193
49.0,explicit,0.21428571428571427,0.2857142857142857,0.2416074072139504
49.0,explicit,0.21428571428571427,0.3571428571428571,0.2972388324013946
49.0,explicit,0.21428571428571427,0.42857142857142855,0.3404072431164752
49.0,explicit,0.21428571428571427,0.5,0.3577589009417935
49.0,explicit,0.21428571428571427,0.5714285714285714,0.3404072431164752
49.0,explicit,0.21428571428571427,0.6428571428571428,0.29723883240139465
49.0,explicit,0.21428571428571427,0.7142857142857142,0.24160740721395044
49.0,explicit,0.21428571428571427,0.7857142857142857,0.18122667233606196
49.0,explicit,0.21428571428571427,0.8571428571428571,0.11883968235511085
49.0,explicit,0.21428571428571427,0.9285714285714285,0.05599596501609813
49.0,explicit,0.21428571428571427,1.0,0.14778940447415162
49.0,explicit,0.2857142857142857,0.0,0.14778940447415162
49.0,explicit,0.2857142857142857,0.07142857142857142,0.07628037976964991
49.0,explicit,0.2857142857142857,0.14285714285714285,0.15928355246966228
49.0,explicit,0.2857142857142857,0.21428571428571427,0.2416074072139504
49.0,explicit,0.2857142857142857,0.2857142857142857,0.32149036484043797
49.0,explicit,0.2857142857142857,0.3571428571428571,0.39522344826175726
49.0,explicit,0.2857142857142857,0.42857142857142855,0.45246611759322924
49.0,explicit,0.2857142857142857,0.5,0.47547642273408075
49.0,explicit,0.2857142857142857,0.5714285714285714,0.4524661175932293
49.0,explicit,0.2857142857142857,0.6428571428571428,0.3952234482617573
49.0,explicit,0.2857142857142857,0.7142857142857142,0.3214903648404381
49.0,explicit,0.2857142857142857,0.7857142857142857,0.24160740721395046
49.0,explicit,0.2857142857142857,0.8571428571428571,0.15928355246966233
49.0,explicit,0.2857142857142857,0.9285714285714285,0.07628037976964995
49.0,explicit,0.2857142857142857,1.0,0.14778940447415162
49.0,explicit,0.3571428571428571,0.0,0.14778940447415162
49.0,explicit,0.3571428571428571,0.07142857142857142,0.0948935358646846
49.0,explicit,0.3571428571428571,0.14285714285714285,0.19645923000362664
49.0,explicit,0.3571428571428571,0.21428571428571427,0.2972388324013946
49.0,explicit,0.3571428571428571,0.2857142857142857,0.39522344826175726
49.0,explicit,0.3571428571428571,0.3571428571428571,0.48576907636104283
49.0,explicit,0.3571428571428571,0.42857142857142855,0.5560824476472559
49.0,explicit,0.3571428571428571,0.5,0.5843464259445104
49.0,explicit,0.3571428571428571,0.5714285714285714,0.5560824476472559
49.0,explicit,0.3571428571428571,0.6428571428571428,0.48576907636104294
49.0,explicit,0.3571428571428571,0.7142857142857142,0.39522344826175737
49.0,explicit,0.3571428571428571,0.7857142857142857,0.2972388324013947
49.0,explicit,0.3571428571428571,0.8571428571428571,0.19645923000362672
49.0,explicit,0.3571428571428571,0.9285714285714285,0.09489353586468466
49.0,explicit,0.3571428571428571,1.0,0.14778940447415162
49.0,explicit,0.42857142857142855,0.0,0.14778940447415162
49.0,explicit,0.42857142857142855,0.07142857142857142,0.10931519984638126
49.0,explicit,0.42857142857142855,0.14285714285714285,0.22528545386858564
49.0,explicit,0.42857142857142855,0.21428571428571427,0.3404072431164752
49.0,explicit,0.42857142857142855,0.2857142857142857,0.45246611759322924
49.0,explicit,0.42857142857142855,0.3571428571428571,0.5560824476472559
49.0,explicit,0.42857142857142855,0.42857142857142855,0.6365532360506851
49.0,explicit,0.42857142857142855,0.5,0.6688977359475665
49.0,explicit,0.42857142857142855,0.5714285714285714,0.6365532360506853
49.0,explicit,0.42857142857142855,0.6428571428571428,0.556082447647256
49.0,explicit,0.42857142857142855,0.7142857142857142,0.4524661175932294
49.0,explicit,0.42857142857142855,0.7857142857142857,0.3404072431164753
49.0,explicit,0.42857142857142855,0.8571428571428571,0.22528545386858573
49.0,explicit,0.42857142857142855,0.9285714285714285,0.10931519984638133
49.0,explicit,0.42857142857142855,1.0,0.14778940447415162
49.0,explicit,0.5,0.0,0.14778940447415162
49.0,explicit,0.5,0.07142857142857142,0.11511024029337467
49.0,explicit,0.5,0.14285714285714285,0.2368706333036682
49.0,explicit,0.5,0.21428571428571427,0.3577589009417936
49.0,explicit,0.5,0.2857142857142857,0.47547642273408075
49.0,explicit,0.5,0.3571428571428571,0.5843464259445104
49.0,explicit,0.5,0.42857142857142855,0.6688977359475665
49.0,explicit,0.5,0.5,0.702880441670424
49.0,explicit,0.5,0.5714285714285714,0.6688977359475666
49.0,explicit,0.5,0.6428571428571428,0.5843464259445105
49.0,explicit,0.5,0.7142857142857142,0.47547642273408086
49.0,explicit,0.5,0.7857142857142857,0.3577589009417937
49.0,explicit,0.5,0.8571428571428571,0.23687063330366828
49.0,explicit,0.5,0.9285714285714285,0.11511024029337474
49.0,explicit,0.5,1.0,0.14778940447415162
49.0,explicit,0.5714285714285714,0.0,0.14778940447415162
49.0,explicit,0.5714285714285714,0.07142857142857142,0.10931519984638127
49.0,explicit,0.5714285714285714,0.14285714285714285,0.22528545386858567
49.0,explicit,0.5714285714285714,0.21428571428571427,0.3404072431164752
49.0,explicit,0.5714285714285714,0.2857142857142857,0.4524661175932293
49.0,explicit,0.5714285714285714,0.3571428571428571,0.5560824476472559
49.0,explicit,0.5714285714285714,0.42857142857142855,0.6365532360506853
49.0,explicit,0.5714285714285714,0.5,0.6688977359475666
49.0,explicit,0.5714285714285714,0.5714285714285714,0.6365532360506854
49.0,explicit,0.5714285714285714,0.6428571428571428,0.5560824476472561
49.0,explicit,0.5714285714285714,0.7142857142857142,0.45246611759322947
49.0,explicit,0.5714285714285714,0.7857142857142857,0.3404072431164753
49.0,explicit,0.5714285714285714,0.8571428571428571,0.22528545386858573
49.0,explicit,0.5714285714285714,0.9285714285714285,0.10931519984638133
49.0,explicit,0.5714285714285714,1.0,0.14778940447415162
49.0,explicit,0.6428571428571428,0.0,0.14778940447415162
49.0,explicit,0.6428571428571428,0.07142857142857142,0.09489353586468463
49.0,explicit,0.6428571428571428,0.14285714285714285,0.1964592300036267
49.0,explicit,0.6428571428571428,0.21428571428571427,0.29723883240139465
49.0,explicit,0.6428571428571428,0.2857142857142857,0.3952234482617573
49.0,explicit,0.6428571428571428,0.3571428571428571,0.48576907636104294
49.0,explicit,0.6428571428571428,0.42857142857142855,0.556082447647256
49.0,explicit,0.6428571428571428,0.5,0.5843464259445105
49.0,explicit,0.6428571428571428,0.5714285714285714,0.5560824476472561
49.0,explicit,0.6428571428571428,0.6428571428571428,0.48576907636104305
49.0,explicit,0.6428571428571428,0.7142857142857142,0.3952234482617575
49.0,explicit,0.6428571428571428,0.7857142857142857,0.29723883240139476
49.0,explicit,0.6428571428571428,0.8571428571428571,0.19645923000362675
49.0,explicit,0.6428571428571428,0.9285714285714285,0.09489353586468467
49.0,explicit,0.6428571428571428,1.0,0.14778940447415162
49.0,explicit,0.7142857142857142,0.0,0.14778940447415162
49.0,explicit,0.7142857142857142,0.07142857142857142,0.07628037976964992
49.0,explicit,0.7142857142857142,0.14285714285714285,0.1592835524696623
49.0,explicit,0.7142857142857142,0.21428571428571427,0.24160740721395044
49.0,explicit,0.7142857142857142,0.2857142857142857,0.3214903648404381
49.0,explicit,0.7142857142857142,0.3571428571428571,0.39522344826175737
49.0,explicit,0.7142857142857142,0.42857142857142855,0.4524661175932294
49.0,explicit,0.7142857142857142,0.5,0.47547642273408086
49.0,explicit,0.7142857142857142,0.5714285714285714,0.45246611759322947
49.0,explicit,0.7142857142857142,0.6428571428571428,0.3952234482617575
49.0,explicit,0.7142857142857142,0.7142857142857142,0.3214903648404382
49.0,explicit,0.7142857142857142,0.7857142857142857,0.24160740721395052
49.0,explicit,0.7142857142857142,0.8571428571428571,0.1592835524696624
49.0,explicit,0.7142857142857142,0.9285714285714285,0.07628037976964996
49.0,explicit,0.7142857142857142,1.0,0.14778940447415162
49.0,explicit,0.7857142857142857,0.0,0.14778940447415162
49.0,explicit,0.7857142857142857,0.07142857142857142,0.05599596501609812
49.0,explicit,0.7857142857142857,0.14285714285714285,0.11883968235511083
49.0,explicit,0.7857142857142857,0.21428571428571427,0.18122667233606196
49.0,explicit,0.7857142857142857,0.2857142857142857,0.24160740721395046
49.0,explicit,0.7857142857142857,0.3571428571428571,0.2972388324013947
49.0,explicit,0.7857142857142857,0.42857142857142855,0.3404072431164753
49.0,explicit,0.7857142857142857,0.5,0.3577589009417937
49.0,explicit,0.7857142857142857,0.5714285714285714,0.3404072431164753
49.0,explicit,0.7857142857142857,0.6428571428571428,0.29723883240139476
49.0,explicit,0.7857142857142857,0.7142857142857142,0.24160740721395052
49.0,explicit,0.7857142857142857,0.7857142857142857,0.181226672336062
49.0,explicit,0.7857142857142857,0.8571428571428571,0.11883968235511087
49.0,explicit,0.7857142857142857,0.9285714285714285,0.05599596501609814
49.0,explicit,0.7857142857142857,1.0,0.14778940447415162
49.0,explicit,0.8571428571428571,0.0,0.14778940447415162
49.0,explicit,0.8571428571428571,0.07142857142857142,0.03509300454858927
49.0,explicit,0.8571428571428571,0.14285714285714285,0.07699182403929597
49.0,explicit,0.8571428571428571,0.21428571428571427,0.11883968235511085
49.0,explicit,0.8571428571428571,0.2857142857142857,0.15928355246966233
49.0,explicit,0.8571428571428571,0.3571428571428571,0.19645923000362672
49.0,explicit,0.8571428571428571,0.42857142857142855,0.22528545386858573
49.0,explicit,0.8571428571428571,0.5,0.23687063330366828
49.0,explicit,0.8571428571428571,0.5714285714285714,0.22528545386858576
49.0,explicit,0.8571428571428571,0.6428571428571428,0.19645923000362678
49.0,explicit,0.8571428571428571,0.7142857142857142,0.1592835524696624
49.0,explicit,0.8571428571428571,0.7857142857142857,0.11883968235511087
49.0,explicit,0.8571428571428571,0.8571428571428571,0.07699182403929598
49.0,explicit,0.8571428571428571,0.9285714285714285,0.03509300454858928
49.0,explicit,0.8571428571428571,1.0,0.14778940447415162
49.0,explicit,0.9285714285714285,0.0,0.14778940447415162
49.0,explicit,0.9285714285714285,0.07142857142857142,0.014158702118423247
49.0,explicit,0.9285714285714285,0.14285714285714285,0.03509300454858929
49.0,explicit,0.9285714285714285,0.21428571428571427,0.05599596501609814
49.0,explicit,0.9285714285714285,0.2857142857142857,0.07628037976964995
49.0,explicit,0.9285714285714285,0.3571428571428571,0.09489353586468466
49.0,explicit,0.9285714285714285,0.42857142857142855,0.10931519984638133
49.0,explicit,0.9285714285714285,0.5,0.11511024029337474
49.0,explicit,0.9285714285714285,0.5714285714285714,0.10931519984638134
49.0,explicit,0.9285714285714285,0.6428571428571428,0.09489353586468469
49.0,explicit,0.9285714285714285,0.7142857142857142,0.07628037976964996
49.0,explicit,0.9285714285714285,0.7857142857142857,0.055995965016098145
49.0,explicit,0.9285714285714285,0.8571428571428571,0.035093004548589296
49.0,explicit,0.9285714285714285,0.9285714285714285,0.014158702118423254
49.0,explicit,0.9285714285714285,1.0,0.14778940447415162
49.0,explicit,1.0,0.0,0.14778940447415162
49.0,explicit,1.0,0.07142857142857142,0.14778940447415162
49.0,explicit,1.0,0.14285714285714285,0.14778940447415162
49.0,explicit,1.0,0.21428571428571427,0.14778940447415162
49.0,explicit,1.0,0.2857142857142857,0.14778940447415162
49.0,explicit,1.0,0.3571428571428571,0.14778940447415162
49.0,explicit,1.0,0.42857142857142855,0.14778940447415162
49.0,explicit,1.0,0.5,0.14778940447415162
49.0,explicit,1.0,0.5714285714285714,0.14778940447415162
49.0,explicit,1.0,0.6428571428571428,0.14778940447415162
49.0,explicit,1.0,0.7142857142857142,0.14778940447415162
49.0,explicit,1.0,0.7857142857142857,0.14778940447415162
49.0,explicit,1.0,0.8571428571428571,0.14778940447415162
49.0,explicit,1.0,0.9285714285714285,0.14778940447415162
49.0,explicit,1.0,1.0,0.14778940447415162
50.0,explicit,0.0,0.0,-0.05182702182736474
50.0,explicit,0.0,0.07142857142857142,-0.05182702182736474
50.0,explicit,0.0,0.14285714285714285,-0.05182702182736474
50.0,explicit,0.0,0.21428571428571427,-0.05182702182736474
50.0,explicit,0.0,0.2857142857142857,-0.05182702182736474
50.0,explicit,0.0,0.3571428571428571,-0.05182702182736474
50.0,explicit,0.0,0.42857142857142855,-0.05182702182736474
50.0,explicit,0.0,0.5,-0.05182702182736474
50.0,explicit,0.0,0.5714285714285714,-0.05182702182736474
50.0,explicit,0.0,0.6428571428571428,-0.05182702182736474
50.0,explicit,0.0,0.7142857142857142,-0.05182702182736474
50.0,explicit,0.0,0.7857142857142857,-0.05182702182736474
50.0,explicit,0.0,0.8571428571428571,-0.05182702182736474
50.0,explicit,0.0,0.9285714285714285,-0.05182702182736474
50.0,explicit,0.0,1.0,-0.05182702182736474
50.0,explicit,0.07142857142857142,0.0,-0.05182702182736474
50.0,explicit,0.07142857142857142,0.07142857142857142,0.018391725680213036
50.0,explicit,0.07142857142857142,0.14285714285714285,0.03720950089253542
50.0,explicit,0.07142857142857142,0.21428571428571427,0.058104994840061326
50.0,explicit,0.07142857142857142,0.2857142857142857,0.07837328332118178
50.0,explicit,0.07142857142857142,0.3571428571428571,0.09695123563479492
50.0,explicit,0.07142857142857142,0.42857142857142855,0.11131193362394995
50.0,explicit,0.07142857142857142,0.5,0.1170663273125305
50.0,explicit,0.07142857142857142,0.5714285714285714,0.11131193362394998
50.0,explicit,0.07142857142857142,0.6428571428571428,0.09695123563479495
50.0,explicit,0.07142857142857142,0.7142857142857142,0.07837328332118179
50.0,explicit,0.07142857142857142,0.7857142857142857,0.05810499484006135
50.0,explicit,0.07142857142857142,0.8571428571428571,0.037209500892535434
50.0,explicit,0.07142857142857142,0.9285714285714285,0.018391725680213043
50.0,explicit,0.07142857142857142,1.0,-0.05182702182736474
50.0,explicit,0.14285714285714285,0.0,-0.05182702182736474
50.0,explicit,0.14285714285714285,0.07142857142857142,0.037209500892535406
50.0,explicit,0.14285714285714285,0.14285714285714285,0.07699042838149905
50.0,explicit,0.14285714285714285,0.21428571428571427,0.11881420293687082
50.0,explicit,0.14285714285714285,0.2857142857142857,0.15922949784994495
50.0,explicit,0.14285714285714285,0.3571428571428571,0.19633413383769743
50.0,explicit,0.14285714285714285,0.42857142857142855,0.22503774799626147
50.0,explicit,0.14285714285714285,0.5,0.23654141129632333
50.0,explicit,0.14285714285714285,0.5714285714285714,0.2250377479962615
50.0,explicit,0.14285714285714285,0.6428571428571428,0.1963341338376975
50.0,explicit,0.14285714285714285,0.7142857142857142,0.15922949784994497
50.0,explicit,0.14285714285714285,0.7857142857142857,0.11881420293687085
50.0,explicit,0.14285714285714285,0.8571428571428571,0.07699042838149908
50.0,explicit,0.14285714285714285,0.9285714285714285,0.03720950089253542
50.0,explicit,0.14285714285714285,1.0,-0.05182702182736474
50.0,explicit,0.21428571428571427,0.0,-0.05182702182736474
50.0,explicit,0.21428571428571427,0.07142857142857142,0.058104994840061326
50.0,explicit,0.21428571428571427,0.14285714285714285,0.11881420293687082
50.0,explicit,0.21428571428571427,0.21428571428571427,0.18117172765350598
50.0,explicit,0.21428571428571427,0.2857142857142857,0.24150894923869395
50.0,explicit,0.21428571428571427,0.3571428571428571,0.29702989934481544
50.0,explicit,0.21428571428571427,0.42857142857142855,0.34001178389258885
50.0,explicit,0.21428571428571427,0.5,0.35724027838904515
50.0,explicit,0.21428571428571427,0.5714285714285714,0.34001178389258885
50.0,explicit,0.21428571428571427,0.6428571428571428,0.2970298993448155
50.0,explicit,0.21428571428571427,0.7142857142857142,0.24150894923869398
50.0,explicit,0.21428571428571427,0.7857142857142857,0.181171727653506
50.0,explicit,0.21428571428571427,0.8571428571428571,0.11881420293687087
50.0,explicit,0.21428571428571427,0.9285714285714285,0.058104994840061354
50.0,explicit,0.21428571428571427,1.0,-0.05182702182736474
50.0,explicit,0.2857142857142857,0.0,-0.05182702182736474
50.0,explicit,0.2857142857142857,0.07142857142857142,0.07837328332118178
50.0,explicit,0.2857142857142857,0.14285714285714285,0.15922949784994495
50.0,explicit,0.2857142857142857,0.21428571428571427,0.24150894923869395
50.0,explicit,0.2857142857142857,0.2857142857142857,0.32132194015434173
50.0,explicit,0.2857142857142857,0.3571428571428571,0.3948957747304983
50.0,explicit,0.2857142857142857,0.42857142857142855,0.4518817553894181
50.0,explicit,0.2857142857142857,0.5,0.4747250945709157
50.0,explicit,0.2857142857142857,0.5714285714285714,0.45188175538941816
50.0,explicit,0.2857142857142857,0.6428571428571428,0.39489577473049836
50.0,explicit,0.2857142857142857,0.7142857142857142,0.32132194015434185
50.0,explicit,0.2857142857142857,0.7857142857142857,0.241508949238694
50.0,explicit,0.2857142857142857,0.8571428571428571,0.159229497849945
50.0,explicit,0.2857142857142857,0.9285714285714285,0.07837328332118182
50.0,explicit,0.2857142857142857,1.0,-0.05182702182736474
50.0,explicit,0.3571428571428571,0.0,-0.05182702182736474
50.0,explicit,0.3571428571428571,0.07142857142857142,0.09695123563479492
50.0,explicit,0.3571428571428571,0.14285714285714285,0.19633413383769743
50.0,explicit,0.3571428571428571,0.21428571428571427,0.29702989934481544
50.0,explicit,0.3571428571428571,0.2857142857142857,0.3948957747304983
50.0,explicit,0.3571428571428571,0.3571428571428571,0.4852149818561673
50.0,explicit,0.3571428571428571,0.42857142857142855,0.555189710980179
50.0,explicit,0.3571428571428571,0.5,0.5832393649575257
50.0,explicit,0.3571428571428571,0.5714285714285714,0.555189710980179
50.0,explicit,0.3571428571428571,0.6428571428571428,0.4852149818561674
50.0,explicit,0.3571428571428571,0.7142857142857142,0.3948957747304984
50.0,explicit,0.3571428571428571,0.7857142857142857,0.29702989934481555
50.0,explicit,0.3571428571428571,0.8571428571428571,0.19633413383769752
50.0,explicit,0.3571428571428571,0.9285714285714285,0.09695123563479498
50.0,explicit,0.3571428571428571,1.0,-0.05182702182736474
50.0,explicit,0.42857142857142855,0.0,-0.05182702182736474
50.0,explicit,0.42857142857142855,0.07142857142857142,0.11131193362394995
50.0,explicit,0.42857142857142855,0.14285714285714285,0.22503774799626147
50.0,explicit,0.42857142857142855,0.21428571428571427,0.34001178389258885
50.0,explicit,0.42857142857142855,0.2857142857142857,0.4518817553894181
50.0,explicit,0.42857142857142855,0.3571428571428571,0.555189710980179
50.0,explicit,0.42857142857142855,0.42857142857142855,0.6352352164027584
50.0,explicit,0.42857142857142855,0.5,0.6673194739263659
50.0,explicit,0.42857142857142855,0.5714285714285714,0.6352352164027585
50.0,explicit,0.42857142857142855,0.6428571428571428,0.5551897109801791
50.0,explicit,0.42857142857142855,0.7142857142857142,0.45188175538941827
50.0,explicit,0.42857142857142855,0.7857142857142857,0.34001178389258896
50.0,explicit,0.42857142857142855,0.8571428571428571,0.22503774799626156
50.0,explicit,0.42857142857142855,0.9285714285714285,0.11131193362395002
50.0,explicit,0.42857142857142855,1.0,-0.05182702182736474
50.0,explicit,0.5,0.0,-0.05182702182736474
50.0,explicit,0.5,0.07142857142857142,0.11706632731253049
50.0,explicit,0.5,0.14285714285714285,0.23654141129632336
50.0,explicit,0.5,0.21428571428571427,0.3572402783890452
50.0,explicit,0.5,0.2857142857142857,0.4747250945709157
50.0,explicit,0.5,0.3571428571428571,0.5832393649575257
50.0,explicit,0.5,0.42857142857142855,0.6673194739263659
50.0,explicit,0.5,0.5,0.7010190941523686
50.0,explicit,0.5,0.5714285714285714,0.667319473926366
50.0,explicit,0.5,0.6428571428571428,0.5832393649575258
50.0,explicit,0.5,0.7142857142857142,0.47472509457091583
50.0,explicit,0.5,0.7857142857142857,0.3572402783890453
50.0,explicit,0.5,0.8571428571428571,0.23654141129632344
50.0,explicit,0.5,0.9285714285714285,0.11706632731253055
50.0,explicit,0.5,1.0,-0.05182702182736474
50.0,explicit,0.5714285714285714,0.0,-0.05182702182736474
50.0,explicit,0.5714285714285714,0.07142857142857142,0.11131193362394996
50.0,explicit,0.5714285714285714,0.14285714285714285,0.2250377479962615
50.0,explicit,0.5714285714285714,0.21428571428571427,0.34001178389258885
50.0,explicit,0.5714285714285714,0.2857142857142857,0.45188175538941816
50.0,explicit,0.5714285714285714,0.3571428571428571,0.555189710980179
50.0,explicit,0.5714285714285714,0.42857142857142855,0.6352352164027585
50.0,explicit,0.5714285714285714,0.5,0.667319473926366
50.0,explicit,0.5714285714285714,0.5714285714285714,0.6352352164027586
50.0,explicit,0.5714285714285714,0.6428571428571428,0.5551897109801792
50.0,explicit,0.5714285714285714,0.7142857142857142,0.4518817553894183
50.0,explicit,0.5714285714285714,0.7857142857142857,0.34001178389258896
50.0,explicit,0.5714285714285714,0.8571428571428571,0.22503774799626156
50.0,explicit,0.5714285714285714,0.9285714285714285,0.11131193362395002
50.0,explicit,0.5714285714285714,1.0,-0.05182702182736474
50.0,explicit,0.6428571428571428,0.0,-0.05182702182736474
50.0,explicit,0.6428571428571428,0.07142857142857142,0.09695123563479495
50.0,explicit,0.6428571428571428,0.14285714285714285,0.1963341338376975
50.0,explicit,0.6428571428571428,0.21428571428571427,0.2970298993448155
50.0,explicit,0.6428571428571428,0.2857142857142857,0.39489577473049836
50.0,explicit,0.6428571428571428,0.3571428571428571,0.4852149818561674
50.0,explicit,0.6428571428571428,0.42857142857142855,0.5551897109801791
50.0,explicit,0.6428571428571428,0.5,0.5832393649575258
50.0,explicit,0.6428571428571428,0.5714285714285714,0.5551897109801792
50.0,explicit,0.6428571428571428,0.6428571428571428,0.4852149818561675
50.0,explicit,0.6428571428571428,0.7142857142857142,0.3948957747304985
50.0,explicit,0.6428571428571428,0.7857142857142857,0.2970298993448156
50.0,explicit,0.6428571428571428,0.8571428571428571,0.19633413383769754
50.0,explicit,0.6428571428571428,0.9285714285714285,0.09695123563479499
50.0,explicit,0.6428571428571428,1.0,-0.05182702182736474
50.0,explicit,0.7142857142857142,0.0,-0.05182702182736474
50.0,explicit,0.7142857142857142,0.07142857142857142,0.07837328332118179
50.0,explicit,0.7142857142857142,0.14285714285714285,0.15922949784994497
50.0,explicit,0.7142857142857142,0.21428571428571427,0.24150894923869398
50.0,explicit,0.7142857142857142,0.2857142857142857,0.32132194015434185
50.0,explicit,0.7142857142857142,0.3571428571428571,0.3948957747304984
50.0,explicit,0.7142857142857142,0.42857142857142855,0.45188175538941827
50.0,explicit,0.7142857142857142,0.5,0.47472509457091583
50.0,explicit,0.7142857142857142,0.5714285714285714,0.4518817553894183
50.0,explicit,0.7142857142857142,0.6428571428571428,0.3948957747304985
50.0,explicit,0.7142857142857142,0.7142857142857142,0.32132194015434196
50.0,explicit,0.7142857142857142,0.7857142857142857,0.24150894923869407
50.0,explicit,0.7142857142857142,0.8571428571428571,0.15922949784994506
50.0,explicit,0.7142857142857142,0.9285714285714285,0.07837328332118183
50.0,explicit,0.7142857142857142,1.0,-0.05182702182736474
50.0,explicit,0.7857142857142857,0.0,-0.05182702182736474
50.0,explicit,0.7857142857142857,0.07142857142857142,0.05810499484006134
50.0,explicit,0.7857142857142857,0.14285714285714285,0.11881420293687085
50.0,explicit,0.7857142857142857,0.21428571428571427,0.181171727653506
50.0,explicit,0.7857142857142857,0.2857142857142857,0.241508949238694
50.0,explicit,0.7857142857142857,0.3571428571428571,0.29702989934481555
50.0,explicit,0.7857142857142857,0.42857142857142855,0.34001178389258896
50.0,explicit,0.7857142857142857,0.5,0.3572402783890453
50.0,explicit,0.7857142857142857,0.5714285714285714,0.34001178389258896
50.0,explicit,0.7857142857142857,0.6428571428571428,0.2970298993448156
50.0,explicit,0.7857142857142857,0.7142857142857142,0.24150894923869407
50.0,explicit,0.7857142857142857,0.7857142857142857,0.18117172765350603
50.0,explicit,0.7857142857142857,0.8571428571428571,0.1188142029368709
50.0,explicit,0.7857142857142857,0.9285714285714285,0.05810499484006136
50.0,explicit,0.7857142857142857,1.0,-0.05182702182736474
50.0,explicit,0.8571428571428571,0.0,-0.05182702182736474
50.0,explicit,0.8571428571428571,0.07142857142857142,0.03720950089253542
50.0,explicit,0.8571428571428571,0.14285714285714285,0.07699042838149908
50.0,explicit,0.8571428571428571,0.21428571428571427,0.11881420293687087
50.0,explicit,0.8571428571428571,0.2857142857142857,0.159229497849945
50.0,explicit,0.8571428571428571,0.3571428571428571,0.19633413383769752
50.0,explicit,0.8571428571428571,0.42857142857142855,0.22503774799626156
50.0,explicit,0.8571428571428571,0.5,0.23654141129632344
50.0,explicit,0.8571428571428571,0.5714285714285714,0.22503774799626158
50.0,explicit,0.8571428571428571,0.6428571428571428,0.19633413383769757
50.0,explicit,0.8571428571428571,0.7142857142857142,0.15922949784994506
50.0,explicit,0.8571428571428571,0.7857142857142857,0.1188142029368709
50.0,explicit,0.8571428571428571,0.8571428571428571,0.0769904283814991
50.0,explicit,0.8571428571428571,0.9285714285714285,0.037209500892535434
50.0,explicit,0.8571428571428571,1.0,-0.05182702182736474
50.0,explicit,0.9285714285714285,0.0,-0.05182702182736474
50.0,explicit,0.9285714285714285,0.07142857142857142,0.018391725680213043
50.0,explicit,0.9285714285714285,0.14285714285714285,0.03720950089253544
50.0,explicit,0.9285714285714285,0.21428571428571427,0.05810499484006136
50.0,explicit,0.9285714285714285,0.2857142857142857,0.07837328332118182
50.0,explicit,0.9285714285714285,0.3571428571428571,0.09695123563479498
50.0,explicit,0.9285714285714285,0.42857142857142855,0.11131193362395002
50.0,explicit,0.9285714285714285,0.5,0.11706632731253055
50.0,explicit,0.9285714285714285,0.5714285714285714,0.11131193362395003
50.0,explicit,0.9285714285714285,0.6428571428571428,0.096951235634795
50.0,explicit,0.9285714285714285,0.7142857142857142,0.07837328332118183
50.0,explicit,0.9285714285714285,0.7857142857142857,0.05810499484006137
50.0,explicit,0.9285714285714285,0.8571428571428571,0.03720950089253545
50.0,explicit,0.9285714285714285,0.9285714285714285,0.01839172568021305
50.0,explicit,0.9285714285714285,1.0,-0.05182702182736474
50.0,explicit,1.0,0.0,-0.05182702182736474
50.0,explicit,1.0,0.07142857142857142,-0.05182702182736474
50.0,explicit,1.0,0.14285714285714285,-0.05182702182736474
50.0,explicit,1.0,0.21428571428571427,-0.05182702182736474
50.0,explicit,1.0,0.2857142857142857,-0.05182702182736474
50.0,explicit,1.0,0.3571428571428571,-0.05182702182736474
50.0,explicit,1.0,0.42857142857142855,-0.05182702182736474
50.0,explicit,1.0,0.5,-0.05182702182736474
50.0,explicit,1.0,0.5714285714285714,-0.05182702182736474
50.0,explicit,1.0,0.6428571428571428,-0.05182702182736474
50.0,explicit,1.0,0.7142857142857142,-0.05182702182736474
50.0,explicit,1.0,0.7857142857142857,-0.05182702182736474
50.0,explicit,1.0,0.8571428571428571,-0.05182702182736474
50.0,explicit,1.0,0.9285714285714285,-0.05182702182736474
50.0,explicit,1.0,1.0,-0.05182702182736474
51.0,explicit,0.0,0.0,-0.05017570435845366
51.0,explicit,0.0,0.07142857142857142,-0.05017570435845366
51.0,explicit,0.0,0.14285714285714285,-0.05017570435845366
51.0,explicit,0.0,0.21428571428571427,-0.05017570435845366
51.0,explicit,0.0,0.2857142857142857,-0.05017570435845366
51.0,explicit,0.0,0.3571428571428571,-0.05017570435845366
51.0,explicit,0.0,0.42857142857142855,-0.05017570435845366
51.0,explicit,0.0,0.5,-0.05017570435845366
51.0,explicit,0.0,0.5714285714285714,-0.05017570435845366
51.0,explicit,0.0,0.6428571428571428,-0.05017570435845366
51.0,explicit,0.0,0.7142857142857142,-0.05017570435845366
51.0,explicit,0.0,0.7857142857142857,-0.05017570435845366
51.0,explicit,0.0,0.8571428571428571,-0.05017570435845366
51.0,explicit,0.0,0.9285714285714285,-0.05017570435845366
51.0,explicit,0.0,1.0,-0.05017570435845366
51.0,explicit,0.07142857142857142,0.0,-0.05017570435845366
51.0,explicit,0.07142857142857142,0.07142857142857142,0.014840907354412564
51.0,explicit,0.07142857142857142,0.14285714285714285,0.0355275697848894
51.0,explicit,0.07142857142857142,0.21428571428571427,0.056361373645625004
51.0,explicit,0.07142857142857142,0.2857142857142857,0.07659672997672146
51.0,explicit,0.07142857142857142,0.3571428571428571,0.0951039844336683
51.0,explicit,0.07142857142857142,0.42857142857142855,0.10934460853770764
51.0,explicit,0.07142857142857142,0.5,0.11502017866491
51.0,explicit,0.07142857142857142,0.5714285714285714,0.10934460853770767
51.0,explicit,0.07142857142857142,0.6428571428571428,0.09510398443366833
51.0,explicit,0.07142857142857142,0.7142857142857142,0.07659672997672147
51.0,explicit,0.07142857142857142,0.7857142857142857,0.056361373645625025
51.0,explicit,0.07142857142857142,0.8571428571428571,0.03552756978488941
51.0,explicit,0.07142857142857142,0.9285714285714285,0.014840907354412571
51.0,explicit,0.07142857142857142,1.0,-0.05017570435845366
51.0,explicit,0.14285714285714285,0.0,-0.05017570435845366
51.0,explicit,0.14285714285714285,0.07142857142857142,0.035527569784889385
51.0,explicit,0.14285714285714285,0.14285714285714285,0.07708165513119111
51.0,explicit,0.14285714285714285,0.21428571428571427,0.11881089868048514
51.0,explicit,0.14285714285714285,0.2857142857142857,0.15916700420855504
51.0,explicit,0.14285714285714285,0.3571428571428571,0.19612904954355095
51.0,explicit,0.14285714285714285,0.42857142857142855,0.22459114349843448
51.0,explicit,0.14285714285714285,0.5,0.23593670047135804
51.0,explicit,0.14285714285714285,0.5714285714285714,0.2245911434984345
51.0,explicit,0.14285714285714285,0.6428571428571428,0.196129049543551
51.0,explicit,0.14285714285714285,0.7142857142857142,0.15916700420855506
51.0,explicit,0.14285714285714285,0.7857142857142857,0.11881089868048517
51.0,explicit,0.14285714285714285,0.8571428571428571,0.07708165513119114
51.0,explicit,0.14285714285714285,0.9285714285714285,0.0355275697848894
51.0,explicit,0.14285714285714285,1.0,-0.05017570435845366
51.0,explicit,0.21428571428571427,0.0,-0.05017570435845366
51.0,explicit,0.21428571428571427,0.07142857142857142,0.056361373645625004
51.0,explicit,0.21428571428571427,0.14285714285714285,0.11881089868048514
51.0,explicit,0.21428571428571427,0.21428571428571427,0.1810614582154625
51.0,explicit,0.21428571428571427,0.2857142857142857,0.24130862847614576
51.0,explicit,0.21428571428571427,0.3571428571428571,0.296607890685502
51.0,explicit,0.21428571428571427,0.42857142857142855,0.3392221738388619
51.0,explicit,0.21428571428571427,0.5,0.3562116925899116
51.0,explicit,0.21428571428571427,0.5714285714285714,0.3392221738388619
51.0,explicit,0.21428571428571427,0.6428571428571428,0.29660789068550203
51.0,explicit,0.21428571428571427,0.7142857142857142,0.2413086284761458
51.0,explicit,0.21428571428571427,0.7857142857142857,0.18106145821546255
51.0,explicit,0.21428571428571427,0.8571428571428571,0.11881089868048518
51.0,explicit,0.21428571428571427,0.9285714285714285,0.05636137364562503
51.0,explicit,0.21428571428571427,1.0,-0.05017570435845366
51.0,explicit,0.2857142857142857,0.0,-0.05017570435845366
51.0,explicit,0.2857142857142857,0.07142857142857142,0.07659672997672146
51.0,explicit,0.2857142857142857,0.14285714285714285,0.15916700420855504
51.0,explicit,0.2857142857142857,0.21428571428571427,0.24130862847614576
51.0,explicit,0.2857142857142857,0.2857142857142857,0.32097777766334185
51.0,explicit,0.2857142857142857,0.3571428571428571,0.3942320532151375
51.0,explicit,0.2857142857142857,0.42857142857142855,0.4507118378529246
51.0,explicit,0.2857142857142857,0.5,0.47323102966722225
51.0,explicit,0.2857142857142857,0.5714285714285714,0.4507118378529247
51.0,explicit,0.2857142857142857,0.6428571428571428,0.39423205321513755
51.0,explicit,0.2857142857142857,0.7142857142857142,0.32097777766334196
51.0,explicit,0.2857142857142857,0.7857142857142857,0.24130862847614581
51.0,explicit,0.2857142857142857,0.8571428571428571,0.1591670042085551
51.0,explicit,0.2857142857142857,0.9285714285714285,0.0765967299767215
51.0,explicit,0.2857142857142857,1.0,-0.05017570435845366
51.0,explicit,0.3571428571428571,0.0,-0.05017570435845366
51.0,explicit,0.3571428571428571,0.07142857142857142,0.0951039844336683
51.0,explicit,0.3571428571428571,0.14285714285714285,0.19612904954355095
51.0,explicit,0.3571428571428571,0.21428571428571427,0.296607890685502
51.0,explicit,0.3571428571428571,0.2857142857142857,0.3942320532151375
51.0,explicit,0.3571428571428571,0.3571428571428571,0.48409766694039025
51.0,explicit,0.3571428571428571,0.42857142857142855,0.5534046094178027
51.0,explicit,0.3571428571428571,0.5,0.5810380487435367
51.0,explicit,0.3571428571428571,0.5714285714285714,0.5534046094178027
51.0,explicit,0.3571428571428571,0.6428571428571428,0.48409766694039036
51.0,explicit,0.3571428571428571,0.7142857142857142,0.3942320532151376
51.0,explicit,0.3571428571428571,0.7857142857142857,0.2966078906855021
51.0,explicit,0.3571428571428571,0.8571428571428571,0.19612904954355104
51.0,explicit,0.3571428571428571,0.9285714285714285,0.09510398443366835
51.0,explicit,0.3571428571428571,1.0,-0.05017570435845366
51.0,explicit,0.42857142857142855,0.0,-0.05017570435845366
51.0,explicit,0.42857142857142855,0.07142857142857142,0.10934460853770764
51.0,explicit,0.42857142857142855,0.14285714285714285,0.22459114349843448
51.0,explicit,0.42857142857142855,0.21428571428571427,0.3392221738388619
51.0,explicit,0.42857142857142855,0.2857142857142857,0.4507118378529246
51.0,explicit,0.42857142857142855,0.3571428571428571,0.5534046094178027
51.0,explicit,0.42857142857142855,0.42857142857142855,0.6326127577973342
51.0,explicit,0.42857142857142855,0.5,0.6641919225664097
51.0,explicit,0.42857142857142855,0.5714285714285714,0.6326127577973343
51.0,explicit,0.42857142857142855,0.6428571428571428,0.5534046094178028
51.0,explicit,0.42857142857142855,0.7142857142857142,0.4507118378529248
51.0,explicit,0.42857142857142855,0.7857142857142857,0.339222173838862
51.0,explicit,0.42857142857142855,0.8571428571428571,0.22459114349843456
51.0,explicit,0.42857142857142855,0.9285714285714285,0.10934460853770771
51.0,explicit,0.42857142857142855,1.0,-0.05017570435845366
51.0,explicit,0.5,0.0,-0.05017570435845366
51.0,explicit,0.5,0.07142857142857142,0.11502017866490999
51.0,explicit,0.5,0.14285714285714285,0.23593670047135806
51.0,explicit,0.5,0.21428571428571427,0.3562116925899116
51.0,explicit,0.5,0.2857142857142857,0.47323102966722225
51.0,explicit,0.5,0.3571428571428571,0.5810380487435367
51.0,explicit,0.5,0.42857142857142855,0.6641919225664097
51.0,explicit,0.5,0.5,0.697342597942058
51.0,explicit,0.5,0.5714285714285714,0.6641919225664098
51.0,explicit,0.5,0.6428571428571428,0.5810380487435368
51.0,explicit,0.5,0.7142857142857142,0.47323102966722236
51.0,explicit,0.5,0.7857142857142857,0.3562116925899117
51.0,explicit,0.5,0.8571428571428571,0.23593670047135815
51.0,explicit,0.5,0.9285714285714285,0.11502017866491006
51.0,explicit,0.5,1.0,-0.05017570435845366
51.0,explicit,0.5714285714285714,0.0,-0.05017570435845366
51.0,explicit,0.5714285714285714,0.07142857142857142,0.10934460853770765
51.0,explicit,0.5714285714285714,0.14285714285714285,0.22459114349843448
51.0,explicit,0.5714285714285714,0.21428571428571427,0.3392221738388619
51.0,explicit,0.5714285714285714,0.2857142857142857,0.4507118378529247
51.0,explicit,0.5714285714285714,0.3571428571428571,0.5534046094178027
51.0,explicit,0.5714285714285714,0.42857142857142855,0.6326127577973343
51.0,explicit,0.5714285714285714,0.5,0.6641919225664098
51.0,explicit,0.5714285714285714,0.5714285714285714,0.6326127577973344
51.0,explicit,0.5714285714285714,0.6428571428571428,0.5534046094178029
51.0,explicit,0.5714285714285714,0.7142857142857142,0.45071183785292485
51.0,explicit,0.5714285714285714,0.7857142857142857,0.339222173838862
51.0,explicit,0.5714285714285714,0.8571428571428571,0.22459114349843456
51.0,explicit,0.5714285714285714,0.9285714285714285,0.10934460853770771
51.0,explicit,0.5714285714285714,1.0,-0.05017570435845366
51.0,explicit,0.6428571428571428,0.0,-0.05017570435845366
51.0,explicit,0.6428571428571428,0.07142857142857142,0.09510398443366833
51.0,explicit,0.6428571428571428,0.14285714285714285,0.196129049543551
51.0,explicit,0.6428571428571428,0.21428571428571427,0.29660789068550203
51.0,explicit,0.6428571428571428,0.2857142857142857,0.39423205321513755
51.0,explicit,0.6428571428571428,0.3571428571428571,0.48409766694039036
51.0,explicit,0.6428571428571428,0.42857142857142855,0.5534046094178028
51.0,explicit,0.6428571428571428,0.5,0.5810380487435368
51.0,explicit,0.6428571428571428,0.5714285714285714,0.5534046094178029
51.0,explicit,0.6428571428571428,0.6428571428571428,0.48409766694039047
51.0,explicit,0.6428571428571428,0.7142857142857142,0.3942320532151377
51.0,explicit,0.6428571428571428,0.7857142857142857,0.29660789068550214
51.0,explicit,0.6428571428571428,0.8571428571428571,0.19612904954355107
51.0,explicit,0.6428571428571428,0.9285714285714285,0.09510398443366837
51.0,explicit,0.6428571428571428,1.0,-0.05017570435845366
51.0,explicit,0.7142857142857142,0.0,-0.05017570435845366
51.0,explicit,0.7142857142857142,0.07142857142857142,0.07659672997672147
51.0,explicit,0.7142857142857142,0.14285714285714285,0.15916700420855506
51.0,explicit,0.7142857142857142,0.21428571428571427,0.2413086284761458
51.0,explicit,0.7142857142857142,0.2857142857142857,0.32097777766334196
51.0,explicit,0.7142857142857142,0.3571428571428571,0.3942320532151376
51.0,explicit,0.7142857142857142,0.42857142857142855,0.4507118378529248
51.0,explicit,0.7142857142857142,0.5,0.47323102966722236
51.0,explicit,0.7142857142857142,0.5714285714285714,0.45071183785292485
51.0,explicit,0.7142857142857142,0.6428571428571428,0.3942320532151377
51.0,explicit,0.7142857142857142,0.7142857142857142,0.32097777766334207
51.0,explicit,0.7142857142857142,0.7857142857142857,0.24130862847614587
51.0,explicit,0.7142857142857142,0.8571428571428571,0.15916700420855515
51.0,explicit,0.7142857142857142,0.9285714285714285,0.07659672997672151
51.0,explicit,0.7142857142857142,1.0,-0.05017570435845366
51.0,explicit,0.7857142857142857,0.0,-0.05017570435845366
51.0,explicit,0.7857142857142857,0.07142857142857142,0.05636137364562502
51.0,explicit,0.7857142857142857,0.14285714285714285,0.11881089868048517
51.0,explicit,0.7857142857142857,0.21428571428571427,0.18106145821546255
51.0,explicit,0.7857142857142857,0.2857142857142857,0.24130862847614581
51.0,explicit,0.7857142857142857,0.3571428571428571,0.2966078906855021
51.0,explicit,0.7857142857142857,0.42857142857142855,0.339222173838862
51.0,explicit,0.7857142857142857,0.5,0.3562116925899117
51.0,explicit,0.7857142857142857,0.5714285714285714,0.339222173838862
51.0,explicit,0.7857142857142857,0.6428571428571428,0.29660789068550214
51.0,explicit,0.7857142857142857,0.7142857142857142,0.24130862847614587
51.0,explicit,0.7857142857142857,0.7857142857142857,0.1810614582154626
51.0,explicit,0.7857142857142857,0.8571428571428571,0.11881089868048521
51.0,explicit,0.7857142857142857,0.9285714285714285,0.05636137364562504
51.0,explicit,0.7857142857142857,1.0,-0.05017570435845366
51.0,explicit,0.8571428571428571,0.0,-0.05017570435845366
51.0,explicit,0.8571428571428571,0.07142857142857142,0.0355275697848894
51.0,explicit,0.8571428571428571,0.14285714285714285,0.07708165513119114
51.0,explicit,0.8571428571428571,0.21428571428571427,0.11881089868048518
51.0,explicit,0.8571428571428571,0.2857142857142857,0.1591670042085551
51.0,explicit,0.8571428571428571,0.3571428571428571,0.19612904954355104
51.0,explicit,0.8571428571428571,0.42857142857142855,0.22459114349843456
51.0,explicit,0.8571428571428571,0.5,0.23593670047135815
51.0,explicit,0.8571428571428571,0.5714285714285714,0.2245911434984346
51.0,explicit,0.8571428571428571,0.6428571428571428,0.1961290495435511
51.0,explicit,0.8571428571428571,0.7142857142857142,0.15916700420855515
51.0,explicit,0.8571428571428571,0.7857142857142857,0.11881089868048521
51.0,explicit,0.8571428571428571,0.8571428571428571,0.07708165513119115
51.0,explicit,0.8571428571428571,0.9285714285714285,0.03552756978488941
51.0,explicit,0.8571428571428571,1.0,-0.05017570435845366
51.0,explicit,0.9285714285714285,0.0,-0.05017570435845366
51.0,explicit,0.9285714285714285,0.07142857142857142,0.014840907354412571
51.0,explicit,0.9285714285714285,0.14285714285714285,0.03552756978488942
51.0,explicit,0.9285714285714285,0.21428571428571427,0.05636137364562504
51.0,explicit,0.9285714285714285,0.2857142857142857,0.0765967299767215
51.0,explicit,0.9285714285714285,0.3571428571428571,0.09510398443366835
51.0,explicit,0.9285714285714285,0.42857142857142855,0.10934460853770771
51.0,explicit,0.9285714285714285,0.5,0.11502017866491006
51.0,explicit,0.9285714285714285,0.5714285714285714,0.10934460853770772
51.0,explicit,0.9285714285714285,0.6428571428571428,0.09510398443366838
51.0,explicit,0.9285714285714285,0.7142857142857142,0.07659672997672151
51.0,explicit,0.9285714285714285,0.7857142857142857,0.056361373645625046
51.0,explicit,0.9285714285714285,0.8571428571428571,0.035527569784889426
51.0,explicit,0.9285714285714285,0.9285714285714285,0.014840907354412578
51.0,explicit,0.9285714285714285,1.0,-0.05017570435845366
51.0,explicit,1.0,0.0,-0.05017570435845366
51.0,explicit,1.0,0.07142857142857142,-0.05017570435845366
51.0,explicit,1.0,0.14285714285714285,-0.05017570435845366
51.0,explicit,1.0,0.21428571428571427,-0.05017570435845366
51.0,explicit,1.0,0.2857142857142857,-0.05017570435845366
51.0,explicit,1.0,0.3571428571428571,-0.05017570435845366
51.0,explicit,1.0,0.42857142857142855,-0.05017570435845366
51.0,explicit,1.0,0.5,-0.05017570435845366
51.0,explicit,1.0,0.5714285714285714,-0.05017570435845366
51.0,explicit,1.0,0.6428571428571428,-0.05017570435845366
51.0,explicit,1.0,0.7142857142857142,-0.05017570435845366
51.0,explicit,1.0,0.7857142857142857,-0.05017570435845366
51.0,explicit,1.0,0.8571428571428571,-0.05017570435845366
51.0,explicit,1.0,0.9285714285714285,-0.05017570435845366
51.0,explicit,1.0,1.0,-0.05017570435845366
52.0,explicit,0.0,0.0,0.03287511096596845
52.0,explicit,0.0,0.07142857142857142,0.03287511096596845
52.0,explicit,0.0,0.14285714285714285,0.03287511096596845
52.0,explicit,0.0,0.21428571428571427,0.03287511096596845
52.0,explicit,0.0,0.2857142857142857,0.03287511096596845
52.0,explicit,0.0,0.3571428571428571,0.03287511096596845
52.0,explicit,0.0,0.42857142857142855,0.03287511096596845
52.0,explicit,0.0,0.5,0.03287511096596845
52.0,explicit,0.0,0.5714285714285714,0.03287511096596845
52.0,explicit,0.0,0.6428571428571428,0.03287511096596845
52.0,explicit,0.0,0.7142857142857142,0.03287511096596845
52.0,explicit,0.0,0.7857142857142857,0.03287511096596845
52.0,explicit,0.0,0.8571428571428571,0.03287511096596845
52.0,explicit,0.0,0.9285714285714285,0.03287511096596845
52.0,explicit,0.0,1.0,0.03287511096596845
52.0,explicit,0.07142857142857142,0.0,0.03287511096596845
52.0,explicit,0.07142857142857142,0.07142857142857142,0.01634393215518641
52.0,explicit,0.07142857142857142,0.14285714285714285,0.03627112942579828
52.0,explicit,0.07142857142857142,0.21428571428571427,0.05709449497390086
52.0,explicit,0.07142857142857142,0.2857142857142857,0.07729567225502619
52.0,explicit,0.07142857142857142,0.3571428571428571,0.09573188901708872
52.0,explicit,0.07142857142857142,0.42857142857142855,0.10985486932188095
52.0,explicit,0.07142857142857142,0.5,0.11545474242833696
52.0,explicit,0.07142857142857142,0.5714285714285714,0.10985486932188097
52.0,explicit,0.07142857142857142,0.6428571428571428,0.09573188901708875
52.0,explicit,0.07142857142857142,0.7142857142857142,0.0772956722550262
52.0,explicit,0.07142857142857142,0.7857142857142857,0.05709449497390088
52.0,explicit,0.07142857142857142,0.8571428571428571,0.03627112942579829
52.0,explicit,0.07142857142857142,0.9285714285714285,0.016343932155186418
52.0,explicit,0.07142857142857142,1.0,0.03287511096596845
52.0,explicit,0.14285714285714285,0.0,0.03287511096596845
52.0,explicit,0.14285714285714285,0.07142857142857142,0.036271129425798264
52.0,explicit,0.14285714285714285,0.14285714285714285,0.07707389538356951
52.0,explicit,0.14285714285714285,0.21428571428571427,0.11875924172771969
52.0,explicit,0.14285714285714285,0.2857142857142857,0.1590531853241781
52.0,explicit,0.14285714285714285,0.3571428571428571,0.19587203607718184
52.0,explicit,0.14285714285714285,0.42857142857142855,0.22409744834938544
52.0,explicit,0.14285714285714285,0.5,0.23529113411475566
52.0,explicit,0.14285714285714285,0.5714285714285714,0.22409744834938547
52.0,explicit,0.14285714285714285,0.6428571428571428,0.1958720360771819
52.0,explicit,0.14285714285714285,0.7142857142857142,0.15905318532417811
52.0,explicit,0.14285714285714285,0.7857142857142857,0.11875924172771972
52.0,explicit,0.14285714285714285,0.8571428571428571,0.07707389538356954
52.0,explicit,0.14285714285714285,0.9285714285714285,0.03627112942579828
52.0,explicit,0.14285714285714285,1.0,0.03287511096596845
52.0,explicit,0.21428571428571427,0.0,0.03287511096596845
52.0,explicit,0.21428571428571427,0.07142857142857142,0.05709449497390086
52.0,explicit,0.21428571428571427,0.14285714285714285,0.11875924172771969
52.0,explicit,0.21428571428571427,0.21428571428571427,0.18095135870786727
52.0,explicit,0.21428571428571427,0.2857142857142857,0.24110418670327963
52.0,explicit,0.21428571428571427,0.3571428571428571,0.2961808845400449
52.0,explicit,0.21428571428571427,0.42857142857142855,0.338434702426532
52.0,explicit,0.21428571428571427,0.5,0.3551945496316208
52.0,explicit,0.21428571428571427,0.5714285714285714,0.338434702426532
52.0,explicit,0.21428571428571427,0.6428571428571428,0.29618088454004493
52.0,explicit,0.21428571428571427,0.7142857142857142,0.24110418670327968
52.0,explicit,0.21428571428571427,0.7857142857142857,0.18095135870786733
52.0,explicit,0.21428571428571427,0.8571428571428571,0.11875924172771973
52.0,explicit,0.21428571428571427,0.9285714285714285,0.057094494973900886
52.0,explicit,0.21428571428571427,1.0,0.03287511096596845
52.0,explicit,0.2857142857142857,0.0,0.03287511096596845
52.0,explicit,0.2857142857142857,0.07142857142857142,0.07729567225502619
52.0,explicit,0.2857142857142857,0.14285714285714285,0.1590531853241781
52.0,explicit,0.2857142857142857,0.21428571428571427,0.24110418670327963
52.0,explicit,0.2857142857142857,0.2857142857142857,0.32062405305805425
52.0,explicit,0.2857142857142857,0.3571428571428571,0.3935575283885962
52.0,explicit,0.2857142857142857,0.42857142857142855,0.4495405372954787
52.0,explicit,0.2857142857142857,0.5,0.4717479701977561
52.0,explicit,0.2857142857142857,0.5714285714285714,0.4495405372954787
52.0,explicit,0.2857142857142857,0.6428571428571428,0.39355752838859626
52.0,explicit,0.2857142857142857,0.7142857142857142,0.32062405305805436
52.0,explicit,0.2857142857142857,0.7857142857142857,0.2411041867032797
52.0,explicit,0.2857142857142857,0.8571428571428571,0.15905318532417814
52.0,explicit,0.2857142857142857,0.9285714285714285,0.07729567225502623
52.0,explicit,0.2857142857142857,1.0,0.03287511096596845
52.0,explicit,0.3571428571428571,0.0,0.03287511096596845
52.0,explicit,0.3571428571428571,0.07142857142857142,0.09573188901708872
52.0,explicit,0.3571428571428571,0.14285714285714285,0.19587203607718184
52.0,explicit,0.3571428571428571,0.21428571428571427,0.2961808845400449
52.0,explicit,0.3571428571428571,0.2857142857142857,0.3935575283885962
52.0,explicit,0.3571428571428571,0.3571428571428571,0.48296880281529186
52.0,explicit,0.3571428571428571,0.42857142857142855,0.5516204403444721
52.0,explicit,0.3571428571428571,0.5,0.5788534200797667
52.0,explicit,0.3571428571428571,0.5714285714285714,0.5516204403444721
52.0,explicit,0.3571428571428571,0.6428571428571428,0.482968802815292
52.0,explicit,0.3571428571428571,0.7142857142857142,0.3935575283885963
52.0,explicit,0.3571428571428571,0.7857142857142857,0.296180884540045
52.0,explicit,0.3571428571428571,0.8571428571428571,0.19587203607718193
52.0,explicit,0.3571428571428571,0.9285714285714285,0.09573188901708878
52.0,explicit,0.3571428571428571,1.0,0.03287511096596845
52.0,explicit,0.42857142857142855,0.0,0.03287511096596845
52.0,explicit,0.42857142857142855,0.07142857142857142,0.10985486932188095
52.0,explicit,0.42857142857142855,0.14285714285714285,0.22409744834938544
52.0,explicit,0.42857142857142855,0.21428571428571427,0.338434702426532
52.0,explicit,0.42857142857142855,0.2857142857142857,0.4495405372954787
52.0,explicit,0.42857142857142855,0.3571428571428571,0.5516204403444721
52.0,explicit,0.42857142857142855,0.42857142857142855,0.6300085313616741
52.0,explicit,0.42857142857142855,0.5,0.6611021048836225
52.0,explicit,0.42857142857142855,0.5714285714285714,0.6300085313616742
52.0,explicit,0.42857142857142855,0.6428571428571428,0.5516204403444722
52.0,explicit,0.42857142857142855,0.7142857142857142,0.4495405372954788
52.0,explicit,0.42857142857142855,0.7857142857142857,0.3384347024265321
52.0,explicit,0.42857142857142855,0.8571428571428571,0.22409744834938553
52.0,explicit,0.42857142857142855,0.9285714285714285,0.10985486932188102
52.0,explicit,0.42857142857142855,1.0,0.03287511096596845
52.0,explicit,0.5,0.0,0.03287511096596845
52.0,explicit,0.5,0.07142857142857142,0.11545474242833695
52.0,explicit,0.5,0.14285714285714285,0.2352911341147557
52.0,explicit,0.5,0.21428571428571427,0.3551945496316208
52.0,explicit,0.5,0.2857142857142857,0.4717479701977561
52.0,explicit,0.5,0.3571428571428571,0.5788534200797667
52.0,explicit,0.5,0.42857142857142855,0.6611021048836225
52.0,explicit,0.5,0.5,0.6937256306046349
52.0,explicit,0.5,0.5714285714285714,0.6611021048836225
52.0,explicit,0.5,0.6428571428571428,0.5788534200797668
52.0,explicit,0.5,0.7142857142857142,0.4717479701977562
52.0,explicit,0.5,0.7857142857142857,0.3551945496316209
52.0,explicit,0.5,0.8571428571428571,0.23529113411475577
52.0,explicit,0.5,0.9285714285714285,0.11545474242833702
52.0,explicit,0.5,1.0,0.03287511096596845
52.0,explicit,0.5714285714285714,0.0,0.03287511096596845
52.0,explicit,0.5714285714285714,0.07142857142857142,0.10985486932188096
52.0,explicit,0.5714285714285714,0.14285714285714285,0.22409744834938544
52.0,explicit,0.5714285714285714,0.21428571428571427,0.338434702426532
52.0,explicit,0.5714285714285714,0.2857142857142857,0.4495405372954787
52.0,explicit,0.5714285714285714,0.3571428571428571,0.5516204403444721
52.0,explicit,0.5714285714285714,0.42857142857142855,0.6300085313616742
52.0,explicit,0.5714285714285714,0.5,0.6611021048836225
52.0,explicit,0.5714285714285714,0.5714285714285714,0.6300085313616743
52.0,explicit,0.5714285714285714,0.6428571428571428,0.5516204403444723
52.0,explicit,0.5714285714285714,0.7142857142857142,0.4495405372954789
52.0,explicit,0.5714285714285714,0.7857142857142857,0.3384347024265321
52.0,explicit,0.5714285714285714,0.8571428571428571,0.22409744834938553
52.0,explicit,0.5714285714285714,0.9285714285714285,0.10985486932188102
52.0,explicit,0.5714285714285714,1.0,0.03287511096596845
52.0,explicit,0.6428571428571428,0.0,0.03287511096596845
52.0,explicit,0.6428571428571428,0.07142857142857142,0.09573188901708875
52.0,explicit,0.6428571428571428,0.14285714285714285,0.1958720360771819
52.0,explicit,0.6428571428571428,0.21428571428571427,0.29618088454004493
52.0,explicit,0.6428571428571428,0.2857142857142857,0.39355752838859626
52.0,explicit,0.6428571428571428,0.3571428571428571,0.482968802815292
52.0,explicit,0.6428571428571428,0.42857142857142855,0.5516204403444722
52.0,explicit,0.6428571428571428,0.5,0.5788534200797668
52.0,explicit,0.6428571428571428,0.5714285714285714,0.5516204403444723
52.0,explicit,0.6428571428571428,0.6428571428571428,0.4829688028152921
52.0,explicit,0.6428571428571428,0.7142857142857142,0.3935575283885964
52.0,explicit,0.6428571428571428,0.7857142857142857,0.29618088454004504
52.0,explicit,0.6428571428571428,0.8571428571428571,0.19587203607718195
52.0,explicit,0.6428571428571428,0.9285714285714285,0.09573188901708879
52.0,explicit,0.6428571428571428,1.0,0.03287511096596845
52.0,explicit,0.7142857142857142,0.0,0.03287511096596845
52.0,explicit,0.7142857142857142,0.07142857142857142,0.0772956722550262
52.0,explicit,0.7142857142857142,0.14285714285714285,0.15905318532417811
52.0,explicit,0.7142857142857142,0.21428571428571427,0.24110418670327968
52.0,explicit,0.7142857142857142,0.2857142857142857,0.32062405305805436
52.0,explicit,0.7142857142857142,0.3571428571428571,0.3935575283885963
52.0,explicit,0.7142857142857142,0.42857142857142855,0.4495405372954788
52.0,explicit,0.7142857142857142,0.5,0.4717479701977562
52.0,explicit,0.7142857142857142,0.5714285714285714,0.4495405372954789
52.0,explicit,0.7142857142857142,0.6428571428571428,0.3935575283885964
52.0,explicit,0.7142857142857142,0.7142857142857142,0.32062405305805447
52.0,explicit,0.7142857142857142,0.7857142857142857,0.24110418670327977
52.0,explicit,0.7142857142857142,0.8571428571428571,0.1590531853241782
52.0,explicit,0.7142857142857142,0.9285714285714285,0.07729567225502625
52.0,explicit,0.7142857142857142,1.0,0.03287511096596845
52.0,explicit,0.7857142857142857,0.0,0.03287511096596845
52.0,explicit,0.7857142857142857,0.07142857142857142,0.05709449497390087
52.0,explicit,0.7857142857142857,0.14285714285714285,0.11875924172771972
52.0,explicit,0.7857142857142857,0.21428571428571427,0.18095135870786733
52.0,explicit,0.7857142857142857,0.2857142857142857,0.2411041867032797
52.0,explicit,0.7857142857142857,0.3571428571428571,0.296180884540045
52.0,explicit,0.7857142857142857,0.42857142857142855,0.3384347024265321
52.0,explicit,0.7857142857142857,0.5,0.3551945496316209
52.0,explicit,0.7857142857142857,0.5714285714285714,0.3384347024265321
52.0,explicit,0.7857142857142857,0.6428571428571428,0.29618088454004504
52.0,explicit,0.7857142857142857,0.7142857142857142,0.24110418670327977
52.0,explicit,0.7857142857142857,0.7857142857142857,0.18095135870786738
52.0,explicit,0.7857142857142857,0.8571428571428571,0.11875924172771976
52.0,explicit,0.7857142857142857,0.9285714285714285,0.05709449497390089
52.0,explicit,0.7857142857142857,1.0,0.03287511096596845
52.0,explicit,0.8571428571428571,0.0,0.03287511096596845
52.0,explicit,0.8571428571428571,0.07142857142857142,0.03627112942579828
52.0,explicit,0.8571428571428571,0.14285714285714285,0.07707389538356954
52.0,explicit,0.8571428571428571,0.21428571428571427,0.11875924172771973
52.0,explicit,0.8571428571428571,0.2857142857142857,0.15905318532417814
52.0,explicit,0.8571428571428571,0.3571428571428571,0.19587203607718193
52.0,explicit,0.8571428571428571,0.42857142857142855,0.22409744834938553
52.0,explicit,0.8571428571428571,0.5,0.23529113411475577
52.0,explicit,0.8571428571428571,0.5714285714285714,0.22409744834938555
52.0,explicit,0.8571428571428571,0.6428571428571428,0.19587203607718198
52.0,explicit,0.8571428571428571,0.7142857142857142,0.1590531853241782
52.0,explicit,0.8571428571428571,0.7857142857142857,0.11875924172771976
52.0,explicit,0.8571428571428571,0.8571428571428571,0.07707389538356955
52.0,explicit,0.8571428571428571,0.9285714285714285,0.03627112942579829
52.0,explicit,0.8571428571428571,1.0,0.03287511096596845
52.0,explicit,0.9285714285714285,0.0,0.03287511096596845
52.0,explicit,0.9285714285714285,0.07142857142857142,0.016343932155186418
52.0,explicit,0.9285714285714285,0.14285714285714285,0.0362711294257983
52.0,explicit,0.9285714285714285,0.21428571428571427,0.057094494973900886
52.0,explicit,0.9285714285714285,0.2857142857142857,0.07729567225502623
52.0,explicit,0.9285714285714285,0.3571428571428571,0.09573188901708878
52.0,explicit,0.9285714285714285,0.42857142857142855,0.10985486932188102
52.0,explicit,0.9285714285714285,0.5,0.11545474242833702
52.0,explicit,0.9285714285714285,0.5714285714285714,0.10985486932188103
52.0,explicit,0.9285714285714285,0.6428571428571428,0.0957318890170888
52.0,explicit,0.9285714285714285,0.7142857142857142,0.07729567225502625
52.0,explicit,0.9285714285714285,0.7857142857142857,0.0570944949739009
52.0,explicit,0.9285714285714285,0.8571428571428571,0.036271129425798306
52.0,explicit,0.9285714285714285,0.9285714285714285,0.016343932155186425
52.0,explicit,0.9285714285714285,1.0,0.03287511096596845
52.0,explicit,1.0,0.0,0.03287511096596845
52.0,explicit,1.0,0.07142857142857142,0.03287511096596845
52.0,explicit,1.0,0.14285714285714285,0.03287511096596845
52.0,explicit,1.0,0.21428571428571427,0.03287511096596845
52.0,explicit,1.0,0.2857142857142857,0.03287511096596845
52.0,explicit,1.0,0.3571428571428571,0.03287511096596845
52.0,explicit,1.0,0.42857142857142855,0.03287511096596845
52.0,explicit,1.0,0.5,0.03287511096596845
52.0,explicit,1.0,0.5714285714285714,0.03287511096596845
52.0,explicit,1.0,0.6428571428571428,0.03287511096596845
52.0,explicit,1.0,0.7142857142857142,0.03287511096596845
52.0,explicit,1.0,0.7857142857142857,0.03287511096596845
52.0,explicit,1.0,0.8571428571428571,0.03287511096596845
52.0,explicit,1.0,0.9285714285714285,0.03287511096596845
52.0,explicit,1.0,1.0,0.03287511096596845
53.0,explicit,0.0,0.0,-0.05297602037670388
53.0,explicit,0.0,0.07142857142857142,-0.05297602037670388
53.0,explicit,0.0,0.14285714285714285,-0.05297602037670388
53.0,explicit,0.0,0.21428571428571427,-0.05297602037670388
53.0,explicit,0.0,0.2857142857142857,-0.05297602037670388
53.0,explicit,0.0,0.3571428571428571,-0.05297602037670388
53.0,explicit,0.0,0.42857142857142855,-0.05297602037670388
53.0,explicit,0.0,0.5,-0.05297602037670388
53.0,explicit,0.0,0.5714285714285714,-0.05297602037670388
53.0,explicit,0.0,0.6428571428571428,-0.05297602037670388
53.0,explicit,0.0,0.7142857142857142,-0.05297602037670388
53.0,explicit,0.0,0.7857142857142857,-0.05297602037670388
53.0,explicit,0.0,0.8571428571428571,-0.05297602037670388
53.0,explicit,0.0,0.9285714285714285,-0.05297602037670388
53.0,explicit,0.0,1.0,-0.05297602037670388
53.0,explicit,0.07142857142857142,0.0,-0.05297602037670388
53.0,explicit,0.07142857142857142,0.07142857142857142,0.01734240632591421
53.0,explicit,0.07142857142857142,0.14285714285714285,0.036795624427714294
53.0,explicit,0.07142857142857142,0.21428571428571427,0.057598727369212586
53.0,explicit,0.07142857142857142,0.2857142857142857,0.07778277176812848
53.0,explicit,0.07142857142857142,0.3571428571428571,0.09618336038384478
53.0,explicit,0.07142857142857142,0.42857142857142855,0.11024841210493168
53.0,explicit,0.07142857142857142,0.5,0.1158115500848043
53.0,explicit,0.07142857142857142,0.5714285714285714,0.1102484121049317
53.0,explicit,0.07142857142857142,0.6428571428571428,0.09618336038384481
53.0,explicit,0.07142857142857142,0.7142857142857142,0.07778277176812849
53.0,explicit,0.07142857142857142,0.7857142857142857,0.05759872736921261
53.0,explicit,0.07142857142857142,0.8571428571428571,0.03679562442771431
53.0,explicit,0.07142857142857142,0.9285714285714285,0.017342406325914217
53.0,explicit,0.07142857142857142,1.0,-0.05297602037670388
53.0,explicit,0.14285714285714285,0.0,-0.05297602037670388
53.0,explicit,0.14285714285714285,0.07142857142857142,0.03679562442771428
53.0,explicit,0.14285714285714285,0.14285714285714285,0.0770980663372462
53.0,explicit,0.14285714285714285,0.21428571428571427,0.11874741023317748
53.0,explicit,0.14285714285714285,0.2857142857142857,0.15900961851882883
53.0,explicit,0.14285714285714285,0.3571428571428571,0.19575667325426283
53.0,explicit,0.14285714285714285,0.42857142857142855,0.2238655234774364
53.0,explicit,0.14285714285714285,0.5,0.23498549391549595
53.0,explicit,0.14285714285714285,0.5714285714285714,0.22386552347743643
53.0,explicit,0.14285714285714285,0.6428571428571428,0.19575667325426288
53.0,explicit,0.14285714285714285,0.7142857142857142,0.15900961851882886
53.0,explicit,0.14285714285714285,0.7857142857142857,0.1187474102331775
53.0,explicit,0.14285714285714285,0.8571428571428571,0.07709806633724622
53.0,explicit,0.14285714285714285,0.9285714285714285,0.036795624427714294
53.0,explicit,0.14285714285714285,1.0,-0.05297602037670388
53.0,explicit,0.21428571428571427,0.0,-0.05297602037670388
53.0,explicit,0.21428571428571427,0.07142857142857142,0.057598727369212586
53.0,explicit,0.21428571428571427,0.14285714285714285,0.11874741023317748
53.0,explicit,0.21428571428571427,0.21428571428571427,0.1808955093367005
53.0,explicit,0.21428571428571427,0.2857142857142857,0.24100001780422994
53.0,explicit,0.21428571428571427,0.3571428571428571,0.29596514474735286
53.0,explicit,0.21428571428571427,0.42857142857142855,0.3380413557812396
53.0,explicit,0.21428571428571427,0.5,0.35468968029202874
53.0,explicit,0.21428571428571427,0.5714285714285714,0.3380413557812396
53.0,explicit,0.21428571428571427,0.6428571428571428,0.2959651447473529
53.0,explicit,0.21428571428571427,0.7142857142857142,0.24100001780423
53.0,explicit,0.21428571428571427,0.7857142857142857,0.18089550933670057
53.0,explicit,0.21428571428571427,0.8571428571428571,0.11874741023317752
53.0,explicit,0.21428571428571427,0.9285714285714285,0.057598727369212614
53.0,explicit,0.21428571428571427,1.0,-0.05297602037670388
53.0,explicit,0.2857142857142857,0.0,-0.05297602037670388
53.0,explicit,0.2857142857142857,0.07142857142857142,0.07778277176812848
53.0,explicit,0.2857142857142857,0.14285714285714285,0.15900961851882883
53.0,explicit,0.2857142857142857,0.21428571428571427,0.24100001780422994
53.0,explicit,0.2857142857142857,0.2857142857142857,0.3204436736220276
53.0,explicit,0.2857142857142857,0.3571428571428571,0.393216347277316
53.0,explicit,0.2857142857142857,0.42857142857142855,0.4489544415251183
53.0,explicit,0.2857142857142857,0.5,0.47101040784890086
53.0,explicit,0.2857142857142857,0.5714285714285714,0.4489544415251183
53.0,explicit,0.2857142857142857,0.6428571428571428,0.3932163472773161
53.0,explicit,0.2857142857142857,0.7142857142857142,0.3204436736220277
53.0,explicit,0.2857142857142857,0.7857142857142857,0.24100001780423003
53.0,explicit,0.2857142857142857,0.8571428571428571,0.1590096185188289
53.0,explicit,0.2857142857142857,0.9285714285714285,0.07778277176812852
53.0,explicit,0.2857142857142857,1.0,-0.05297602037670388
53.0,explicit,0.3571428571428571,0.0,-0.05297602037670388
53.0,explicit,0.3571428571428571,0.07142857142857142,0.09618336038384478
53.0,explicit,0.3571428571428571,0.14285714285714285,0.19575667325426283
53.0,explicit,0.3571428571428571,0.21428571428571427,0.29596514474735286
53.0,explicit,0.3571428571428571,0.2857142857142857,0.393216347277316
53.0,explicit,0.3571428571428571,0.3571428571428571,0.4824002651165863
53.0,explicit,0.3571428571428571,0.42857142857142855,0.5507288602831475
53.0,explicit,0.3571428571428571,0.5,0.5777672267255035
53.0,explicit,0.3571428571428571,0.5714285714285714,0.5507288602831475
53.0,explicit,0.3571428571428571,0.6428571428571428,0.4824002651165864
53.0,explicit,0.3571428571428571,0.7142857142857142,0.39321634727731614
53.0,explicit,0.3571428571428571,0.7857142857142857,0.29596514474735297
53.0,explicit,0.3571428571428571,0.8571428571428571,0.1957566732542629
53.0,explicit,0.3571428571428571,0.9285714285714285,0.09618336038384484
53.0,explicit,0.3571428571428571,1.0,-0.05297602037670388
53.0,explicit,0.42857142857142855,0.0,-0.05297602037670388
53.0,explicit,0.42857142857142855,0.07142857142857142,0.11024841210493168
53.0,explicit,0.42857142857142855,0.14285714285714285,0.2238655234774364
53.0,explicit,0.42857142857142855,0.21428571428571427,0.3380413557812396
53.0,explicit,0.42857142857142855,0.2857142857142857,0.4489544415251183
53.0,explicit,0.42857142857142855,0.3571428571428571,0.5507288602831475
53.0,explicit,0.42857142857142855,0.42857142857142855,0.6287132911669211
53.0,explicit,0.42857142857142855,0.5,0.6595710205123958
53.0,explicit,0.42857142857142855,0.5714285714285714,0.6287132911669212
53.0,explicit,0.42857142857142855,0.6428571428571428,0.5507288602831476
53.0,explicit,0.42857142857142855,0.7142857142857142,0.44895444152511843
53.0,explicit,0.42857142857142855,0.7857142857142857,0.3380413557812397
53.0,explicit,0.42857142857142855,0.8571428571428571,0.2238655234774365
53.0,explicit,0.42857142857142855,0.9285714285714285,0.11024841210493175
53.0,explicit,0.42857142857142855,1.0,-0.05297602037670388
53.0,explicit,0.5,0.0,-0.05297602037670388
53.0,explicit,0.5,0.07142857142857142,0.11581155008480429
53.0,explicit,0.5,0.14285714285714285,0.23498549391549597
53.0,explicit,0.5,0.21428571428571427,0.35468968029202874
53.0,explicit,0.5,0.2857142857142857,0.47101040784890086
53.0,explicit,0.5,0.3571428571428571,0.5777672267255035
53.0,explicit,0.5,0.42857142857142855,0.6595710205123958
53.0,explicit,0.5,0.5,0.6919387299638722
53.0,explicit,0.5,0.5714285714285714,0.6595710205123958
53.0,explicit,0.5,0.6428571428571428,0.5777672267255036
53.0,explicit,0.5,0.7142857142857142,0.47101040784890097
53.0,explicit,0.5,0.7857142857142857,0.35468968029202885
53.0,explicit,0.5,0.8571428571428571,0.23498549391549606
53.0,explicit,0.5,0.9285714285714285,0.11581155008480436
53.0,explicit,0.5,1.0,-0.05297602037670388
53.0,explicit,0.5714285714285714,0.0,-0.05297602037670388
53.0,explicit,0.5714285714285714,0.07142857142857142,0.11024841210493169
53.0,explicit,0.5714285714285714,0.14285714285714285,0.2238655234774364
53.0,explicit,0.5714285714285714,0.21428571428571427,0.3380413557812396
53.0,explicit,0.5714285714285714,0.2857142857142857,0.4489544415251183
53.0,explicit,0.5714285714285714,0.3571428571428571,0.5507288602831475
53.0,explicit,0.5714285714285714,0.42857142857142855,0.6287132911669212
53.0,explicit,0.5714285714285714,0.5,0.6595710205123958
53.0,explicit,0.5714285714285714,0.5714285714285714,0.6287132911669213
53.0,explicit,0.5714285714285714,0.6428571428571428,0.5507288602831477
53.0,explicit,0.5714285714285714,0.7142857142857142,0.4489544415251185
53.0,explicit,0.5714285714285714,0.7857142857142857,0.3380413557812397
53.0,explicit,0.5714285714285714,0.8571428571428571,0.2238655234774365
53.0,explicit,0.5714285714285714,0.9285714285714285,0.11024841210493175
53.0,explicit,0.5714285714285714,1.0,-0.05297602037670388
53.0,explicit,0.6428571428571428,0.0,-0.05297602037670388
53.0,explicit,0.6428571428571428,0.07142857142857142,0.09618336038384481
53.0,explicit,0.6428571428571428,0.14285714285714285,0.19575667325426288
53.0,explicit,0.6428571428571428,0.21428571428571427,0.2959651447473529
53.0,explicit,0.6428571428571428,0.2857142857142857,0.3932163472773161
53.0,explicit,0.6428571428571428,0.3571428571428571,0.4824002651165864
53.0,explicit,0.6428571428571428,0.42857142857142855,0.5507288602831476
53.0,explicit,0.6428571428571428,0.5,0.5777672267255036
53.0,explicit,0.6428571428571428,0.5714285714285714,0.5507288602831477
53.0,explicit,0.6428571428571428,0.6428571428571428,0.4824002651165865
53.0,explicit,0.6428571428571428,0.7142857142857142,0.39321634727731625
53.0,explicit,0.6428571428571428,0.7857142857142857,0.295965144747353
53.0,explicit,0.6428571428571428,0.8571428571428571,0.19575667325426294
53.0,explicit,0.6428571428571428,0.9285714285714285,0.09618336038384485
53.0,explicit,0.6428571428571428,1.0,-0.05297602037670388
53.0,explicit,0.7142857142857142,0.0,-0.05297602037670388
53.0,explicit,0.7142857142857142,0.07142857142857142,0.07778277176812849
53.0,explicit,0.7142857142857142,0.14285714285714285,0.15900961851882886
53.0,explicit,0.7142857142857142,0.21428571428571427,0.24100001780423
53.0,explicit,0.7142857142857142,0.2857142857142857,0.3204436736220277
53.0,explicit,0.7142857142857142,0.3571428571428571,0.39321634727731614
53.0,explicit,0.7142857142857142,0.42857142857142855,0.44895444152511843
53.0,explicit,0.7142857142857142,0.5,0.47101040784890097
53.0,explicit,0.7142857142857142,0.5714285714285714,0.4489544415251185
53.0,explicit,0.7142857142857142,0.6428571428571428,0.39321634727731625
53.0,explicit,0.7142857142857142,0.7142857142857142,0.3204436736220278
53.0,explicit,0.7142857142857142,0.7857142857142857,0.24100001780423008
53.0,explicit,0.7142857142857142,0.8571428571428571,0.15900961851882894
53.0,explicit,0.7142857142857142,0.9285714285714285,0.07778277176812853
53.0,explicit,0.7142857142857142,1.0,-0.05297602037670388
53.0,explicit,0.7857142857142857,0.0,-0.05297602037670388
53.0,explicit,0.7857142857142857,0.07142857142857142,0.0575987273692126
53.0,explicit,0.7857142857142857,0.14285714285714285,0.1187474102331775
53.0,explicit,0.7857142857142857,0.21428571428571427,0.18089550933670057
53.0,explicit,0.7857142857142857,0.2857142857142857,0.24100001780423003
53.0,explicit,0.7857142857142857,0.3571428571428571,0.29596514474735297
53.0,explicit,0.7857142857142857,0.42857142857142855,0.3380413557812397
53.0,explicit,0.7857142857142857,0.5,0.35468968029202885
53.0,explicit,0.7857142857142857,0.5714285714285714,0.3380413557812397
53.0,explicit,0.7857142857142857,0.6428571428571428,0.295965144747353
53.0,explicit,0.7857142857142857,0.7142857142857142,0.24100001780423008
53.0,explicit,0.7857142857142857,0.7857142857142857,0.18089550933670062
53.0,explicit,0.7857142857142857,0.8571428571428571,0.11874741023317754
53.0,explicit,0.7857142857142857,0.9285714285714285,0.05759872736921262
53.0,explicit,0.7857142857142857,1.0,-0.05297602037670388
53.0,explicit,0.8571428571428571,0.0,-0.05297602037670388
53.0,explicit,0.8571428571428571,0.07142857142857142,0.036795624427714294
53.0,explicit,0.8571428571428571,0.14285714285714285,0.07709806633724622
53.0,explicit,0.8571428571428571,0.21428571428571427,0.11874741023317752
53.0,explicit,0.8571428571428571,0.2857142857142857,0.1590096185188289
53.0,explicit,0.8571428571428571,0.3571428571428571,0.1957566732542629
53.0,explicit,0.8571428571428571,0.42857142857142855,0.2238655234774365
53.0,explicit,0.8571428571428571,0.5,0.23498549391549606
53.0,explicit,0.8571428571428571,0.5714285714285714,0.22386552347743652
53.0,explicit,0.8571428571428571,0.6428571428571428,0.19575667325426296
53.0,explicit,0.8571428571428571,0.7142857142857142,0.15900961851882894
53.0,explicit,0.8571428571428571,0.7857142857142857,0.11874741023317754
53.0,explicit,0.8571428571428571,0.8571428571428571,0.07709806633724624
53.0,explicit,0.8571428571428571,0.9285714285714285,0.03679562442771431
53.0,explicit,0.8571428571428571,1.0,-0.05297602037670388
53.0,explicit,0.9285714285714285,0.0,-0.05297602037670388
53.0,explicit,0.9285714285714285,0.07142857142857142,0.017342406325914217
53.0,explicit,0.9285714285714285,0.14285714285714285,0.036795624427714314
53.0,explicit,0.9285714285714285,0.21428571428571427,0.057598727369212614
53.0,explicit,0.9285714285714285,0.2857142857142857,0.07778277176812852
53.0,explicit,0.9285714285714285,0.3571428571428571,0.09618336038384484
53.0,explicit,0.9285714285714285,0.42857142857142855,0.11024841210493175
53.0,explicit,0.9285714285714285,0.5,0.11581155008480436
53.0,explicit,0.9285714285714285,0.5714285714285714,0.11024841210493176
53.0,explicit,0.9285714285714285,0.6428571428571428,0.09618336038384487
53.0,explicit,0.9285714285714285,0.7142857142857142,0.07778277176812853
53.0,explicit,0.9285714285714285,0.7857142857142857,0.05759872736921263
53.0,explicit,0.9285714285714285,0.8571428571428571,0.03679562442771432
53.0,explicit,0.9285714285714285,0.9285714285714285,0.017342406325914224
53.0,explicit,0.9285714285714285,1.0,-0.05297602037670388
53.0,explicit,1.0,0.0,-0.05297602037670388
53.0,explicit,1.0,0.07142857142857142,-0.05297602037670388
53.0,explicit,1.0,0.14285714285714285,-0.05297602037670388
53.0,explicit,1.0,0.21428571428571427,-0.05297602037670388
53.0,explicit,1.0,0.2857142857142857,-0.05297602037670388
53.0,explicit,1.0,0.3571428571428571,-0.05297602037670388
53.0,explicit,1.0,0.42857142857142855,-0.05297602037670388
53.0,explicit,1.0,0.5,-0.05297602037670388
53.0,explicit,1.0,0.5714285714285714,-0.05297602037670388
53.0,explicit,1.0,0.6428571428571428,-0.05297602037670388
53.0,explicit,1.0,0.7142857142857142,-0.05297602037670388
53.0,explicit,1.0,0.7857142857142857,-0.05297602037670388
53.0,explicit,1.0,0.8571428571428571,-0.05297602037670388
53.0,explicit,1.0,0.9285714285714285,-0.05297602037670388
53.0,explicit,1.0,1.0,-0.05297602037670388
54.0,explicit,0.0,0.0,0.009707754934804039
54.0,explicit,0.0,0.07142857142857142,0.009707754934804039
54.0,explicit,0.0,0.14285714285714285,0.009707754934804039
54.0,explicit,0.0,0.21428571428571427,0.009707754934804039
54.0,explicit,0.0,0.2857142857142857,0.009707754934804039
54.0,explicit,0.0,0.3571428571428571,0.009707754934804039
54.0,explicit,0.0,0.42857142857142855,0.009707754934804039
54.0,explicit,0.0,0.5,0.009707754934804039
54.0,explicit,0.0,0.5714285714285714,0.009707754934804039
54.0,explicit,0.0,0.6428571428571428,0.009707754934804039
54.0,explicit,0.0,0.7142857142857142,0.009707754934804039
54.0,explicit,0.0,0.7857142857142857,0.009707754934804039
54.0,explicit,0.0,0.8571428571428571,0.009707754934804039
54.0,explicit,0.0,0.9285714285714285,0.009707754934804039
54.0,explicit,0.0,1.0,0.009707754934804039
54.0,explicit,0.07142857142857142,0.0,0.009707754934804039
54.0,explicit,0.07142857142857142,0.07142857142857142,0.017471109828104292
54.0,explicit,0.07142857142857142,0.14285714285714285,0.03691418629645352
54.0,explicit,0.07142857142857142,0.21428571428571427,0.05767522871646119
54.0,explicit,0.07142857142857142,0.2857142857142857,0.07782414412979173
54.0,explicit,0.07142857142857142,0.3571428571428571,0.0961533041073403
54.0,explicit,0.07142857142857142,0.42857142857142855,0.11010424925952572
54.0,explicit,0.07142857142857142,0.5,0.11559603314775525
54.0,explicit,0.07142857142857142,0.5714285714285714,0.11010424925952575
54.0,explicit,0.07142857142857142,0.6428571428571428,0.09615330410734033
54.0,explicit,0.07142857142857142,0.7142857142857142,0.07782414412979174
54.0,explicit,0.07142857142857142,0.7857142857142857,0.05767522871646121
54.0,explicit,0.07142857142857142,0.8571428571428571,0.03691418629645354
54.0,explicit,0.07142857142857142,0.9285714285714285,0.0174711098281043
54.0,explicit,0.07142857142857142,1.0,0.009707754934804039
54.0,explicit,0.14285714285714285,0.0,0.009707754934804039
54.0,explicit,0.14285714285714285,0.07142857142857142,0.03691418629645351
54.0,explicit,0.14285714285714285,0.14285714285714285,0.07715162938743475
54.0,explicit,0.14285714285714285,0.21428571428571427,0.11872692162545419
54.0,explicit,0.14285714285714285,0.2857142857142857,0.15892368849396074
54.0,explicit,0.14285714285714285,0.3571428571428571,0.1955268201406119
54.0,explicit,0.14285714285714285,0.42857142857142855,0.22340603195790862
54.0,explicit,0.14285714285714285,0.5,0.23438279155977976
54.0,explicit,0.14285714285714285,0.5714285714285714,0.22340603195790865
54.0,explicit,0.14285714285714285,0.6428571428571428,0.19552682014061196
54.0,explicit,0.14285714285714285,0.7142857142857142,0.15892368849396077
54.0,explicit,0.14285714285714285,0.7857142857142857,0.11872692162545422
54.0,explicit,0.14285714285714285,0.8571428571428571,0.07715162938743478
54.0,explicit,0.14285714285714285,0.9285714285714285,0.03691418629645352
54.0,explicit,0.14285714285714285,1.0,0.009707754934804039
54.0,explicit,0.21428571428571427,0.0,0.009707754934804039
54.0,explicit,0.21428571428571427,0.07142857142857142,0.05767522871646119
54.0,explicit,0.21428571428571427,0.14285714285714285,0.11872692162545419
54.0,explicit,0.21428571428571427,0.21428571428571427,0.18078361267426502
54.0,explicit,0.21428571428571427,0.2857142857142857,0.24078852980071963
54.0,explicit,0.21428571428571427,0.3571428571428571,0.29553002700539277
54.0,explicit,0.21428571428571427,0.42857142857142855,0.33725617412846703
54.0,explicit,0.21428571428571427,0.5,0.35368775003458625
54.0,explicit,0.21428571428571427,0.5714285714285714,0.33725617412846703
54.0,explicit,0.21428571428571427,0.6428571428571428,0.2955300270053928
54.0,explicit,0.21428571428571427,0.7142857142857142,0.2407885298007197
54.0,explicit,0.21428571428571427,0.7857142857142857,0.18078361267426507
54.0,explicit,0.21428571428571427,0.8571428571428571,0.11872692162545423
54.0,explicit,0.21428571428571427,0.9285714285714285,0.05767522871646122
54.0,explicit,0.21428571428571427,1.0,0.009707754934804039
54.0,explicit,0.2857142857142857,0.0,0.009707754934804039
54.0,explicit,0.2857142857142857,0.07142857142857142,0.07782414412979173
54.0,explicit,0.2857142857142857,0.14285714285714285,0.15892368849396074
54.0,explicit,0.2857142857142857,0.21428571428571427,0.24078852980071963
54.0,explicit,0.2857142857142857,0.2857142857142857,0.32007599229145106
54.0,explicit,0.2857142857142857,0.3571428571428571,0.39252639422998925
54.0,explicit,0.2857142857142857,0.42857142857142855,0.4477814845074042
54.0,explicit,0.2857142857142857,0.5,0.4695429079147901
54.0,explicit,0.2857142857142857,0.5714285714285714,0.4477814845074042
54.0,explicit,0.2857142857142857,0.6428571428571428,0.3925263942299893
54.0,explicit,0.2857142857142857,0.7142857142857142,0.3200759922914512
54.0,explicit,0.2857142857142857,0.7857142857142857,0.24078852980071971
54.0,explicit,0.2857142857142857,0.8571428571428571,0.1589236884939608
54.0,explicit,0.2857142857142857,0.9285714285714285,0.07782414412979177
54.0,explicit,0.2857142857142857,1.0,0.009707754934804039
54.0,explicit,0.3571428571428571,0.0,0.009707754934804039
54.0,explicit,0.3571428571428571,0.07142857142857142,0.0961533041073403
54.0,explicit,0.3571428571428571,0.14285714285714285,0.1955268201406119
54.0,explicit,0.3571428571428571,0.21428571428571427,0.29553002700539277
54.0,explicit,0.3571428571428571,0.2857142857142857,0.39252639422998925
54.0,explicit,0.3571428571428571,0.3571428571428571,0.4812554132862713
54.0,explicit,0.3571428571428571,0.42857142857142855,0.5489469986401198
54.0,explicit,0.3571428571428571,0.5,0.5756068256659068
54.0,explicit,0.3571428571428571,0.5714285714285714,0.5489469986401198
54.0,explicit,0.3571428571428571,0.6428571428571428,0.4812554132862714
54.0,explicit,0.3571428571428571,0.7142857142857142,0.39252639422998936
54.0,explicit,0.3571428571428571,0.7857142857142857,0.2955300270053929
54.0,explicit,0.3571428571428571,0.8571428571428571,0.19552682014061198
54.0,explicit,0.3571428571428571,0.9285714285714285,0.09615330410734035
54.0,explicit,0.3571428571428571,1.0,0.009707754934804039
54.0,explicit,0.42857142857142855,0.0,0.009707754934804039
54.0,explicit,0.42857142857142855,0.07142857142857142,0.11010424925952572
54.0,explicit,0.42857142857142855,0.14285714285714285,0.22340603195790862
54.0,explicit,0.42857142857142855,0.21428571428571427,0.33725617412846703
54.0,explicit,0.42857142857142855,0.2857142857142857,0.4477814845074042
54.0,explicit,0.42857142857142855,0.3571428571428571,0.5489469986401198
54.0,explicit,0.42857142857142855,0.42857142857142855,0.6261366059546689
54.0,explicit,0.42857142857142855,0.5,0.6565358730172992
54.0,explicit,0.42857142857142855,0.5714285714285714,0.626136605954669
54.0,explicit,0.42857142857142855,0.6428571428571428,0.5489469986401199
54.0,explicit,0.42857142857142855,0.7142857142857142,0.4477814845074043
54.0,explicit,0.42857142857142855,0.7857142857142857,0.33725617412846715
54.0,explicit,0.42857142857142855,0.8571428571428571,0.2234060319579087
54.0,explicit,0.42857142857142855,0.9285714285714285,0.11010424925952579
54.0,explicit,0.42857142857142855,1.0,0.009707754934804039
54.0,explicit,0.5,0.0,0.009707754934804039
54.0,explicit,0.5,0.07142857142857142,0.11559603314775524
54.0,explicit,0.5,0.14285714285714285,0.23438279155977976
54.0,explicit,0.5,0.21428571428571427,0.35368775003458625
54.0,explicit,0.5,0.2857142857142857,0.4695429079147901
54.0,explicit,0.5,0.3571428571428571,0.5756068256659068
54.0,explicit,0.5,0.42857142857142855,0.6565358730172992
54.0,explicit,0.5,0.5,0.6884066925568966
54.0,explicit,0.5,0.5714285714285714,0.6565358730172992
54.0,explicit,0.5,0.6428571428571428,0.5756068256659069
54.0,explicit,0.5,0.7142857142857142,0.4695429079147902
54.0,explicit,0.5,0.7857142857142857,0.35368775003458636
54.0,explicit,0.5,0.8571428571428571,0.23438279155977984
54.0,explicit,0.5,0.9285714285714285,0.11559603314775531
54.0,explicit,0.5,1.0,0.009707754934804039
54.0,explicit,0.5714285714285714,0.0,0.009707754934804039
54.0,explicit,0.5714285714285714,0.07142857142857142,0.11010424925952574
54.0,explicit,0.5714285714285714,0.14285714285714285,0.22340603195790862
54.0,explicit,0.5714285714285714,0.21428571428571427,0.33725617412846703
54.0,explicit,0.5714285714285714,0.2857142857142857,0.4477814845074042
54.0,explicit,0.5714285714285714,0.3571428571428571,0.5489469986401198
54.0,explicit,0.5714285714285714,0.42857142857142855,0.626136605954669
54.0,explicit,0.5714285714285714,0.5,0.6565358730172992
54.0,explicit,0.5714285714285714,0.5714285714285714,0.6261366059546691
54.0,explicit,0.5714285714285714,0.6428571428571428,0.54894699864012
54.0,explicit,0.5714285714285714,0.7142857142857142,0.44778148450740435
54.0,explicit,0.5714285714285714,0.7857142857142857,0.33725617412846715
54.0,explicit,0.5714285714285714,0.8571428571428571,0.2234060319579087
54.0,explicit,0.5714285714285714,0.9285714285714285,0.11010424925952579
54.0,explicit,0.5714285714285714,1.0,0.009707754934804039
54.0,explicit,0.6428571428571428,0.0,0.009707754934804039
54.0,explicit,0.6428571428571428,0.07142857142857142,0.09615330410734033
54.0,explicit,0.6428571428571428,0.14285714285714285,0.19552682014061196
54.0,explicit,0.6428571428571428,0.21428571428571427,0.2955300270053928
54.0,explicit,0.6428571428571428,0.2857142857142857,0.3925263942299893
54.0,explicit,0.6428571428571428,0.3571428571428571,0.4812554132862714
54.0,explicit,0.6428571428571428,0.42857142857142855,0.5489469986401199
54.0,explicit,0.6428571428571428,0.5,0.5756068256659069
54.0,explicit,0.6428571428571428,0.5714285714285714,0.54894699864012
54.0,explicit,0.6428571428571428,0.6428571428571428,0.4812554132862715
54.0,explicit,0.6428571428571428,0.7142857142857142,0.3925263942299895
54.0,explicit,0.6428571428571428,0.7857142857142857,0.29553002700539294
54.0,explicit,0.6428571428571428,0.8571428571428571,0.195526820140612
54.0,explicit,0.6428571428571428,0.9285714285714285,0.09615330410734037
54.0,explicit,0.6428571428571428,1.0,0.009707754934804039
54.0,explicit,0.7142857142857142,0.0,0.009707754934804039
54.0,explicit,0.7142857142857142,0.07142857142857142,0.07782414412979174
54.0,explicit,0.7142857142857142,0.14285714285714285,0.15892368849396077
54.0,explicit,0.7142857142857142,0.21428571428571427,0.2407885298007197
54.0,explicit,0.7142857142857142,0.2857142857142857,0.3200759922914512
54.0,explicit,0.7142857142857142,0.3571428571428571,0.39252639422998936
54.0,explicit,0.7142857142857142,0.42857142857142855,0.4477814845074043
54.0,explicit,0.7142857142857142,0.5,0.4695429079147902
54.0,explicit,0.7142857142857142,0.5714285714285714,0.44778148450740435
54.0,explicit,0.7142857142857142,0.6428571428571428,0.3925263942299895
54.0,explicit,0.7142857142857142,0.7142857142857142,0.3200759922914513
54.0,explicit,0.7142857142857142,0.7857142857142857,0.2407885298007198
54.0,explicit,0.7142857142857142,0.8571428571428571,0.15892368849396085
54.0,explicit,0.7142857142857142,0.9285714285714285,0.07782414412979179
54.0,explicit,0.7142857142857142,1.0,0.009707754934804039
54.0,explicit,0.7857142857142857,0.0,0.009707754934804039
54.0,explicit,0.7857142857142857,0.07142857142857142,0.057675228716461205
54.0,explicit,0.7857142857142857,0.14285714285714285,0.11872692162545422
54.0,explicit,0.7857142857142857,0.21428571428571427,0.18078361267426507
54.0,explicit,0.7857142857142857,0.2857142857142857,0.24078852980071971
54.0,explicit,0.7857142857142857,0.3571428571428571,0.2955300270053929
54.0,explicit,0.7857142857142857,0.42857142857142855,0.33725617412846715
54.0,explicit,0.7857142857142857,0.5,0.35368775003458636
54.0,explicit,0.7857142857142857,0.5714285714285714,0.33725617412846715
54.0,explicit,0.7857142857142857,0.6428571428571428,0.29553002700539294
54.0,explicit,0.7857142857142857,0.7142857142857142,0.2407885298007198
54.0,explicit,0.7857142857142857,0.7857142857142857,0.18078361267426513
54.0,explicit,0.7857142857142857,0.8571428571428571,0.11872692162545426
54.0,explicit,0.7857142857142857,0.9285714285714285,0.057675228716461226
54.0,explicit,0.7857142857142857,1.0,0.009707754934804039
54.0,explicit,0.8571428571428571,0.0,0.009707754934804039
54.0,explicit,0.8571428571428571,0.07142857142857142,0.03691418629645352
54.0,explicit,0.8571428571428571,0.14285714285714285,0.07715162938743478
54.0,explicit,0.8571428571428571,0.21428571428571427,0.11872692162545423
54.0,explicit,0.8571428571428571,0.2857142857142857,0.1589236884939608
54.0,explicit,0.8571428571428571,0.3571428571428571,0.19552682014061198
54.0,explicit,0.8571428571428571,0.42857142857142855,0.2234060319579087
54.0,explicit,0.8571428571428571,0.5,0.23438279155977984
54.0,explicit,0.8571428571428571,0.5714285714285714,0.22340603195790873
54.0,explicit,0.8571428571428571,0.6428571428571428,0.19552682014061204
54.0,explicit,0.8571428571428571,0.7142857142857142,0.15892368849396085
54.0,explicit,0.8571428571428571,0.7857142857142857,0.11872692162545426
54.0,explicit,0.8571428571428571,0.8571428571428571,0.07715162938743479
54.0,explicit,0.8571428571428571,0.9285714285714285,0.03691418629645354
54.0,explicit,0.8571428571428571,1.0,0.009707754934804039
54.0,explicit,0.9285714285714285,0.0,0.009707754934804039
54.0,explicit,0.9285714285714285,0.07142857142857142,0.0174711098281043
54.0,explicit,0.9285714285714285,0.14285714285714285,0.036914186296453544
54.0,explicit,0.9285714285714285,0.21428571428571427,0.05767522871646122
54.0,explicit,0.9285714285714285,0.2857142857142857,0.07782414412979177
54.0,explicit,0.9285714285714285,0.3571428571428571,0.09615330410734035
54.0,explicit,0.9285714285714285,0.42857142857142855,0.11010424925952579
54.0,explicit,0.9285714285714285,0.5,0.11559603314775531
54.0,explicit,0.9285714285714285,0.5714285714285714,0.1101042492595258
54.0,explicit,0.9285714285714285,0.6428571428571428,0.09615330410734038
54.0,explicit,0.9285714285714285,0.7142857142857142,0.07782414412979179
54.0,explicit,0.9285714285714285,0.7857142857142857,0.05767522871646123
54.0,explicit,0.9285714285714285,0.8571428571428571,0.03691418629645355
54.0,explicit,0.9285714285714285,0.9285714285714285,0.017471109828104306
54.0,explicit,0.9285714285714285,1.0,0.009707754934804039
54.0,explicit,1.0,0.0,0.009707754934804039
54.0,explicit,1.0,0.07142857142857142,0.009707754934804039
54.0,explicit,1.0,0.14285714285714285,0.009707754934804039
54.0,explicit,1.0,0.21428571428571427,0.009707754934804039
54.0,explicit,1.0,0.2857142857142857,0.009707754934804039
54.0,explicit,1.0,0.3571428571428571,0.009707754934804039
54.0,explicit,1.0,0.42857142857142855,0.009707754934804039
54.0,explicit,1.0,0.5,0.009707754934804039
54.0,explicit,1.0,0.5714285714285714,0.009707754934804039
54.0,explicit,1.0,0.6428571428571428,0.009707754934804039
54.0,explicit,1.0,0.7142857142857142,0.009707754934804039
54.0,explicit,1.0,0.7857142857142857,0.009707754934804039
54.0,explicit,1.0,0.8571428571428571,0.009707754934804039
54.0,explicit,1.0,0.9285714285714285,0.009707754934804039
54.0,explicit,1.0,1.0,0.009707754934804039
55.0,explicit,0.0,0.0,-0.07020530938773524
55.0,explicit,0.0,0.07142857142857142,-0.07020530938773524
55.0,explicit,0.0,0.14285714285714285,-0.07020530938773524
55.0,explicit,0.0,0.21428571428571427,-0.07020530938773524
55.0,explicit,0.0,0.2857142857142857,-0.07020530938773524
55.0,explicit,0.0,0.3571428571428571,-0.07020530938773524
55.0,explicit,0.0,0.42857142857142855,-0.07020530938773524
55.0,explicit,0.0,0.5,-0.07020530938773524
55.0,explicit,0.0,0.5714285714285714,-0.07020530938773524
55.0,explicit,0.0,0.6428571428571428,-0.07020530938773524
55.0,explicit,0.0,0.7142857142857142,-0.07020530938773524
55.0,explicit,0.0,0.7857142857142857,-0.07020530938773524
55.0,explicit,0.0,0.8571428571428571,-0.07020530938773524
55.0,explicit,0.0,0.9285714285714285,-0.07020530938773524
55.0,explicit,0.0,1.0,-0.07020530938773524
55.0,explicit,0.07142857142857142,0.0,-0.07020530938773524
55.0,explicit,0.07142857142857142,0.07142857142857142,0.020485642955498262
55.0,explicit,0.07142857142857142,0.14285714285714285,0.038497082778614515
55.0,explicit,0.07142857142857142,0.21428571428571427,0.05920562456670407
55.0,explicit,0.07142857142857142,0.2857142857142857,0.07931837848404953
55.0,explicit,0.07142857142857142,0.3571428571428571,0.0975759173776028
55.0,explicit,0.07142857142857142,0.42857142857142855,0.11141504218990941
55.0,explicit,0.07142857142857142,0.5,0.1168381553720125
55.0,explicit,0.07142857142857142,0.5714285714285714,0.11141504218990944
55.0,explicit,0.07142857142857142,0.6428571428571428,0.09757591737760282
55.0,explicit,0.07142857142857142,0.7142857142857142,0.07931837848404955
55.0,explicit,0.07142857142857142,0.7857142857142857,0.05920562456670409
55.0,explicit,0.07142857142857142,0.8571428571428571,0.03849708277861453
55.0,explicit,0.07142857142857142,0.9285714285714285,0.02048564295549827
55.0,explicit,0.07142857142857142,1.0,-0.07020530938773524
55.0,explicit,0.14285714285714285,0.0,-0.07020530938773524
55.0,explicit,0.14285714285714285,0.07142857142857142,0.0384970827786145
55.0,explicit,0.14285714285714285,0.14285714285714285,0.07722814205428674
55.0,explicit,0.14285714285714285,0.21428571428571427,0.11871851265370666
55.0,explicit,0.14285714285714285,0.2857142857142857,0.15884738626036096
55.0,explicit,0.14285714285714285,0.3571428571428571,0.19530621894420036
55.0,explicit,0.14285714285714285,0.42857142857142855,0.22296034390231828
55.0,explicit,0.14285714285714285,0.5,0.23379924337729482
55.0,explicit,0.14285714285714285,0.5714285714285714,0.2229603439023183
55.0,explicit,0.14285714285714285,0.6428571428571428,0.19530621894420042
55.0,explicit,0.14285714285714285,0.7142857142857142,0.158847386260361
55.0,explicit,0.14285714285714285,0.7857142857142857,0.11871851265370668
55.0,explicit,0.14285714285714285,0.8571428571428571,0.07722814205428677
55.0,explicit,0.14285714285714285,0.9285714285714285,0.038497082778614515
55.0,explicit,0.14285714285714285,1.0,-0.07020530938773524
55.0,explicit,0.21428571428571427,0.0,-0.07020530938773524
55.0,explicit,0.21428571428571427,0.07142857142857142,0.05920562456670407
55.0,explicit,0.21428571428571427,0.14285714285714285,0.11871851265370666
55.0,explicit,0.21428571428571427,0.21428571428571427,0.18067122737828362
55.0,explicit,0.21428571428571427,0.2857142857142857,0.2405728090637596
55.0,explicit,0.21428571428571427,0.3571428571428571,0.29509012068674456
55.0,explicit,0.21428571428571427,0.42857142857142855,0.336472933786419
55.0,explicit,0.21428571428571427,0.5,0.3526957455629277
55.0,explicit,0.21428571428571427,0.5714285714285714,0.336472933786419
55.0,explicit,0.21428571428571427,0.6428571428571428,0.2950901206867446
55.0,explicit,0.21428571428571427,0.7142857142857142,0.24057280906375966
55.0,explicit,0.21428571428571427,0.7857142857142857,0.18067122737828367
55.0,explicit,0.21428571428571427,0.8571428571428571,0.1187185126537067
55.0,explicit,0.21428571428571427,0.9285714285714285,0.0592056245667041
55.0,explicit,0.21428571428571427,1.0,-0.07020530938773524
55.0,explicit,0.2857142857142857,0.0,-0.07020530938773524
55.0,explicit,0.2857142857142857,0.07142857142857142,0.07931837848404953
55.0,explicit,0.2857142857142857,0.14285714285714285,0.15884738626036096
55.0,explicit,0.2857142857142857,0.21428571428571427,0.2405728090637596
55.0,explicit,0.2857142857142857,0.2857142857142857,0.31969927010560467
55.0,explicit,0.2857142857142857,0.3571428571428571,0.39182666108623443
55.0,explicit,0.2857142857142857,0.42857142857142855,0.44660768445776516
55.0,explicit,0.2857142857142857,0.5,0.46808520836231843
55.0,explicit,0.2857142857142857,0.5714285714285714,0.44660768445776516
55.0,explicit,0.2857142857142857,0.6428571428571428,0.3918266610862345
55.0,explicit,0.2857142857142857,0.7142857142857142,0.3196992701056048
55.0,explicit,0.2857142857142857,0.7857142857142857,0.2405728090637597
55.0,explicit,0.2857142857142857,0.8571428571428571,0.15884738626036102
55.0,explicit,0.2857142857142857,0.9285714285714285,0.07931837848404957
55.0,explicit,0.2857142857142857,1.0,-0.07020530938773524
55.0,explicit,0.3571428571428571,0.0,-0.07020530938773524
55.0,explicit,0.3571428571428571,0.07142857142857142,0.0975759173776028
55.0,explicit,0.3571428571428571,0.14285714285714285,0.19530621894420036
55.0,explicit,0.3571428571428571,0.21428571428571427,0.29509012068674456
55.0,explicit,0.3571428571428571,0.2857142857142857,0.39182666108623443
55.0,explicit,0.3571428571428571,0.3571428571428571,0.48010075170174393
55.0,explicit,0.3571428571428571,0.42857142857142855,0.547167229106634
55.0,explicit,0.3571428571428571,0.5,0.5734620847255589
55.0,explicit,0.3571428571428571,0.5714285714285714,0.547167229106634
55.0,explicit,0.3571428571428571,0.6428571428571428,0.48010075170174404
55.0,explicit,0.3571428571428571,0.7142857142857142,0.39182666108623454
55.0,explicit,0.3571428571428571,0.7857142857142857,0.2950901206867447
55.0,explicit,0.3571428571428571,0.8571428571428571,0.19530621894420044
55.0,explicit,0.3571428571428571,0.9285714285714285,0.09757591737760285
55.0,explicit,0.3571428571428571,1.0,-0.07020530938773524
55.0,explicit,0.42857142857142855,0.0,-0.07020530938773524
55.0,explicit,0.42857142857142855,0.07142857142857142,0.11141504218990941
55.0,explicit,0.42857142857142855,0.14285714285714285,0.22296034390231828
55.0,explicit,0.42857142857142855,0.21428571428571427,0.336472933786419
55.0,explicit,0.42857142857142855,0.2857142857142857,0.44660768445776516
55.0,explicit,0.42857142857142855,0.3571428571428571,0.547167229106634
55.0,explicit,0.42857142857142855,0.42857142857142855,0.6235783525937368
55.0,explicit,0.42857142857142855,0.5,0.6535359469870436
55.0,explicit,0.42857142857142855,0.5714285714285714,0.623578352593737
55.0,explicit,0.42857142857142855,0.6428571428571428,0.5471672291066341
55.0,explicit,0.42857142857142855,0.7142857142857142,0.4466076844577653
55.0,explicit,0.42857142857142855,0.7857142857142857,0.3364729337864191
55.0,explicit,0.42857142857142855,0.8571428571428571,0.22296034390231836
55.0,explicit,0.42857142857142855,0.9285714285714285,0.11141504218990948
55.0,explicit,0.42857142857142855,1.0,-0.07020530938773524
55.0,explicit,0.5,0.0,-0.07020530938773524
55.0,explicit,0.5,0.07142857142857142,0.1168381553720125
55.0,explicit,0.5,0.14285714285714285,0.23379924337729482
55.0,explicit,0.5,0.21428571428571427,0.3526957455629277
55.0,explicit,0.5,0.2857142857142857,0.46808520836231843
55.0,explicit,0.5,0.3571428571428571,0.5734620847255589
55.0,explicit,0.5,0.42857142857142855,0.6535359469870436
55.0,explicit,0.5,0.5,0.684928568220696
55.0,explicit,0.5,0.5714285714285714,0.6535359469870436
55.0,explicit,0.5,0.6428571428571428,0.573462084725559
55.0,explicit,0.5,0.7142857142857142,0.46808520836231854
55.0,explicit,0.5,0.7857142857142857,0.3526957455629278
55.0,explicit,0.5,0.8571428571428571,0.2337992433772949
55.0,explicit,0.5,0.9285714285714285,0.11683815537201256
55.0,explicit,0.5,1.0,-0.07020530938773524
55.0,explicit,0.5714285714285714,0.0,-0.07020530938773524
55.0,explicit,0.5714285714285714,0.07142857142857142,0.11141504218990943
55.0,explicit,0.5714285714285714,0.14285714285714285,0.2229603439023183
55.0,explicit,0.5714285714285714,0.21428571428571427,0.336472933786419
55.0,explicit,0.5714285714285714,0.2857142857142857,0.44660768445776516
55.0,explicit,0.5714285714285714,0.3571428571428571,0.547167229106634
55.0,explicit,0.5714285714285714,0.42857142857142855,0.623578352593737
55.0,explicit,0.5714285714285714,0.5,0.6535359469870436
55.0,explicit,0.5714285714285714,0.5714285714285714,0.6235783525937371
55.0,explicit,0.5714285714285714,0.6428571428571428,0.5471672291066342
55.0,explicit,0.5714285714285714,0.7142857142857142,0.44660768445776533
55.0,explicit,0.5714285714285714,0.7857142857142857,0.3364729337864191
55.0,explicit,0.5714285714285714,0.8571428571428571,0.22296034390231836
55.0,explicit,0.5714285714285714,0.9285714285714285,0.11141504218990948
55.0,explicit,0.5714285714285714,1.0,-0.07020530938773524
55.0,explicit,0.6428571428571428,0.0,-0.07020530938773524
55.0,explicit,0.6428571428571428,0.07142857142857142,0.09757591737760282
55.0,explicit,0.6428571428571428,0.14285714285714285,0.19530621894420042
55.0,explicit,0.6428571428571428,0.21428571428571427,0.2950901206867446
55.0,explicit,0.6428571428571428,0.2857142857142857,0.3918266610862345
55.0,explicit,0.6428571428571428,0.3571428571428571,0.48010075170174404
55.0,explicit,0.6428571428571428,0.42857142857142855,0.5471672291066341
55.0,explicit,0.6428571428571428,0.5,0.573462084725559
55.0,explicit,0.6428571428571428,0.5714285714285714,0.5471672291066342
55.0,explicit,0.6428571428571428,0.6428571428571428,0.48010075170174416
55.0,explicit,0.6428571428571428,0.7142857142857142,0.39182666108623465
55.0,explicit,0.6428571428571428,0.7857142857142857,0.29509012068674473
55.0,explicit,0.6428571428571428,0.8571428571428571,0.19530621894420047
55.0,explicit,0.6428571428571428,0.9285714285714285,0.09757591737760286
55.0,explicit,0.6428571428571428,1.0,-0.07020530938773524
55.0,explicit,0.7142857142857142,0.0,-0.07020530938773524
55.0,explicit,0.7142857142857142,0.07142857142857142,0.07931837848404955
55.0,explicit,0.7142857142857142,0.14285714285714285,0.158847386260361
55.0,explicit,0.7142857142857142,0.21428571428571427,0.24057280906375966
55.0,explicit,0.7142857142857142,0.2857142857142857,0.3196992701056048
55.0,explicit,0.7142857142857142,0.3571428571428571,0.39182666108623454
55.0,explicit,0.7142857142857142,0.42857142857142855,0.4466076844577653
55.0,explicit,0.7142857142857142,0.5,0.46808520836231854
55.0,explicit,0.7142857142857142,0.5714285714285714,0.44660768445776533
55.0,explicit,0.7142857142857142,0.6428571428571428,0.39182666108623465
55.0,explicit,0.7142857142857142,0.7142857142857142,0.3196992701056049
55.0,explicit,0.7142857142857142,0.7857142857142857,0.24057280906375977
55.0,explicit,0.7142857142857142,0.8571428571428571,0.15884738626036107
55.0,explicit,0.7142857142857142,0.9285714285714285,0.07931837848404959
55.0,explicit,0.7142857142857142,1.0,-0.07020530938773524
55.0,explicit,0.7857142857142857,0.0,-0.07020530938773524
55.0,explicit,0.7857142857142857,0.07142857142857142,0.059205624566704085
55.0,explicit,0.7857142857142857,0.14285714285714285,0.11871851265370668
55.0,explicit,0.7857142857142857,0.21428571428571427,0.18067122737828367
55.0,explicit,0.7857142857142857,0.2857142857142857,0.2405728090637597
55.0,explicit,0.7857142857142857,0.3571428571428571,0.2950901206867447
55.0,explicit,0.7857142857142857,0.42857142857142855,0.3364729337864191
55.0,explicit,0.7857142857142857,0.5,0.3526957455629278
55.0,explicit,0.7857142857142857,0.5714285714285714,0.3364729337864191
55.0,explicit,0.7857142857142857,0.6428571428571428,0.29509012068674473
55.0,explicit,0.7857142857142857,0.7142857142857142,0.24057280906375977
55.0,explicit,0.7857142857142857,0.7857142857142857,0.18067122737828373
55.0,explicit,0.7857142857142857,0.8571428571428571,0.11871851265370673
55.0,explicit,0.7857142857142857,0.9285714285714285,0.059205624566704106
55.0,explicit,0.7857142857142857,1.0,-0.07020530938773524
55.0,explicit,0.8571428571428571,0.0,-0.07020530938773524
55.0,explicit,0.8571428571428571,0.07142857142857142,0.038497082778614515
55.0,explicit,0.8571428571428571,0.14285714285714285,0.07722814205428677
55.0,explicit,0.8571428571428571,0.21428571428571427,0.1187185126537067
55.0,explicit,0.8571428571428571,0.2857142857142857,0.15884738626036102
55.0,explicit,0.8571428571428571,0.3571428571428571,0.19530621894420044
55.0,explicit,0.8571428571428571,0.42857142857142855,0.22296034390231836
55.0,explicit,0.8571428571428571,0.5,0.2337992433772949
55.0,explicit,0.8571428571428571,0.5714285714285714,0.2229603439023184
55.0,explicit,0.8571428571428571,0.6428571428571428,0.1953062189442005
55.0,explicit,0.8571428571428571,0.7142857142857142,0.15884738626036107
55.0,explicit,0.8571428571428571,0.7857142857142857,0.11871851265370673
55.0,explicit,0.8571428571428571,0.8571428571428571,0.07722814205428678
55.0,explicit,0.8571428571428571,0.9285714285714285,0.03849708277861453
55.0,explicit,0.8571428571428571,1.0,-0.07020530938773524
55.0,explicit,0.9285714285714285,0.0,-0.07020530938773524
55.0,explicit,0.9285714285714285,0.07142857142857142,0.02048564295549827
55.0,explicit,0.9285714285714285,0.14285714285714285,0.038497082778614536
55.0,explicit,0.9285714285714285,0.21428571428571427,0.05920562456670409
55.0,explicit,0.9285714285714285,0.2857142857142857,0.07931837848404957
55.0,explicit,0.9285714285714285,0.3571428571428571,0.09757591737760285
55.0,explicit,0.9285714285714285,0.42857142857142855,0.11141504218990948
55.0,explicit,0.9285714285714285,0.5,0.11683815537201256
55.0,explicit,0.9285714285714285,0.5714285714285714,0.1114150421899095
55.0,explicit,0.9285714285714285,0.6428571428571428,0.09757591737760288
55.0,explicit,0.9285714285714285,0.7142857142857142,0.07931837848404959
55.0,explicit,0.9285714285714285,0.7857142857142857,0.059205624566704106
55.0,explicit,0.9285714285714285,0.8571428571428571,0.03849708277861454
55.0,explicit,0.9285714285714285,0.9285714285714285,0.020485642955498276
55.0,explicit,0.9285714285714285,1.0,-0.07020530938773524
55.0,explicit,1.0,0.0,-0.07020530938773524
55.0,explicit,1.0,0.07142857142857142,-0.07020530938773524
55.0,explicit,1.0,0.14285714285714285,-0.07020530938773524
55.0,explicit,1.0,0.21428571428571427,-0.07020530938773524
55.0,explicit,1.0,0.2857142857142857,-0.07020530938773524
55.0,explicit,1.0,0.3571428571428571,-0.07020530938773524
55.0,explicit,1.0,0.42857142857142855,-0.07020530938773524
55.0,explicit,1.0,0.5,-0.07020530938773524
55.0,explicit,1.0,0.5714285714285714,-0.07020530938773524
55.0,explicit,1.0,0.6428571428571428,-0.07020530938773524
55.0,explicit,1.0,0.7142857142857142,-0.07020530938773524
55.0,explicit,1.0,0.7857142857142857,-0.07020530938773524
55.0,explicit,1.0,0.8571428571428571,-0.07020530938773524
55.0,explicit,1.0,0.9285714285714285,-0.07020530938773524
55.0,explicit,1.0,1.0,-0.07020530938773524
56.0,explicit,0.0,0.0,-0.032766214659776825
56.0,explicit,0.0,0.07142857142857142,-0.032766214659776825
56.0,explicit,0.0,0.14285714285714285,-0.032766214659776825
56.0,explicit,0.0,0.21428571428571427,-0.032766214659776825
56.0,explicit,0.0,0.2857142857142857,-0.032766214659776825
56.0,explicit,0.0,0.3571428571428571,-0.032766214659776825
56.0,explicit,0.0,0.42857142857142855,-0.032766214659776825
56.0,explicit,0.0,0.5,-0.032766214659776825
56.0,explicit,0.0,0.5714285714285714,-0.032766214659776825
56.0,explicit,0.0,0.6428571428571428,-0.032766214659776825
56.0,explicit,0.0,0.7142857142857142,-0.032766214659776825
56.0,explicit,0.0,0.7857142857142857,-0.032766214659776825
56.0,explicit,0.0,0.8571428571428571,-0.032766214659776825
56.0,explicit,0.0,0.9285714285714285,-0.032766214659776825
56.0,explicit,0.0,1.0,-0.032766214659776825
56.0,explicit,0.07142857142857142,0.0,-0.032766214659776825
56.0,explicit,0.07142857142857142,0.07142857142857142,0.018495191822117715
56.0,explicit,0.07142857142857142,0.14285714285714285,0.037575873592213406
56.0,explicit,0.07142857142857142,0.21428571428571427,0.058240328251448356
56.0,explicit,0.07142857142857142,0.2857142857142857,0.07833451315381751
56.0,explicit,0.07142857142857142,0.3571428571428571,0.09655618309738921
56.0,explicit,0.07142857142857142,0.42857142857142855,0.1103402370839272
56.0,explicit,0.07142857142857142,0.5,0.11572997217006906
56.0,explicit,0.07142857142857142,0.5714285714285714,0.11034023708392723
56.0,explicit,0.07142857142857142,0.6428571428571428,0.09655618309738924
56.0,explicit,0.07142857142857142,0.7142857142857142,0.07833451315381752
56.0,explicit,0.07142857142857142,0.7857142857142857,0.05824032825144838
56.0,explicit,0.07142857142857142,0.8571428571428571,0.03757587359221342
56.0,explicit,0.07142857142857142,0.9285714285714285,0.018495191822117722
56.0,explicit,0.07142857142857142,1.0,-0.032766214659776825
56.0,explicit,0.14285714285714285,0.0,-0.032766214659776825
56.0,explicit,0.14285714285714285,0.07142857142857142,0.03757587359221339
56.0,explicit,0.14285714285714285,0.14285714285714285,0.07730371045260509
56.0,explicit,0.14285714285714285,0.21428571428571427,0.11873327859247843
56.0,explicit,0.14285714285714285,0.2857142857142857,0.15882720739404346
56.0,explicit,0.14285714285714285,0.3571428571428571,0.1952137737061403
56.0,explicit,0.14285714285714285,0.42857142857142855,0.22275702598902217
56.0,explicit,0.14285714285714285,0.5,0.23352890411126428
56.0,explicit,0.14285714285714285,0.5714285714285714,0.2227570259890222
56.0,explicit,0.14285714285714285,0.6428571428571428,0.19521377370614035
56.0,explicit,0.14285714285714285,0.7142857142857142,0.1588272073940435
56.0,explicit,0.14285714285714285,0.7857142857142857,0.11873327859247845
56.0,explicit,0.14285714285714285,0.8571428571428571,0.07730371045260512
56.0,explicit,0.14285714285714285,0.9285714285714285,0.037575873592213406
56.0,explicit,0.14285714285714285,1.0,-0.032766214659776825
56.0,explicit,0.21428571428571427,0.0,-0.032766214659776825
56.0,explicit,0.21428571428571427,0.07142857142857142,0.058240328251448356
56.0,explicit,0.21428571428571427,0.14285714285714285,0.11873327859247843
56.0,explicit,0.21428571428571427,0.21428571428571427,0.18061505363769526
56.0,explicit,0.21428571428571427,0.2857142857142857,0.2404634919241612
56.0,explicit,0.21428571428571427,0.3571428571428571,0.29486853691303466
56.0,explicit,0.21428571428571427,0.42857142857142855,0.3360821553189435
56.0,explicit,0.21428571428571427,0.5,0.3522034333815844
56.0,explicit,0.21428571428571427,0.5714285714285714,0.3360821553189435
56.0,explicit,0.21428571428571427,0.6428571428571428,0.2948685369130347
56.0,explicit,0.21428571428571427,0.7142857142857142,0.24046349192416125
56.0,explicit,0.21428571428571427,0.7857142857142857,0.1806150536376953
56.0,explicit,0.21428571428571427,0.8571428571428571,0.11873327859247847
56.0,explicit,0.21428571428571427,0.9285714285714285,0.058240328251448384
56.0,explicit,0.21428571428571427,1.0,-0.032766214659776825
56.0,explicit,0.2857142857142857,0.0,-0.032766214659776825
56.0,explicit,0.2857142857142857,0.07142857142857142,0.07833451315381751
56.0,explicit,0.2857142857142857,0.14285714285714285,0.15882720739404346
56.0,explicit,0.2857142857142857,0.21428571428571427,0.2404634919241612
56.0,explicit,0.2857142857142857,0.2857142857142857,0.319507588757548
56.0,explicit,0.2857142857142857,0.3571428571428571,0.3914732520714378
56.0,explicit,0.2857142857142857,0.42857142857142855,0.44602053159322336
56.0,explicit,0.2857142857142857,0.5,0.46735990432573193
56.0,explicit,0.2857142857142857,0.5714285714285714,0.44602053159322336
56.0,explicit,0.2857142857142857,0.6428571428571428,0.39147325207143785
56.0,explicit,0.2857142857142857,0.7142857142857142,0.3195075887575481
56.0,explicit,0.2857142857142857,0.7857142857142857,0.24046349192416128
56.0,explicit,0.2857142857142857,0.8571428571428571,0.15882720739404352
56.0,explicit,0.2857142857142857,0.9285714285714285,0.07833451315381755
56.0,explicit,0.2857142857142857,1.0,-0.032766214659776825
56.0,explicit,0.3571428571428571,0.0,-0.032766214659776825
56.0,explicit,0.3571428571428571,0.07142857142857142,0.09655618309738921
56.0,explicit,0.3571428571428571,0.14285714285714285,0.1952137737061403
56.0,explicit,0.3571428571428571,0.21428571428571427,0.29486853691303466
56.0,explicit,0.3571428571428571,0.2857142857142857,0.3914732520714378
56.0,explicit,0.3571428571428571,0.3571428571428571,0.47951994541552
56.0,explicit,0.3571428571428571,0.42857142857142855,0.546278256626056
56.0,explicit,0.3571428571428571,0.5,0.5723954728423861
56.0,explicit,0.3571428571428571,0.5714285714285714,0.546278256626056
56.0,explicit,0.3571428571428571,0.6428571428571428,0.4795199454155201
56.0,explicit,0.3571428571428571,0.7142857142857142,0.3914732520714379
56.0,explicit,0.3571428571428571,0.7857142857142857,0.2948685369130348
56.0,explicit,0.3571428571428571,0.8571428571428571,0.19521377370614038
56.0,explicit,0.3571428571428571,0.9285714285714285,0.09655618309738927
56.0,explicit,0.3571428571428571,1.0,-0.032766214659776825
56.0,explicit,0.42857142857142855,0.0,-0.032766214659776825
56.0,explicit,0.42857142857142855,0.07142857142857142,0.1103402370839272
56.0,explicit,0.42857142857142855,0.14285714285714285,0.22275702598902217
56.0,explicit,0.42857142857142855,0.21428571428571427,0.3360821553189435
56.0,explicit,0.42857142857142855,0.2857142857142857,0.44602053159322336
56.0,explicit,0.42857142857142855,0.3571428571428571,0.546278256626056
56.0,explicit,0.42857142857142855,0.42857142857142855,0.6223061442859461
56.0,explicit,0.42857142857142855,0.5,0.6520488987164226
56.0,explicit,0.42857142857142855,0.5714285714285714,0.6223061442859462
56.0,explicit,0.42857142857142855,0.6428571428571428,0.5462782566260561
56.0,explicit,0.42857142857142855,0.7142857142857142,0.44602053159322347
56.0,explicit,0.42857142857142855,0.7857142857142857,0.3360821553189436
56.0,explicit,0.42857142857142855,0.8571428571428571,0.22275702598902225
56.0,explicit,0.42857142857142855,0.9285714285714285,0.11034023708392728
56.0,explicit,0.42857142857142855,1.0,-0.032766214659776825
56.0,explicit,0.5,0.0,-0.032766214659776825
56.0,explicit,0.5,0.07142857142857142,0.11572997217006906
56.0,explicit,0.5,0.14285714285714285,0.23352890411126428
56.0,explicit,0.5,0.21428571428571427,0.3522034333815844
56.0,explicit,0.5,0.2857142857142857,0.46735990432573193
56.0,explicit,0.5,0.3571428571428571,0.5723954728423861
56.0,explicit,0.5,0.42857142857142855,0.6520488987164226
56.0,explicit,0.5,0.5,0.6832090883742397
56.0,explicit,0.5,0.5714285714285714,0.6520488987164226
56.0,explicit,0.5,0.6428571428571428,0.5723954728423862
56.0,explicit,0.5,0.7142857142857142,0.46735990432573205
56.0,explicit,0.5,0.7857142857142857,0.3522034333815845
56.0,explicit,0.5,0.8571428571428571,0.23352890411126437
56.0,explicit,0.5,0.9285714285714285,0.11572997217006911
56.0,explicit,0.5,1.0,-0.032766214659776825
56.0,explicit,0.5714285714285714,0.0,-0.032766214659776825
56.0,explicit,0.5714285714285714,0.07142857142857142,0.11034023708392722
56.0,explicit,0.5714285714285714,0.14285714285714285,0.2227570259890222
56.0,explicit,0.5714285714285714,0.21428571428571427,0.3360821553189435
56.0,explicit,0.5714285714285714,0.2857142857142857,0.44602053159322336
56.0,explicit,0.5714285714285714,0.3571428571428571,0.546278256626056
56.0,explicit,0.5714285714285714,0.42857142857142855,0.6223061442859462
56.0,explicit,0.5714285714285714,0.5,0.6520488987164226
56.0,explicit,0.5714285714285714,0.5714285714285714,0.6223061442859463
56.0,explicit,0.5714285714285714,0.6428571428571428,0.5462782566260562
56.0,explicit,0.5714285714285714,0.7142857142857142,0.4460205315932235
56.0,explicit,0.5714285714285714,0.7857142857142857,0.3360821553189436
56.0,explicit,0.5714285714285714,0.8571428571428571,0.22275702598902228
56.0,explicit,0.5714285714285714,0.9285714285714285,0.11034023708392728
56.0,explicit,0.5714285714285714,1.0,-0.032766214659776825
56.0,explicit,0.6428571428571428,0.0,-0.032766214659776825
56.0,explicit,0.6428571428571428,0.07142857142857142,0.09655618309738924
56.0,explicit,0.6428571428571428,0.14285714285714285,0.19521377370614035
56.0,explicit,0.6428571428571428,0.21428571428571427,0.2948685369130347
56.0,explicit,0.6428571428571428,0.2857142857142857,0.39147325207143785
56.0,explicit,0.6428571428571428,0.3571428571428571,0.4795199454155201
56.0,explicit,0.6428571428571428,0.42857142857142855,0.5462782566260561
56.0,explicit,0.6428571428571428,0.5,0.5723954728423862
56.0,explicit,0.6428571428571428,0.5714285714285714,0.5462782566260562
56.0,explicit,0.6428571428571428,0.6428571428571428,0.47951994541552023
56.0,explicit,0.6428571428571428,0.7142857142857142,0.391473252071438
56.0,explicit,0.6428571428571428,0.7857142857142857,0.29486853691303483
56.0,explicit,0.6428571428571428,0.8571428571428571,0.1952137737061404
56.0,explicit,0.6428571428571428,0.9285714285714285,0.09655618309738928
56.0,explicit,0.6428571428571428,1.0,-0.032766214659776825
56.0,explicit,0.7142857142857142,0.0,-0.032766214659776825
56.0,explicit,0.7142857142857142,0.07142857142857142,0.07833451315381752
56.0,explicit,0.7142857142857142,0.14285714285714285,0.1588272073940435
56.0,explicit,0.7142857142857142,0.21428571428571427,0.24046349192416125
56.0,explicit,0.7142857142857142,0.2857142857142857,0.3195075887575481
56.0,explicit,0.7142857142857142,0.3571428571428571,0.3914732520714379
56.0,explicit,0.7142857142857142,0.42857142857142855,0.44602053159322347
56.0,explicit,0.7142857142857142,0.5,0.46735990432573205
56.0,explicit,0.7142857142857142,0.5714285714285714,0.4460205315932235
56.0,explicit,0.7142857142857142,0.6428571428571428,0.391473252071438
56.0,explicit,0.7142857142857142,0.7142857142857142,0.3195075887575482
56.0,explicit,0.7142857142857142,0.7857142857142857,0.24046349192416136
56.0,explicit,0.7142857142857142,0.8571428571428571,0.15882720739404357
56.0,explicit,0.7142857142857142,0.9285714285714285,0.07833451315381756
56.0,explicit,0.7142857142857142,1.0,-0.032766214659776825
56.0,explicit,0.7857142857142857,0.0,-0.032766214659776825
56.0,explicit,0.7857142857142857,0.07142857142857142,0.05824032825144837
56.0,explicit,0.7857142857142857,0.14285714285714285,0.11873327859247845
56.0,explicit,0.7857142857142857,0.21428571428571427,0.1806150536376953
56.0,explicit,0.7857142857142857,0.2857142857142857,0.24046349192416128
56.0,explicit,0.7857142857142857,0.3571428571428571,0.2948685369130348
56.0,explicit,0.7857142857142857,0.42857142857142855,0.3360821553189436
56.0,explicit,0.7857142857142857,0.5,0.3522034333815845
56.0,explicit,0.7857142857142857,0.5714285714285714,0.3360821553189436
56.0,explicit,0.7857142857142857,0.6428571428571428,0.29486853691303483
56.0,explicit,0.7857142857142857,0.7142857142857142,0.24046349192416136
56.0,explicit,0.7857142857142857,0.7857142857142857,0.18061505363769537
56.0,explicit,0.7857142857142857,0.8571428571428571,0.1187332785924785
56.0,explicit,0.7857142857142857,0.9285714285714285,0.05824032825144839
56.0,explicit,0.7857142857142857,1.0,-0.032766214659776825
56.0,explicit,0.8571428571428571,0.0,-0.032766214659776825
56.0,explicit,0.8571428571428571,0.07142857142857142,0.037575873592213406
56.0,explicit,0.8571428571428571,0.14285714285714285,0.07730371045260512
56.0,explicit,0.8571428571428571,0.21428571428571427,0.11873327859247847
56.0,explicit,0.8571428571428571,0.2857142857142857,0.15882720739404352
56.0,explicit,0.8571428571428571,0.3571428571428571,0.19521377370614038
56.0,explicit,0.8571428571428571,0.42857142857142855,0.22275702598902225
56.0,explicit,0.8571428571428571,0.5,0.23352890411126437
56.0,explicit,0.8571428571428571,0.5714285714285714,0.2227570259890223
56.0,explicit,0.8571428571428571,0.6428571428571428,0.19521377370614043
56.0,explicit,0.8571428571428571,0.7142857142857142,0.15882720739404357
56.0,explicit,0.8571428571428571,0.7857142857142857,0.1187332785924785
56.0,explicit,0.8571428571428571,0.8571428571428571,0.07730371045260513
56.0,explicit,0.8571428571428571,0.9285714285714285,0.03757587359221342
56.0,explicit,0.8571428571428571,1.0,-0.032766214659776825
56.0,explicit,0.9285714285714285,0.0,-0.032766214659776825
56.0,explicit,0.9285714285714285,0.07142857142857142,0.018495191822117722
56.0,explicit,0.9285714285714285,0.14285714285714285,0.03757587359221343
56.0,explicit,0.9285714285714285,0.21428571428571427,0.05824032825144838
56.0,explicit,0.9285714285714285,0.2857142857142857,0.07833451315381755
56.0,explicit,0.9285714285714285,0.3571428571428571,0.09655618309738927
56.0,explicit,0.9285714285714285,0.42857142857142855,0.11034023708392728
56.0,explicit,0.9285714285714285,0.5,0.11572997217006911
56.0,explicit,0.9285714285714285,0.5714285714285714,0.11034023708392729
56.0,explicit,0.9285714285714285,0.6428571428571428,0.0965561830973893
56.0,explicit,0.9285714285714285,0.7142857142857142,0.07833451315381756
56.0,explicit,0.9285714285714285,0.7857142857142857,0.05824032825144839
56.0,explicit,0.9285714285714285,0.8571428571428571,0.037575873592213434
56.0,explicit,0.9285714285714285,0.9285714285714285,0.01849519182211773
56.0,explicit,0.9285714285714285,1.0,-0.032766214659776825
56.0,explicit,1.0,0.0,-0.032766214659776825
56.0,explicit,1.0,0.07142857142857142,-0.032766214659776825
56.0,explicit,1.0,0.14285714285714285,-0.032766214659776825
56.0,explicit,1.0,0.21428571428571427,-0.032766214659776825
56.0,explicit,1.0,0.2857142857142857,-0.032766214659776825
56.0,explicit,1.0,0.3571428571428571,-0.032766214659776825
56.0,explicit,1.0,0.42857142857142855,-0.032766214659776825
56.0,explicit,1.0,0.5,-0.032766214659776825
56.0,explicit,1.0,0.5714285714285714,-0.032766214659776825
56.0,explicit,1.0,0.6428571428571428,-0.032766214659776825
56.0,explicit,1.0,0.7142857142857142,-0.032766214659776825
56.0,explicit,1.0,0.7857142857142857,-0.032766214659776825
56.0,explicit,1.0,0.8571428571428571,-0.032766214659776825
56.0,explicit,1.0,0.9285714285714285,-0.032766214659776825
56.0,explicit,1.0,1.0,-0.032766214659776825
57.0,explicit,0.0,0.0,-0.14635149481321186
57.0,explicit,0.0,0.07142857142857142,-0.14635149481321186
57.0,explicit,0.0,0.14285714285714285,-0.14635149481321186
57.0,explicit,0.0,0.21428571428571427,-0.14635149481321186
57.0,explicit,0.0,0.2857142857142857,-0.14635149481321186
57.0,explicit,0.0,0.3571428571428571,-0.14635149481321186
57.0,explicit,0.0,0.42857142857142855,-0.14635149481321186
57.0,explicit,0.0,0.5,-0.14635149481321186
57.0,explicit,0.0,0.5714285714285714,-0.14635149481321186
57.0,explicit,0.0,0.6428571428571428,-0.14635149481321186
57.0,explicit,0.0,0.7142857142857142,-0.14635149481321186
57.0,explicit,0.0,0.7857142857142857,-0.14635149481321186
57.0,explicit,0.0,0.8571428571428571,-0.14635149481321186
57.0,explicit,0.0,0.9285714285714285,-0.14635149481321186
57.0,explicit,0.0,1.0,-0.14635149481321186
57.0,explicit,0.07142857142857142,0.0,-0.14635149481321186
57.0,explicit,0.07142857142857142,0.07142857142857142,0.016593434807037066
57.0,explicit,0.07142857142857142,0.14285714285714285,0.03669709199813083
57.0,explicit,0.07142857142857142,0.21428571428571427,0.05731258611206953
57.0,explicit,0.07142857142857142,0.2857142857142857,0.07736820061618548
57.0,explicit,0.07142857142857142,0.3571428571428571,0.09551803363830758
57.0,explicit,0.07142857142857142,0.42857142857142855,0.10919358870380959
57.0,explicit,0.07142857142857142,0.5,0.11451839019314655
57.0,explicit,0.07142857142857142,0.5714285714285714,0.10919358870380962
57.0,explicit,0.07142857142857142,0.6428571428571428,0.0955180336383076
57.0,explicit,0.07142857142857142,0.7142857142857142,0.07736820061618549
57.0,explicit,0.07142857142857142,0.7857142857142857,0.057312586112069554
57.0,explicit,0.07142857142857142,0.8571428571428571,0.03669709199813084
57.0,explicit,0.07142857142857142,0.9285714285714285,0.016593434807037073
57.0,explicit,0.07142857142857142,1.0,-0.14635149481321186
57.0,explicit,0.14285714285714285,0.0,-0.14635149481321186
57.0,explicit,0.14285714285714285,0.07142857142857142,0.036697091998130815
57.0,explicit,0.14285714285714285,0.14285714285714285,0.07738350038905875
57.0,explicit,0.14285714285714285,0.21428571428571427,0.11872826172615449
57.0,explicit,0.14285714285714285,0.2857142857142857,0.15874985874844139
57.0,explicit,0.14285714285714285,0.3571428571428571,0.1949916961834805
57.0,explicit,0.14285714285714285,0.42857142857142855,0.2223164725505321
57.0,explicit,0.14285714285714285,0.5,0.2329579419702443
57.0,explicit,0.14285714285714285,0.5714285714285714,0.22231647255053213
57.0,explicit,0.14285714285714285,0.6428571428571428,0.19499169618348056
57.0,explicit,0.14285714285714285,0.7142857142857142,0.15874985874844144
57.0,explicit,0.14285714285714285,0.7857142857142857,0.11872826172615451
57.0,explicit,0.14285714285714285,0.8571428571428571,0.07738350038905878
57.0,explicit,0.14285714285714285,0.9285714285714285,0.03669709199813083
57.0,explicit,0.14285714285714285,1.0,-0.14635149481321186
57.0,explicit,0.21428571428571427,0.0,-0.14635149481321186
57.0,explicit,0.21428571428571427,0.07142857142857142,0.05731258611206953
57.0,explicit,0.21428571428571427,0.14285714285714285,0.11872826172615449
57.0,explicit,0.21428571428571427,0.21428571428571427,0.1805037375279666
57.0,explicit,0.21428571428571427,0.2857142857142857,0.24024250772520284
57.0,explicit,0.21428571428571427,0.3571428571428571,0.29442272955040094
57.0,explicit,0.21428571428571427,0.42857142857142855,0.33530280030265214
57.0,explicit,0.21428571428571427,0.5,0.3512264342747187
57.0,explicit,0.21428571428571427,0.5714285714285714,0.33530280030265214
57.0,explicit,0.21428571428571427,0.6428571428571428,0.294422729550401
57.0,explicit,0.21428571428571427,0.7142857142857142,0.2402425077252029
57.0,explicit,0.21428571428571427,0.7857142857142857,0.18050373752796667
57.0,explicit,0.21428571428571427,0.8571428571428571,0.11872826172615453
57.0,explicit,0.21428571428571427,0.9285714285714285,0.05731258611206956
57.0,explicit,0.21428571428571427,1.0,-0.14635149481321186
57.0,explicit,0.2857142857142857,0.0,-0.14635149481321186
57.0,explicit,0.2857142857142857,0.07142857142857142,0.07736820061618548
57.0,explicit,0.2857142857142857,0.14285714285714285,0.15874985874844139
57.0,explicit,0.2857142857142857,0.21428571428571427,0.24024250772520284
57.0,explicit,0.2857142857142857,0.2857142857142857,0.31911774212478744
57.0,explicit,0.2857142857142857,0.3571428571428571,0.39075960213122696
57.0,explicit,0.2857142857142857,0.42857142857142855,0.4448458488099409
57.0,explicit,0.2857142857142857,0.5,0.46591615523839003
57.0,explicit,0.2857142857142857,0.5714285714285714,0.4448458488099409
57.0,explicit,0.2857142857142857,0.6428571428571428,0.390759602131227
57.0,explicit,0.2857142857142857,0.7142857142857142,0.31911774212478755
57.0,explicit,0.2857142857142857,0.7857142857142857,0.24024250772520292
57.0,explicit,0.2857142857142857,0.8571428571428571,0.15874985874844147
57.0,explicit,0.2857142857142857,0.9285714285714285,0.07736820061618552
57.0,explicit,0.2857142857142857,1.0,-0.14635149481321186
57.0,explicit,0.3571428571428571,0.0,-0.14635149481321186
57.0,explicit,0.3571428571428571,0.07142857142857142,0.09551803363830758
57.0,explicit,0.3571428571428571,0.14285714285714285,0.1949916961834805
57.0,explicit,0.3571428571428571,0.21428571428571427,0.29442272955040094
57.0,explicit,0.3571428571428571,0.2857142857142857,0.39075960213122696
57.0,explicit,0.3571428571428571,0.3571428571428571,0.4783517735906059
57.0,explicit,0.3571428571428571,0.42857142857142855,0.5445023750889924
57.0,explicit,0.3571428571428571,0.5,0.570273551953142
57.0,explicit,0.3571428571428571,0.5714285714285714,0.5445023750889924
57.0,explicit,0.3571428571428571,0.6428571428571428,0.478351773590606
57.0,explicit,0.3571428571428571,0.7142857142857142,0.39075960213122707
57.0,explicit,0.3571428571428571,0.7857142857142857,0.294422729550401
57.0,explicit,0.3571428571428571,0.8571428571428571,0.19499169618348058
57.0,explicit,0.3571428571428571,0.9285714285714285,0.09551803363830763
57.0,explicit,0.3571428571428571,1.0,-0.14635149481321186
57.0,explicit,0.42857142857142855,0.0,-0.14635149481321186
57.0,explicit,0.42857142857142855,0.07142857142857142,0.10919358870380959
57.0,explicit,0.42857142857142855,0.14285714285714285,0.2223164725505321
57.0,explicit,0.42857142857142855,0.21428571428571427,0.33530280030265214
57.0,explicit,0.42857142857142855,0.2857142857142857,0.4448458488099409
57.0,explicit,0.42857142857142855,0.3571428571428571,0.5445023750889924
57.0,explicit,0.42857142857142855,0.42857142857142855,0.6197755605397031
57.0,explicit,0.42857142857142855,0.5,0.6491000658146203
57.0,explicit,0.42857142857142855,0.5714285714285714,0.6197755605397032
57.0,explicit,0.42857142857142855,0.6428571428571428,0.5445023750889925
57.0,explicit,0.42857142857142855,0.7142857142857142,0.444845848809941
57.0,explicit,0.42857142857142855,0.7857142857142857,0.33530280030265225
57.0,explicit,0.42857142857142855,0.8571428571428571,0.2223164725505322
57.0,explicit,0.42857142857142855,0.9285714285714285,0.10919358870380966
57.0,explicit,0.42857142857142855,1.0,-0.14635149481321186
57.0,explicit,0.5,0.0,-0.14635149481321186
57.0,explicit,0.5,0.07142857142857142,0.11451839019314655
57.0,explicit,0.5,0.14285714285714285,0.2329579419702443
57.0,explicit,0.5,0.21428571428571427,0.3512264342747187
57.0,explicit,0.5,0.2857142857142857,0.46591615523839003
57.0,explicit,0.5,0.3571428571428571,0.570273551953142
57.0,explicit,0.5,0.42857142857142855,0.6491000658146203
57.0,explicit,0.5,0.5,0.6798080878268715
57.0,explicit,0.5,0.5714285714285714,0.6491000658146203
57.0,explicit,0.5,0.6428571428571428,0.5702735519531421
57.0,explicit,0.5,0.7142857142857142,0.46591615523839014
57.0,explicit,0.5,0.7857142857142857,0.35122643427471884
57.0,explicit,0.5,0.8571428571428571,0.2329579419702444
57.0,explicit,0.5,0.9285714285714285,0.11451839019314661
57.0,explicit,0.5,1.0,-0.14635149481321186
57.0,explicit,0.5714285714285714,0.0,-0.14635149481321186
57.0,explicit,0.5714285714285714,0.07142857142857142,0.1091935887038096
57.0,explicit,0.5714285714285714,0.14285714285714285,0.22231647255053213
57.0,explicit,0.5714285714285714,0.21428571428571427,0.33530280030265214
57.0,explicit,0.5714285714285714,0.2857142857142857,0.4448458488099409
57.0,explicit,0.5714285714285714,0.3571428571428571,0.5445023750889924
57.0,explicit,0.5714285714285714,0.42857142857142855,0.6197755605397032
57.0,explicit,0.5714285714285714,0.5,0.6491000658146203
57.0,explicit,0.5714285714285714,0.5714285714285714,0.6197755605397033
57.0,explicit,0.5714285714285714,0.6428571428571428,0.5445023750889926
57.0,explicit,0.5714285714285714,0.7142857142857142,0.44484584880994105
57.0,explicit,0.5714285714285714,0.7857142857142857,0.33530280030265225
57.0,explicit,0.5714285714285714,0.8571428571428571,0.22231647255053222
57.0,explicit,0.5714285714285714,0.9285714285714285,0.10919358870380966
57.0,explicit,0.5714285714285714,1.0,-0.14635149481321186
57.0,explicit,0.6428571428571428,0.0,-0.14635149481321186
57.0,explicit,0.6428571428571428,0.07142857142857142,0.0955180336383076
57.0,explicit,0.6428571428571428,0.14285714285714285,0.19499169618348056
57.0,explicit,0.6428571428571428,0.21428571428571427,0.294422729550401
57.0,explicit,0.6428571428571428,0.2857142857142857,0.390759602131227
57.0,explicit,0.6428571428571428,0.3571428571428571,0.478351773590606
57.0,explicit,0.6428571428571428,0.42857142857142855,0.5445023750889925
57.0,explicit,0.6428571428571428,0.5,0.5702735519531421
57.0,explicit,0.6428571428571428,0.5714285714285714,0.5445023750889926
57.0,explicit,0.6428571428571428,0.6428571428571428,0.4783517735906061
57.0,explicit,0.6428571428571428,0.7142857142857142,0.3907596021312272
57.0,explicit,0.6428571428571428,0.7857142857142857,0.2944227295504011
57.0,explicit,0.6428571428571428,0.8571428571428571,0.1949916961834806
57.0,explicit,0.6428571428571428,0.9285714285714285,0.09551803363830765
57.0,explicit,0.6428571428571428,1.0,-0.14635149481321186
57.0,explicit,0.7142857142857142,0.0,-0.14635149481321186
57.0,explicit,0.7142857142857142,0.07142857142857142,0.07736820061618549
57.0,explicit,0.7142857142857142,0.14285714285714285,0.15874985874844144
57.0,explicit,0.7142857142857142,0.21428571428571427,0.2402425077252029
57.0,explicit,0.7142857142857142,0.2857142857142857,0.31911774212478755
57.0,explicit,0.7142857142857142,0.3571428571428571,0.39075960213122707
57.0,explicit,0.7142857142857142,0.42857142857142855,0.444845848809941
57.0,explicit,0.7142857142857142,0.5,0.46591615523839014
57.0,explicit,0.7142857142857142,0.5714285714285714,0.44484584880994105
57.0,explicit,0.7142857142857142,0.6428571428571428,0.3907596021312272
57.0,explicit,0.7142857142857142,0.7142857142857142,0.31911774212478766
57.0,explicit,0.7142857142857142,0.7857142857142857,0.240242507725203
57.0,explicit,0.7142857142857142,0.8571428571428571,0.1587498587484415
57.0,explicit,0.7142857142857142,0.9285714285714285,0.07736820061618553
57.0,explicit,0.7142857142857142,1.0,-0.14635149481321186
57.0,explicit,0.7857142857142857,0.0,-0.14635149481321186
57.0,explicit,0.7857142857142857,0.07142857142857142,0.05731258611206955
57.0,explicit,0.7857142857142857,0.14285714285714285,0.11872826172615451
57.0,explicit,0.7857142857142857,0.21428571428571427,0.18050373752796667
57.0,explicit,0.7857142857142857,0.2857142857142857,0.24024250772520292
57.0,explicit,0.7857142857142857,0.3571428571428571,0.294422729550401
57.0,explicit,0.7857142857142857,0.42857142857142855,0.33530280030265225
57.0,explicit,0.7857142857142857,0.5,0.35122643427471884
57.0,explicit,0.7857142857142857,0.5714285714285714,0.33530280030265225
57.0,explicit,0.7857142857142857,0.6428571428571428,0.2944227295504011
57.0,explicit,0.7857142857142857,0.7142857142857142,0.240242507725203
57.0,explicit,0.7857142857142857,0.7857142857142857,0.18050373752796672
57.0,explicit,0.7857142857142857,0.8571428571428571,0.11872826172615455
57.0,explicit,0.7857142857142857,0.9285714285714285,0.05731258611206957
57.0,explicit,0.7857142857142857,1.0,-0.14635149481321186
57.0,explicit,0.8571428571428571,0.0,-0.14635149481321186
57.0,explicit,0.8571428571428571,0.07142857142857142,0.03669709199813083
57.0,explicit,0.8571428571428571,0.14285714285714285,0.07738350038905878
57.0,explicit,0.8571428571428571,0.21428571428571427,0.11872826172615453
57.0,explicit,0.8571428571428571,0.2857142857142857,0.15874985874844147
57.0,explicit,0.8571428571428571,0.3571428571428571,0.19499169618348058
57.0,explicit,0.8571428571428571,0.42857142857142855,0.2223164725505322
57.0,explicit,0.8571428571428571,0.5,0.2329579419702444
57.0,explicit,0.8571428571428571,0.5714285714285714,0.22231647255053225
57.0,explicit,0.8571428571428571,0.6428571428571428,0.19499169618348064
57.0,explicit,0.8571428571428571,0.7142857142857142,0.1587498587484415
57.0,explicit,0.8571428571428571,0.7857142857142857,0.11872826172615455
57.0,explicit,0.8571428571428571,0.8571428571428571,0.07738350038905879
57.0,explicit,0.8571428571428571,0.9285714285714285,0.03669709199813084
57.0,explicit,0.8571428571428571,1.0,-0.14635149481321186
57.0,explicit,0.9285714285714285,0.0,-0.14635149481321186
57.0,explicit,0.9285714285714285,0.07142857142857142,0.016593434807037073
57.0,explicit,0.9285714285714285,0.14285714285714285,0.03669709199813085
57.0,explicit,0.9285714285714285,0.21428571428571427,0.057312586112069554
57.0,explicit,0.9285714285714285,0.2857142857142857,0.07736820061618552
57.0,explicit,0.9285714285714285,0.3571428571428571,0.09551803363830763
57.0,explicit,0.9285714285714285,0.42857142857142855,0.10919358870380966
57.0,explicit,0.9285714285714285,0.5,0.11451839019314661
57.0,explicit,0.9285714285714285,0.5714285714285714,0.10919358870380967
57.0,explicit,0.9285714285714285,0.6428571428571428,0.09551803363830766
57.0,explicit,0.9285714285714285,0.7142857142857142,0.07736820061618553
57.0,explicit,0.9285714285714285,0.7857142857142857,0.05731258611206957
57.0,explicit,0.9285714285714285,0.8571428571428571,0.03669709199813086
57.0,explicit,0.9285714285714285,0.9285714285714285,0.01659343480703708
57.0,explicit,0.9285714285714285,1.0,-0.14635149481321186
57.0,explicit,1.0,0.0,-0.14635149481321186
57.0,explicit,1.0,0.07142857142857142,-0.14635149481321186
57.0,explicit,1.0,0.14285714285714285,-0.14635149481321186
57.0,explicit,1.0,0.21428571428571427,-0.14635149481321186
57.0,explicit,1.0,0.2857142857142857,-0.14635149481321186
57.0,explicit,1.0,0.3571428571428571,-0.14635149481321186
57.0,explicit,1.0,0.42857142857142855,-0.14635149481321186
57.0,explicit,1.0,0.5,-0.14635149481321186
57.0,explicit,1.0,0.5714285714285714,-0.14635149481321186
57.0,explicit,1.0,0.6428571428571428,-0.14635149481321186
57.0,explicit,1.0,0.7142857142857142,-0.14635149481321186
57.0,explicit,1.0,0.7857142857142857,-0.14635149481321186
57.0,explicit,1.0,0.8571428571428571,-0.14635149481321186
57.0,explicit,1.0,0.9285714285714285,-0.14635149481321186
57.0,explicit,1.0,1.0,-0.14635149481321186
58.0,explicit,0.0,0.0,0.026105527217988936
58.0,explicit,0.0,0.07142857142857142,0.026105527217988936
58.0,explicit,0.0,0.14285714285714285,0.026105527217988936
58.0,explicit,0.0,0.21428571428571427,0.026105527217988936
58.0,explicit,0.0,0.2857142857142857,0.026105527217988936
58.0,explicit,0.0,0.3571428571428571,0.026105527217988936
58.0,explicit,0.0,0.42857142857142855,0.026105527217988936
58.0,explicit,0.0,0.5,0.026105527217988936
58.0,explicit,0.0,0.5714285714285714,0.026105527217988936
58.0,explicit,0.0,0.6428571428571428,0.026105527217988936
58.0,explicit,0.0,0.7142857142857142,0.026105527217988936
58.0,explicit,0.0,0.7857142857142857,0.026105527217988936
58.0,explicit,0.0,0.8571428571428571,0.026105527217988936
58.0,explicit,0.0,0.9285714285714285,0.026105527217988936
58.0,explicit,0.0,1.0,0.026105527217988936
58.0,explicit,0.07142857142857142,0.0,0.026105527217988936
58.0,explicit,0.07142857142857142,0.07142857142857142,0.013749668793838165
58.0,explicit,0.07142857142857142,0.14285714285714285,0.03524810368158063
58.0,explicit,0.07142857142857142,0.21428571428571427,0.055864354321900324
58.0,explicit,0.07142857142857142,0.2857142857142857,0.07588055164061408
58.0,explicit,0.07142857142857142,0.3571428571428571,0.09395843507280109
58.0,explicit,0.07142857142857142,0.42857142857142855,0.10752763346638565
58.0,explicit,0.07142857142857142,0.5,0.11278981647553347
58.0,explicit,0.07142857142857142,0.5714285714285714,0.10752763346638568
58.0,explicit,0.07142857142857142,0.6428571428571428,0.09395843507280112
58.0,explicit,0.07142857142857142,0.7142857142857142,0.0758805516406141
58.0,explicit,0.07142857142857142,0.7857142857142857,0.055864354321900345
58.0,explicit,0.07142857142857142,0.8571428571428571,0.03524810368158064
58.0,explicit,0.07142857142857142,0.9285714285714285,0.013749668793838172
58.0,explicit,0.07142857142857142,1.0,0.026105527217988936
58.0,explicit,0.14285714285714285,0.0,0.026105527217988936
58.0,explicit,0.14285714285714285,0.07142857142857142,0.035248103681580614
58.0,explicit,0.14285714285714285,0.14285714285714285,0.07736501570236104
58.0,explicit,0.14285714285714285,0.21428571428571427,0.11867461845160944
58.0,explicit,0.14285714285714285,0.2857142857142857,0.15862169448573046
58.0,explicit,0.14285714285714285,0.3571428571428571,0.1947185848714188
58.0,explicit,0.14285714285714285,0.42857142857142855,0.22182914857290803
58.0,explicit,0.14285714285714285,0.5,0.2323448251461726
58.0,explicit,0.14285714285714285,0.5714285714285714,0.22182914857290806
58.0,explicit,0.14285714285714285,0.6428571428571428,0.19471858487141885
58.0,explicit,0.14285714285714285,0.7142857142857142,0.15862169448573052
58.0,explicit,0.14285714285714285,0.7857142857142857,0.11867461845160947
58.0,explicit,0.14285714285714285,0.8571428571428571,0.07736501570236107
58.0,explicit,0.14285714285714285,0.9285714285714285,0.03524810368158063
58.0,explicit,0.14285714285714285,1.0,0.026105527217988936
58.0,explicit,0.21428571428571427,0.0,0.026105527217988936
58.0,explicit,0.21428571428571427,0.07142857142857142,0.055864354321900324
58.0,explicit,0.21428571428571427,0.14285714285714285,0.11867461845160944
58.0,explicit,0.21428571428571427,0.21428571428571427,0.1803918080816143
58.0,explicit,0.21428571428571427,0.2857142857142857,0.2400174889981653
58.0,explicit,0.21428571428571427,0.3571428571428571,0.29397257014174727
58.0,explicit,0.21428571428571427,0.42857142857142855,0.33452541169150135
58.0,explicit,0.21428571428571427,0.5,0.35025829080950843
58.0,explicit,0.21428571428571427,0.5714285714285714,0.33452541169150135
58.0,explicit,0.21428571428571427,0.6428571428571428,0.2939725701417473
58.0,explicit,0.21428571428571427,0.7142857142857142,0.24001748899816536
58.0,explicit,0.21428571428571427,0.7857142857142857,0.18039180808161437
58.0,explicit,0.21428571428571427,0.8571428571428571,0.11867461845160948
58.0,explicit,0.21428571428571427,0.9285714285714285,0.05586435432190035
58.0,explicit,0.21428571428571427,1.0,0.026105527217988936
58.0,explicit,0.2857142857142857,0.0,0.026105527217988936
58.0,explicit,0.2857142857142857,0.07142857142857142,0.07588055164061408
58.0,explicit,0.2857142857142857,0.14285714285714285,0.15862169448573046
58.0,explicit,0.2857142857142857,0.21428571428571427,0.2400174889981653
58.0,explicit,0.2857142857142857,0.2857142857142857,0.31871946716194316
58.0,explicit,0.2857142857142857,0.3571428571428571,0.3900371775238362
58.0,explicit,0.2857142857142857,0.42857142857142855,0.4436708313500244
58.0,explicit,0.2857142857142857,0.5,0.46448126803547973
58.0,explicit,0.2857142857142857,0.5714285714285714,0.4436708313500244
58.0,explicit,0.2857142857142857,0.6428571428571428,0.39003717752383626
58.0,explicit,0.2857142857142857,0.7142857142857142,0.31871946716194327
58.0,explicit,0.2857142857142857,0.7857142857142857,0.24001748899816538
58.0,explicit,0.2857142857142857,0.8571428571428571,0.15862169448573055
58.0,explicit,0.2857142857142857,0.9285714285714285,0.07588055164061412
58.0,explicit,0.2857142857142857,1.0,0.026105527217988936
58.0,explicit,0.3571428571428571,0.0,0.026105527217988936
58.0,explicit,0.3571428571428571,0.07142857142857142,0.09395843507280109
58.0,explicit,0.3571428571428571,0.14285714285714285,0.1947185848714188
58.0,explicit,0.3571428571428571,0.21428571428571427,0.29397257014174727
58.0,explicit,0.3571428571428571,0.2857142857142857,0.3900371775238362
58.0,explicit,0.3571428571428571,0.3571428571428571,0.47717536003582484
58.0,explicit,0.3571428571428571,0.42857142857142855,0.5427295427569145
58.0,explicit,0.3571428571428571,0.5,0.5681664327274828
58.0,explicit,0.3571428571428571,0.5714285714285714,0.5427295427569147
58.0,explicit,0.3571428571428571,0.6428571428571428,0.47717536003582495
58.0,explicit,0.3571428571428571,0.7142857142857142,0.3900371775238363
58.0,explicit,0.3571428571428571,0.7857142857142857,0.2939725701417473
58.0,explicit,0.3571428571428571,0.8571428571428571,0.19471858487141888
58.0,explicit,0.3571428571428571,0.9285714285714285,0.09395843507280115
58.0,explicit,0.3571428571428571,1.0,0.026105527217988936
58.0,explicit,0.42857142857142855,0.0,0.026105527217988936
58.0,explicit,0.42857142857142855,0.07142857142857142,0.10752763346638565
58.0,explicit,0.42857142857142855,0.14285714285714285,0.22182914857290803
58.0,explicit,0.42857142857142855,0.21428571428571427,0.33452541169150135
58.0,explicit,0.42857142857142855,0.2857142857142857,0.4436708313500244
58.0,explicit,0.42857142857142855,0.3571428571428571,0.5427295427569145
58.0,explicit,0.42857142857142855,0.42857142857142855,0.6172633955616804
58.0,explicit,0.42857142857142855,0.5,0.6461841897388205
58.0,explicit,0.42857142857142855,0.5714285714285714,0.6172633955616805
58.0,explicit,0.42857142857142855,0.6428571428571428,0.5427295427569148
58.0,explicit,0.42857142857142855,0.7142857142857142,0.4436708313500245
58.0,explicit,0.42857142857142855,0.7857142857142857,0.33452541169150146
58.0,explicit,0.42857142857142855,0.8571428571428571,0.2218291485729081
58.0,explicit,0.42857142857142855,0.9285714285714285,0.10752763346638572
58.0,explicit,0.42857142857142855,1.0,0.026105527217988936
58.0,explicit,0.5,0.0,0.026105527217988936
58.0,explicit,0.5,0.07142857142857142,0.11278981647553347
58.0,explicit,0.5,0.14285714285714285,0.2323448251461726
58.0,explicit,0.5,0.21428571428571427,0.35025829080950843
58.0,explicit,0.5,0.2857142857142857,0.46448126803547973
58.0,explicit,0.5,0.3571428571428571,0.5681664327274828
58.0,explicit,0.5,0.42857142857142855,0.6461841897388205
58.0,explicit,0.5,0.5,0.6764561726871776
58.0,explicit,0.5,0.5714285714285714,0.6461841897388205
58.0,explicit,0.5,0.6428571428571428,0.5681664327274829
58.0,explicit,0.5,0.7142857142857142,0.46448126803547984
58.0,explicit,0.5,0.7857142857142857,0.35025829080950854
58.0,explicit,0.5,0.8571428571428571,0.2323448251461727
58.0,explicit,0.5,0.9285714285714285,0.11278981647553353
58.0,explicit,0.5,1.0,0.026105527217988936
58.0,explicit,0.5714285714285714,0.0,0.026105527217988936
58.0,explicit,0.5714285714285714,0.07142857142857142,0.10752763346638566
58.0,explicit,0.5714285714285714,0.14285714285714285,0.22182914857290806
58.0,explicit,0.5714285714285714,0.21428571428571427,0.33452541169150135
58.0,explicit,0.5714285714285714,0.2857142857142857,0.4436708313500244
58.0,explicit,0.5714285714285714,0.3571428571428571,0.5427295427569147
58.0,explicit,0.5714285714285714,0.42857142857142855,0.6172633955616805
58.0,explicit,0.5714285714285714,0.5,0.6461841897388205
58.0,explicit,0.5714285714285714,0.5714285714285714,0.6172633955616806
58.0,explicit,0.5714285714285714,0.6428571428571428,0.5427295427569148
58.0,explicit,0.5714285714285714,0.7142857142857142,0.44367083135002455
58.0,explicit,0.5714285714285714,0.7857142857142857,0.33452541169150146
58.0,explicit,0.5714285714285714,0.8571428571428571,0.22182914857290814
58.0,explicit,0.5714285714285714,0.9285714285714285,0.10752763346638572
58.0,explicit,0.5714285714285714,1.0,0.026105527217988936
58.0,explicit,0.6428571428571428,0.0,0.026105527217988936
58.0,explicit,0.6428571428571428,0.07142857142857142,0.09395843507280112
58.0,explicit,0.6428571428571428,0.14285714285714285,0.19471858487141885
58.0,explicit,0.6428571428571428,0.21428571428571427,0.2939725701417473
58.0,explicit,0.6428571428571428,0.2857142857142857,0.39003717752383626
58.0,explicit,0.6428571428571428,0.3571428571428571,0.47717536003582495
58.0,explicit,0.6428571428571428,0.42857142857142855,0.5427295427569148
58.0,explicit,0.6428571428571428,0.5,0.5681664327274829
58.0,explicit,0.6428571428571428,0.5714285714285714,0.5427295427569148
58.0,explicit,0.6428571428571428,0.6428571428571428,0.47717536003582506
58.0,explicit,0.6428571428571428,0.7142857142857142,0.39003717752383643
58.0,explicit,0.6428571428571428,0.7857142857142857,0.29397257014174744
58.0,explicit,0.6428571428571428,0.8571428571428571,0.1947185848714189
58.0,explicit,0.6428571428571428,0.9285714285714285,0.09395843507280116
58.0,explicit,0.6428571428571428,1.0,0.026105527217988936
58.0,explicit,0.7142857142857142,0.0,0.026105527217988936
58.0,explicit,0.7142857142857142,0.07142857142857142,0.0758805516406141
58.0,explicit,0.7142857142857142,0.14285714285714285,0.15862169448573052
58.0,explicit,0.7142857142857142,0.21428571428571427,0.24001748899816536
58.0,explicit,0.7142857142857142,0.2857142857142857,0.31871946716194327
58.0,explicit,0.7142857142857142,0.3571428571428571,0.3900371775238363
58.0,explicit,0.7142857142857142,0.42857142857142855,0.4436708313500245
58.0,explicit,0.7142857142857142,0.5,0.46448126803547984
58.0,explicit,0.7142857142857142,0.5714285714285714,0.44367083135002455
58.0,explicit,0.7142857142857142,0.6428571428571428,0.39003717752383643
58.0,explicit,0.7142857142857142,0.7142857142857142,0.3187194671619434
58.0,explicit,0.7142857142857142,0.7857142857142857,0.24001748899816547
58.0,explicit,0.7142857142857142,0.8571428571428571,0.15862169448573057
58.0,explicit,0.7142857142857142,0.9285714285714285,0.07588055164061414
58.0,explicit,0.7142857142857142,1.0,0.026105527217988936
58.0,explicit,0.7857142857142857,0.0,0.026105527217988936
58.0,explicit,0.7857142857142857,0.07142857142857142,0.05586435432190034
58.0,explicit,0.7857142857142857,0.14285714285714285,0.11867461845160947
58.0,explicit,0.7857142857142857,0.21428571428571427,0.18039180808161437
58.0,explicit,0.7857142857142857,0.2857142857142857,0.24001748899816538
58.0,explicit,0.7857142857142857,0.3571428571428571,0.2939725701417473
58.0,explicit,0.7857142857142857,0.42857142857142855,0.33452541169150146
58.0,explicit,0.7857142857142857,0.5,0.35025829080950854
58.0,explicit,0.7857142857142857,0.5714285714285714,0.33452541169150146
58.0,explicit,0.7857142857142857,0.6428571428571428,0.29397257014174744
58.0,explicit,0.7857142857142857,0.7142857142857142,0.24001748899816547
58.0,explicit,0.7857142857142857,0.7857142857142857,0.18039180808161442
58.0,explicit,0.7857142857142857,0.8571428571428571,0.11867461845160951
58.0,explicit,0.7857142857142857,0.9285714285714285,0.05586435432190036
58.0,explicit,0.7857142857142857,1.0,0.026105527217988936
58.0,explicit,0.8571428571428571,0.0,0.026105527217988936
58.0,explicit,0.8571428571428571,0.07142857142857142,0.03524810368158063
58.0,explicit,0.8571428571428571,0.14285714285714285,0.07736501570236107
58.0,explicit,0.8571428571428571,0.21428571428571427,0.11867461845160948
58.0,explicit,0.8571428571428571,0.2857142857142857,0.15862169448573055
58.0,explicit,0.8571428571428571,0.3571428571428571,0.19471858487141888
58.0,explicit,0.8571428571428571,0.42857142857142855,0.2218291485729081
58.0,explicit,0.8571428571428571,0.5,0.2323448251461727
58.0,explicit,0.8571428571428571,0.5714285714285714,0.22182914857290817
58.0,explicit,0.8571428571428571,0.6428571428571428,0.19471858487141894
58.0,explicit,0.8571428571428571,0.7142857142857142,0.15862169448573057
58.0,explicit,0.8571428571428571,0.7857142857142857,0.11867461845160951
58.0,explicit,0.8571428571428571,0.8571428571428571,0.07736501570236108
58.0,explicit,0.8571428571428571,0.9285714285714285,0.03524810368158064
58.0,explicit,0.8571428571428571,1.0,0.026105527217988936
58.0,explicit,0.9285714285714285,0.0,0.026105527217988936
58.0,explicit,0.9285714285714285,0.07142857142857142,0.013749668793838172
58.0,explicit,0.9285714285714285,0.14285714285714285,0.03524810368158065
58.0,explicit,0.9285714285714285,0.21428571428571427,0.055864354321900345
58.0,explicit,0.9285714285714285,0.2857142857142857,0.07588055164061412
58.0,explicit,0.9285714285714285,0.3571428571428571,0.09395843507280115
58.0,explicit,0.9285714285714285,0.42857142857142855,0.10752763346638572
58.0,explicit,0.9285714285714285,0.5,0.11278981647553353
58.0,explicit,0.9285714285714285,0.5714285714285714,0.10752763346638573
58.0,explicit,0.9285714285714285,0.6428571428571428,0.09395843507280117
58.0,explicit,0.9285714285714285,0.7142857142857142,0.07588055164061414
58.0,explicit,0.9285714285714285,0.7857142857142857,0.05586435432190036
58.0,explicit,0.9285714285714285,0.8571428571428571,0.035248103681580656
58.0,explicit,0.9285714285714285,0.9285714285714285,0.013749668793838179
58.0,explicit,0.9285714285714285,1.0,0.026105527217988936
58.0,explicit,1.0,0.0,0.026105527217988936
58.0,explicit,1.0,0.07142857142857142,0.026105527217988936
58.0,explicit,1.0,0.14285714285714285,0.026105527217988936
58.0,explicit,1.0,0.21428571428571427,0.026105527217988936
58.0,explicit,1.0,0.2857142857142857,0.026105527217988936
58.0,explicit,1.0,0.3571428571428571,0.026105527217988936
58.0,explicit,1.0,0.42857142857142855,0.026105527217988936
58.0,explicit,1.0,0.5,0.026105527217988936
58.0,explicit,1.0,0.5714285714285714,0.026105527217988936
58.0,explicit,1.0,0.6428571428571428,0.026105527217988936
58.0,explicit,1.0,0.7142857142857142,0.026105527217988936
58.0,explicit,1.0,0.7857142857142857,0.026105527217988936
58.0,explicit,1.0,0.8571428571428571,0.026105527217988936
58.0,explicit,1.0,0.9285714285714285,0.026105527217988936
58.0,explicit,1.0,1.0,0.026105527217988936
59.0,explicit,0.0,0.0,0.000511345664246089
59.0,explicit,0.0,0.07142857142857142,0.000511345664246089
59.0,explicit,0.0,0.14285714285714285,0.000511345664246089
59.0,explicit,0.0,0.21428571428571427,0.000511345664246089
59.0,explicit,0.0,0.2857142857142857,0.000511345664246089
59.0,explicit,0.0,0.3571428571428571,0.000511345664246089
59.0,explicit,0.0,0.42857142857142855,0.000511345664246089
59.0,explicit,0.0,0.5,0.000511345664246089
59.0,explicit,0.0,0.5714285714285714,0.000511345664246089
59.0,explicit,0.0,0.6428571428571428,0.000511345664246089
59.0,explicit,0.0,0.7142857142857142,0.000511345664246089
59.0,explicit,0.0,0.7857142857142857,0.000511345664246089
59.0,explicit,0.0,0.8571428571428571,0.000511345664246089
59.0,explicit,0.0,0.9285714285714285,0.000511345664246089
59.0,explicit,0.0,1.0,0.000511345664246089
59.0,explicit,0.07142857142857142,0.0,0.000511345664246089
59.0,explicit,0.07142857142857142,0.07142857142857142,0.01467682576223147
59.0,explicit,0.07142857142857142,0.14285714285714285,0.0356875525491653
59.0,explicit,0.07142857142857142,0.21428571428571427,0.05630872228223782
59.0,explicit,0.07142857142857142,0.2857142857142857,0.0763054260416898
59.0,explicit,0.07142857142857142,0.3571428571428571,0.0943473062816076
59.0,explicit,0.07142857142857142,0.42857142857142855,0.10786411170312422
59.0,explicit,0.07142857142857142,0.5,0.11309581277971403
59.0,explicit,0.07142857142857142,0.5714285714285714,0.10786411170312425
59.0,explicit,0.07142857142857142,0.6428571428571428,0.09434730628160763
59.0,explicit,0.07142857142857142,0.7142857142857142,0.07630542604168981
59.0,explicit,0.07142857142857142,0.7857142857142857,0.056308722282237836
59.0,explicit,0.07142857142857142,0.8571428571428571,0.035687552549165315
59.0,explicit,0.07142857142857142,0.9285714285714285,0.014676825762231477
59.0,explicit,0.07142857142857142,1.0,0.000511345664246089
59.0,explicit,0.14285714285714285,0.0,0.000511345664246089
59.0,explicit,0.14285714285714285,0.07142857142857142,0.03568755254916529
59.0,explicit,0.14285714285714285,0.14285714285714285,0.07734290617522208
59.0,explicit,0.14285714285714285,0.21428571428571427,0.11864099305944793
59.0,explicit,0.14285714285714285,0.2857142857142857,0.1585505502516634
59.0,explicit,0.14285714285714285,0.3571428571428571,0.1945749075798292
59.0,explicit,0.14285714285714285,0.42857142857142855,0.2215799278071427
59.0,explicit,0.14285714285714285,0.5,0.2320343573796619
59.0,explicit,0.14285714285714285,0.5714285714285714,0.22157992780714272
59.0,explicit,0.14285714285714285,0.6428571428571428,0.19457490757982926
59.0,explicit,0.14285714285714285,0.7142857142857142,0.15855055025166345
59.0,explicit,0.14285714285714285,0.7857142857142857,0.11864099305944796
59.0,explicit,0.14285714285714285,0.8571428571428571,0.0773429061752221
59.0,explicit,0.14285714285714285,0.9285714285714285,0.0356875525491653
59.0,explicit,0.14285714285714285,1.0,0.000511345664246089
59.0,explicit,0.21428571428571427,0.0,0.000511345664246089
59.0,explicit,0.21428571428571427,0.07142857142857142,0.056308722282237815
59.0,explicit,0.21428571428571427,0.14285714285714285,0.11864099305944793
59.0,explicit,0.21428571428571427,0.21428571428571427,0.18033452858502969
59.0,explicit,0.21428571428571427,0.2857142857142857,0.23990295217085272
59.0,explicit,0.21428571428571427,0.3571428571428571,0.29374537541604895
59.0,explicit,0.21428571428571427,0.42857142857142855,0.3341369204868675
59.0,explicit,0.21428571428571427,0.5,0.349776884230061
59.0,explicit,0.21428571428571427,0.5714285714285714,0.3341369204868675
59.0,explicit,0.21428571428571427,0.6428571428571428,0.293745375416049
59.0,explicit,0.21428571428571427,0.7142857142857142,0.23990295217085278
59.0,explicit,0.21428571428571427,0.7857142857142857,0.18033452858502974
59.0,explicit,0.21428571428571427,0.8571428571428571,0.11864099305944797
59.0,explicit,0.21428571428571427,0.9285714285714285,0.05630872228223784
59.0,explicit,0.21428571428571427,1.0,0.000511345664246089
59.0,explicit,0.2857142857142857,0.0,0.000511345664246089
59.0,explicit,0.2857142857142857,0.07142857142857142,0.0763054260416898
59.0,explicit,0.2857142857142857,0.14285714285714285,0.1585505502516634
59.0,explicit,0.2857142857142857,0.21428571428571427,0.23990295217085272
59.0,explicit,0.2857142857142857,0.2857142857142857,0.3185172365235445
59.0,explicit,0.2857142857142857,0.3571428571428571,0.3896727910479409
59.0,explicit,0.2857142857142857,0.42857142857142855,0.4430832509806124
59.0,explicit,0.2857142857142857,0.5,0.4637670412067963
59.0,explicit,0.2857142857142857,0.5714285714285714,0.4430832509806124
59.0,explicit,0.2857142857142857,0.6428571428571428,0.38967279104794095
59.0,explicit,0.2857142857142857,0.7142857142857142,0.31851723652354463
59.0,explicit,0.2857142857142857,0.7857142857142857,0.2399029521708528
59.0,explicit,0.2857142857142857,0.8571428571428571,0.15855055025166348
59.0,explicit,0.2857142857142857,0.9285714285714285,0.07630542604168984
59.0,explicit,0.2857142857142857,1.0,0.000511345664246089
59.0,explicit,0.3571428571428571,0.0,0.000511345664246089
59.0,explicit,0.3571428571428571,0.07142857142857142,0.0943473062816076
59.0,explicit,0.3571428571428571,0.14285714285714285,0.1945749075798292
59.0,explicit,0.3571428571428571,0.21428571428571427,0.29374537541604895
59.0,explicit,0.3571428571428571,0.2857142857142857,0.3896727910479409
59.0,explicit,0.3571428571428571,0.3571428571428571,0.4765842457677594
59.0,explicit,0.3571428571428571,0.42857142857142855,0.5418443755415426
59.0,explicit,0.3571428571428571,0.5,0.567118327915209
59.0,explicit,0.3571428571428571,0.5714285714285714,0.5418443755415427
59.0,explicit,0.3571428571428571,0.6428571428571428,0.4765842457677595
59.0,explicit,0.3571428571428571,0.7142857142857142,0.389672791047941
59.0,explicit,0.3571428571428571,0.7857142857142857,0.293745375416049
59.0,explicit,0.3571428571428571,0.8571428571428571,0.1945749075798293
59.0,explicit,0.3571428571428571,0.9285714285714285,0.09434730628160766
59.0,explicit,0.3571428571428571,1.0,0.000511345664246089
59.0,explicit,0.42857142857142855,0.0,0.000511345664246089
59.0,explicit,0.42857142857142855,0.07142857142857142,0.10786411170312422
59.0,explicit,0.42857142857142855,0.14285714285714285,0.2215799278071427
59.0,explicit,0.42857142857142855,0.21428571428571427,0.3341369204868675
59.0,explicit,0.42857142857142855,0.2857142857142857,0.4430832509806124
59.0,explicit,0.42857142857142855,0.3571428571428571,0.5418443755415426
59.0,explicit,0.42857142857142855,0.42857142857142855,0.61601420495632
59.0,explicit,0.42857142857142855,0.5,0.6447383456631882
59.0,explicit,0.42857142857142855,0.5714285714285714,0.6160142049563201
59.0,explicit,0.42857142857142855,0.6428571428571428,0.5418443755415429
59.0,explicit,0.42857142857142855,0.7142857142857142,0.4430832509806125
59.0,explicit,0.42857142857142855,0.7857142857142857,0.3341369204868676
59.0,explicit,0.42857142857142855,0.8571428571428571,0.22157992780714278
59.0,explicit,0.42857142857142855,0.9285714285714285,0.1078641117031243
59.0,explicit,0.42857142857142855,1.0,0.000511345664246089
59.0,explicit,0.5,0.0,0.000511345664246089
59.0,explicit,0.5,0.07142857142857142,0.11309581277971403
59.0,explicit,0.5,0.14285714285714285,0.2320343573796619
59.0,explicit,0.5,0.21428571428571427,0.349776884230061
59.0,explicit,0.5,0.2857142857142857,0.4637670412067963
59.0,explicit,0.5,0.3571428571428571,0.567118327915209
59.0,explicit,0.5,0.42857142857142855,0.6447383456631882
59.0,explicit,0.5,0.5,0.6747980739828816
59.0,explicit,0.5,0.5714285714285714,0.6447383456631883
59.0,explicit,0.5,0.6428571428571428,0.567118327915209
59.0,explicit,0.5,0.7142857142857142,0.4637670412067964
59.0,explicit,0.5,0.7857142857142857,0.3497768842300611
59.0,explicit,0.5,0.8571428571428571,0.232034357379662
59.0,explicit,0.5,0.9285714285714285,0.11309581277971409
59.0,explicit,0.5,1.0,0.000511345664246089
59.0,explicit,0.5714285714285714,0.0,0.000511345664246089
59.0,explicit,0.5714285714285714,0.07142857142857142,0.10786411170312424
59.0,explicit,0.5714285714285714,0.14285714285714285,0.22157992780714272
59.0,explicit,0.5714285714285714,0.21428571428571427,0.3341369204868675
59.0,explicit,0.5714285714285714,0.2857142857142857,0.4430832509806124
59.0,explicit,0.5714285714285714,0.3571428571428571,0.5418443755415427
59.0,explicit,0.5714285714285714,0.42857142857142855,0.6160142049563201
59.0,explicit,0.5714285714285714,0.5,0.6447383456631883
59.0,explicit,0.5714285714285714,0.5714285714285714,0.6160142049563202
59.0,explicit,0.5714285714285714,0.6428571428571428,0.5418443755415429
59.0,explicit,0.5714285714285714,0.7142857142857142,0.4430832509806126
59.0,explicit,0.5714285714285714,0.7857142857142857,0.3341369204868676
59.0,explicit,0.5714285714285714,0.8571428571428571,0.2215799278071428
59.0,explicit,0.5714285714285714,0.9285714285714285,0.1078641117031243
59.0,explicit,0.5714285714285714,1.0,0.000511345664246089
59.0,explicit,0.6428571428571428,0.0,0.000511345664246089
59.0,explicit,0.6428571428571428,0.07142857142857142,0.09434730628160763
59.0,explicit,0.6428571428571428,0.14285714285714285,0.19457490757982926
59.0,explicit,0.6428571428571428,0.21428571428571427,0.293745375416049
59.0,explicit,0.6428571428571428,0.2857142857142857,0.38967279104794095
59.0,explicit,0.6428571428571428,0.3571428571428571,0.4765842457677595
59.0,explicit,0.6428571428571428,0.42857142857142855,0.5418443755415429
59.0,explicit,0.6428571428571428,0.5,0.567118327915209
59.0,explicit,0.6428571428571428,0.5714285714285714,0.5418443755415429
59.0,explicit,0.6428571428571428,0.6428571428571428,0.4765842457677596
59.0,explicit,0.6428571428571428,0.7142857142857142,0.3896727910479411
59.0,explicit,0.6428571428571428,0.7857142857142857,0.2937453754160491
59.0,explicit,0.6428571428571428,0.8571428571428571,0.19457490757982931
59.0,explicit,0.6428571428571428,0.9285714285714285,0.09434730628160767
59.0,explicit,0.6428571428571428,1.0,0.000511345664246089
59.0,explicit,0.7142857142857142,0.0,0.000511345664246089
59.0,explicit,0.7142857142857142,0.07142857142857142,0.07630542604168981
59.0,explicit,0.7142857142857142,0.14285714285714285,0.15855055025166345
59.0,explicit,0.7142857142857142,0.21428571428571427,0.23990295217085278
59.0,explicit,0.7142857142857142,0.2857142857142857,0.31851723652354463
59.0,explicit,0.7142857142857142,0.3571428571428571,0.389672791047941
59.0,explicit,0.7142857142857142,0.42857142857142855,0.4430832509806125
59.0,explicit,0.7142857142857142,0.5,0.4637670412067964
59.0,explicit,0.7142857142857142,0.5714285714285714,0.4430832509806126
59.0,explicit,0.7142857142857142,0.6428571428571428,0.3896727910479411
59.0,explicit,0.7142857142857142,0.7142857142857142,0.31851723652354474
59.0,explicit,0.7142857142857142,0.7857142857142857,0.2399029521708529
59.0,explicit,0.7142857142857142,0.8571428571428571,0.1585505502516635
59.0,explicit,0.7142857142857142,0.9285714285714285,0.07630542604168986
59.0,explicit,0.7142857142857142,1.0,0.000511345664246089
59.0,explicit,0.7857142857142857,0.0,0.000511345664246089
59.0,explicit,0.7857142857142857,0.07142857142857142,0.05630872228223783
59.0,explicit,0.7857142857142857,0.14285714285714285,0.11864099305944796
59.0,explicit,0.7857142857142857,0.21428571428571427,0.18033452858502974
59.0,explicit,0.7857142857142857,0.2857142857142857,0.2399029521708528
59.0,explicit,0.7857142857142857,0.3571428571428571,0.293745375416049
59.0,explicit,0.7857142857142857,0.42857142857142855,0.3341369204868676
59.0,explicit,0.7857142857142857,0.5,0.3497768842300611
59.0,explicit,0.7857142857142857,0.5714285714285714,0.3341369204868676
59.0,explicit,0.7857142857142857,0.6428571428571428,0.2937453754160491
59.0,explicit,0.7857142857142857,0.7142857142857142,0.2399029521708529
59.0,explicit,0.7857142857142857,0.7857142857142857,0.1803345285850298
59.0,explicit,0.7857142857142857,0.8571428571428571,0.118640993059448
59.0,explicit,0.7857142857142857,0.9285714285714285,0.05630872228223786
59.0,explicit,0.7857142857142857,1.0,0.000511345664246089
59.0,explicit,0.8571428571428571,0.0,0.000511345664246089
59.0,explicit,0.8571428571428571,0.07142857142857142,0.0356875525491653
59.0,explicit,0.8571428571428571,0.14285714285714285,0.0773429061752221
59.0,explicit,0.8571428571428571,0.21428571428571427,0.11864099305944797
59.0,explicit,0.8571428571428571,0.2857142857142857,0.15855055025166348
59.0,explicit,0.8571428571428571,0.3571428571428571,0.1945749075798293
59.0,explicit,0.8571428571428571,0.42857142857142855,0.22157992780714278
59.0,explicit,0.8571428571428571,0.5,0.232034357379662
59.0,explicit,0.8571428571428571,0.5714285714285714,0.22157992780714283
59.0,explicit,0.8571428571428571,0.6428571428571428,0.19457490757982934
59.0,explicit,0.8571428571428571,0.7142857142857142,0.1585505502516635
59.0,explicit,0.8571428571428571,0.7857142857142857,0.118640993059448
59.0,explicit,0.8571428571428571,0.8571428571428571,0.07734290617522212
59.0,explicit,0.8571428571428571,0.9285714285714285,0.035687552549165315
59.0,explicit,0.8571428571428571,1.0,0.000511345664246089
59.0,explicit,0.9285714285714285,0.0,0.000511345664246089
59.0,explicit,0.9285714285714285,0.07142857142857142,0.014676825762231479
59.0,explicit,0.9285714285714285,0.14285714285714285,0.03568755254916532
59.0,explicit,0.9285714285714285,0.21428571428571427,0.05630872228223784
59.0,explicit,0.9285714285714285,0.2857142857142857,0.07630542604168984
59.0,explicit,0.9285714285714285,0.3571428571428571,0.09434730628160766
59.0,explicit,0.9285714285714285,0.42857142857142855,0.1078641117031243
59.0,explicit,0.9285714285714285,0.5,0.11309581277971409
59.0,explicit,0.9285714285714285,0.5714285714285714,0.10786411170312431
59.0,explicit,0.9285714285714285,0.6428571428571428,0.09434730628160769
59.0,explicit,0.9285714285714285,0.7142857142857142,0.07630542604168986
59.0,explicit,0.9285714285714285,0.7857142857142857,0.05630872228223786
59.0,explicit,0.9285714285714285,0.8571428571428571,0.03568755254916533
59.0,explicit,0.9285714285714285,0.9285714285714285,0.014676825762231484
59.0,explicit,0.9285714285714285,1.0,0.000511345664246089
59.0,explicit,1.0,0.0,0.000511345664246089
59.0,explicit,1.0,0.07142857142857142,0.000511345664246089
59.0,explicit,1.0,0.14285714285714285,0.000511345664246089
59.0,explicit,1.0,0.21428571428571427,0.000511345664246089
59.0,explicit,1.0,0.2857142857142857,0.000511345664246089
59.0,explicit,1.0,0.3571428571428571,0.000511345664246089
59.0,explicit,1.0,0.42857142857142855,0.000511345664246089
59.0,explicit,1.0,0.5,0.000511345664246089
59.0,explicit,1.0,0.5714285714285714,0.000511345664246089
59.0,explicit,1.0,0.6428571428571428,0.000511345664246089
59.0,explicit,1.0,0.7142857142857142,0.000511345664246089
59.0,explicit,1.0,0.7857142857142857,0.000511345664246089
59.0,explicit,1.0,0.8571428571428571,0.000511345664246089
59.0,explicit,1.0,0.9285714285714285,0.000511345664246089
59.0,explicit,1.0,1.0,0.000511345664246089
60.0,explicit,0.0,0.0,-0.023458713337514692
60.0,explicit,0.0,0.07142857142857142,-0.023458713337514692
60.0,explicit,0.0,0.14285714285714285,-0.023458713337514692
60.0,explicit,0.0,0.21428571428571427,-0.023458713337514692
60.0,explicit,0.0,0.2857142857142857,-0.023458713337514692
60.0,explicit,0.0,0.3571428571428571,-0.023458713337514692
60.0,explicit,0.0,0.42857142857142855,-0.023458713337514692
60.0,explicit,0.0,0.5,-0.023458713337514692
60.0,explicit,0.0,0.5714285714285714,-0.023458713337514692
60.0,explicit,0.0,0.6428571428571428,-0.023458713337514692
60.0,explicit,0.0,0.7142857142857142,-0.023458713337514692
60.0,explicit,0.0,0.7857142857142857,-0.023458713337514692
60.0,explicit,0.0,0.8571428571428571,-0.023458713337514692
60.0,explicit,0.0,0.9285714285714285,-0.023458713337514692
60.0,explicit,0.0,1.0,-0.023458713337514692
60.0,explicit,0.07142857142857142,0.0,-0.023458713337514692
60.0,explicit,0.07142857142857142,0.07142857142857142,0.014864294397584733
60.0,explicit,0.07142857142857142,0.14285714285714285,0.03577093939557202
60.0,explicit,0.07142857142857142,0.21428571428571427,0.056389655808570506
60.0,explicit,0.07142857142857142,0.2857142857142857,0.07636699433313544
60.0,explicit,0.07142857142857142,0.3571428571428571,0.09437286581006092
60.0,explicit,0.07142857142857142,0.42857142857142855,0.10783779235268443
60.0,explicit,0.07142857142857142,0.5,0.11303954238341783
60.0,explicit,0.07142857142857142,0.5714285714285714,0.10783779235268445
60.0,explicit,0.07142857142857142,0.6428571428571428,0.09437286581006095
60.0,explicit,0.07142857142857142,0.7142857142857142,0.07636699433313546
60.0,explicit,0.07142857142857142,0.7857142857142857,0.05638965580857052
60.0,explicit,0.07142857142857142,0.8571428571428571,0.035770939395572035
60.0,explicit,0.07142857142857142,0.9285714285714285,0.01486429439758474
60.0,explicit,0.07142857142857142,1.0,-0.023458713337514692
60.0,explicit,0.14285714285714285,0.0,-0.023458713337514692
60.0,explicit,0.14285714285714285,0.07142857142857142,0.035770939395572014
60.0,explicit,0.14285714285714285,0.14285714285714285,0.07733312182243077
60.0,explicit,0.14285714285714285,0.21428571428571427,0.11861323302319556
60.0,explicit,0.14285714285714285,0.2857142857142857,0.15848512451999203
60.0,explicit,0.14285714285714285,0.3571428571428571,0.19443692700210616
60.0,explicit,0.14285714285714285,0.42857142857142855,0.2213374267081193
60.0,explicit,0.14285714285714285,0.5,0.23173166769626666
60.0,explicit,0.14285714285714285,0.5714285714285714,0.22133742670811932
60.0,explicit,0.14285714285714285,0.6428571428571428,0.1944369270021062
60.0,explicit,0.14285714285714285,0.7142857142857142,0.15848512451999208
60.0,explicit,0.14285714285714285,0.7857142857142857,0.11861323302319558
60.0,explicit,0.14285714285714285,0.8571428571428571,0.0773331218224308
60.0,explicit,0.14285714285714285,0.9285714285714285,0.03577093939557203
60.0,explicit,0.14285714285714285,1.0,-0.023458713337514692
60.0,explicit,0.21428571428571427,0.0,-0.023458713337514692
60.0,explicit,0.21428571428571427,0.07142857142857142,0.0563896558085705
60.0,explicit,0.21428571428571427,0.14285714285714285,0.11861323302319556
60.0,explicit,0.21428571428571427,0.21428571428571427,0.18027632880737043
60.0,explicit,0.21428571428571427,0.2857142857142857,0.2397870500926939
60.0,explicit,0.21428571428571427,0.3571428571428571,0.29351677968466133
60.0,explicit,0.21428571428571427,0.42857142857142855,0.33374854652982394
60.0,explicit,0.21428571428571427,0.5,0.3492971749311995
60.0,explicit,0.21428571428571427,0.5714285714285714,0.33374854652982394
60.0,explicit,0.21428571428571427,0.6428571428571428,0.2935167796846614
60.0,explicit,0.21428571428571427,0.7142857142857142,0.23978705009269397
60.0,explicit,0.21428571428571427,0.7857142857142857,0.1802763288073705
60.0,explicit,0.21428571428571427,0.8571428571428571,0.1186132330231956
60.0,explicit,0.21428571428571427,0.9285714285714285,0.05638965580857053
60.0,explicit,0.21428571428571427,1.0,-0.023458713337514692
60.0,explicit,0.2857142857142857,0.0,-0.023458713337514692
60.0,explicit,0.2857142857142857,0.07142857142857142,0.07636699433313544
60.0,explicit,0.2857142857142857,0.14285714285714285,0.15848512451999203
60.0,explicit,0.2857142857142857,0.21428571428571427,0.2397870500926939
60.0,explicit,0.2857142857142857,0.2857142857142857,0.31831296661686065
60.0,explicit,0.2857142857142857,0.3571428571428571,0.3893063427091243
60.0,explicit,0.2857142857142857,0.42857142857142855,0.4424956439057982
60.0,explicit,0.2857142857142857,0.5,0.46305489898685886
60.0,explicit,0.2857142857142857,0.5714285714285714,0.4424956439057982
60.0,explicit,0.2857142857142857,0.6428571428571428,0.38930634270912434
60.0,explicit,0.2857142857142857,0.7142857142857142,0.31831296661686076
60.0,explicit,0.2857142857142857,0.7857142857142857,0.239787050092694
60.0,explicit,0.2857142857142857,0.8571428571428571,0.1584851245199921
60.0,explicit,0.2857142857142857,0.9285714285714285,0.07636699433313549
60.0,explicit,0.2857142857142857,1.0,-0.023458713337514692
60.0,explicit,0.3571428571428571,0.0,-0.023458713337514692
60.0,explicit,0.3571428571428571,0.07142857142857142,0.09437286581006092
60.0,explicit,0.3571428571428571,0.14285714285714285,0.19443692700210616
60.0,explicit,0.3571428571428571,0.21428571428571427,0.29351677968466133
60.0,explicit,0.3571428571428571,0.2857142857142857,0.3893063427091243
60.0,explicit,0.3571428571428571,0.3571428571428571,0.47599128768667565
60.0,explicit,0.3571428571428571,0.42857142857142855,0.540960093995316
60.0,explicit,0.3571428571428571,0.5,0.5660738109495929
60.0,explicit,0.3571428571428571,0.5714285714285714,0.5409600939953161
60.0,explicit,0.3571428571428571,0.6428571428571428,0.47599128768667576
60.0,explicit,0.3571428571428571,0.7142857142857142,0.3893063427091244
60.0,explicit,0.3571428571428571,0.7857142857142857,0.2935167796846614
60.0,explicit,0.3571428571428571,0.8571428571428571,0.19443692700210624
60.0,explicit,0.3571428571428571,0.9285714285714285,0.09437286581006098
60.0,explicit,0.3571428571428571,1.0,-0.023458713337514692
60.0,explicit,0.42857142857142855,0.0,-0.023458713337514692
60.0,explicit,0.42857142857142855,0.07142857142857142,0.10783779235268443
60.0,explicit,0.42857142857142855,0.14285714285714285,0.2213374267081193
60.0,explicit,0.42857142857142855,0.21428571428571427,0.33374854652982394
60.0,explicit,0.42857142857142855,0.2857142857142857,0.4424956439057982
60.0,explicit,0.42857142857142855,0.3571428571428571,0.540960093995316
60.0,explicit,0.42857142857142855,0.42857142857142855,0.6147695980587313
60.0,explicit,0.42857142857142855,0.5,0.6433004271797
60.0,explicit,0.42857142857142855,0.5714285714285714,0.6147695980587314
60.0,explicit,0.42857142857142855,0.6428571428571428,0.5409600939953162
60.0,explicit,0.42857142857142855,0.7142857142857142,0.4424956439057983
60.0,explicit,0.42857142857142855,0.7857142857142857,0.33374854652982405
60.0,explicit,0.42857142857142855,0.8571428571428571,0.22133742670811937
60.0,explicit,0.42857142857142855,0.9285714285714285,0.1078377923526845
60.0,explicit,0.42857142857142855,1.0,-0.023458713337514692
60.0,explicit,0.5,0.0,-0.023458713337514692
60.0,explicit,0.5,0.07142857142857142,0.11303954238341783
60.0,explicit,0.5,0.14285714285714285,0.23173166769626666
60.0,explicit,0.5,0.21428571428571427,0.3492971749311995
60.0,explicit,0.5,0.2857142857142857,0.46305489898685886
60.0,explicit,0.5,0.3571428571428571,0.5660738109495929
60.0,explicit,0.5,0.42857142857142855,0.6433004271797
60.0,explicit,0.5,0.5,0.6731516011811691
60.0,explicit,0.5,0.5714285714285714,0.6433004271797002
60.0,explicit,0.5,0.6428571428571428,0.5660738109495929
60.0,explicit,0.5,0.7142857142857142,0.463054898986859
60.0,explicit,0.5,0.7857142857142857,0.3492971749311996
60.0,explicit,0.5,0.8571428571428571,0.23173166769626674
60.0,explicit,0.5,0.9285714285714285,0.11303954238341789
60.0,explicit,0.5,1.0,-0.023458713337514692
60.0,explicit,0.5714285714285714,0.0,-0.023458713337514692
60.0,explicit,0.5714285714285714,0.07142857142857142,0.10783779235268444
60.0,explicit,0.5714285714285714,0.14285714285714285,0.22133742670811932
60.0,explicit,0.5714285714285714,0.21428571428571427,0.33374854652982394
60.0,explicit,0.5714285714285714,0.2857142857142857,0.4424956439057982
60.0,explicit,0.5714285714285714,0.3571428571428571,0.5409600939953161
60.0,explicit,0.5714285714285714,0.42857142857142855,0.6147695980587314
60.0,explicit,0.5714285714285714,0.5,0.6433004271797002
60.0,explicit,0.5714285714285714,0.5714285714285714,0.6147695980587315
60.0,explicit,0.5714285714285714,0.6428571428571428,0.5409600939953162
60.0,explicit,0.5714285714285714,0.7142857142857142,0.4424956439057984
60.0,explicit,0.5714285714285714,0.7857142857142857,0.33374854652982405
60.0,explicit,0.5714285714285714,0.8571428571428571,0.2213374267081194
60.0,explicit,0.5714285714285714,0.9285714285714285,0.1078377923526845
60.0,explicit,0.5714285714285714,1.0,-0.023458713337514692
60.0,explicit,0.6428571428571428,0.0,-0.023458713337514692
60.0,explicit,0.6428571428571428,0.07142857142857142,0.09437286581006095
60.0,explicit,0.6428571428571428,0.14285714285714285,0.1944369270021062
60.0,explicit,0.6428571428571428,0.21428571428571427,0.2935167796846614
60.0,explicit,0.6428571428571428,0.2857142857142857,0.38930634270912434
60.0,explicit,0.6428571428571428,0.3571428571428571,0.47599128768667576
60.0,explicit,0.6428571428571428,0.42857142857142855,0.5409600939953162
60.0,explicit,0.6428571428571428,0.5,0.5660738109495929
60.0,explicit,0.6428571428571428,0.5714285714285714,0.5409600939953162
60.0,explicit,0.6428571428571428,0.6428571428571428,0.47599128768667587
60.0,explicit,0.6428571428571428,0.7142857142857142,0.3893063427091245
60.0,explicit,0.6428571428571428,0.7857142857142857,0.2935167796846615
60.0,explicit,0.6428571428571428,0.8571428571428571,0.19443692700210627
60.0,explicit,0.6428571428571428,0.9285714285714285,0.09437286581006099
60.0,explicit,0.6428571428571428,1.0,-0.023458713337514692
60.0,explicit,0.7142857142857142,0.0,-0.023458713337514692
60.0,explicit,0.7142857142857142,0.07142857142857142,0.07636699433313546
60.0,explicit,0.7142857142857142,0.14285714285714285,0.15848512451999208
60.0,explicit,0.7142857142857142,0.21428571428571427,0.23978705009269397
60.0,explicit,0.7142857142857142,0.2857142857142857,0.31831296661686076
60.0,explicit,0.7142857142857142,0.3571428571428571,0.3893063427091244
60.0,explicit,0.7142857142857142,0.42857142857142855,0.4424956439057983
60.0,explicit,0.7142857142857142,0.5,0.463054898986859
60.0,explicit,0.7142857142857142,0.5714285714285714,0.4424956439057984
60.0,explicit,0.7142857142857142,0.6428571428571428,0.3893063427091245
60.0,explicit,0.7142857142857142,0.7142857142857142,0.31831296661686087
60.0,explicit,0.7142857142857142,0.7857142857142857,0.23978705009269408
60.0,explicit,0.7142857142857142,0.8571428571428571,0.15848512451999214
60.0,explicit,0.7142857142857142,0.9285714285714285,0.0763669943331355
60.0,explicit,0.7142857142857142,1.0,-0.023458713337514692
60.0,explicit,0.7857142857142857,0.0,-0.023458713337514692
60.0,explicit,0.7857142857142857,0.07142857142857142,0.05638965580857051
60.0,explicit,0.7857142857142857,0.14285714285714285,0.11861323302319558
60.0,explicit,0.7857142857142857,0.21428571428571427,0.1802763288073705
60.0,explicit,0.7857142857142857,0.2857142857142857,0.239787050092694
60.0,explicit,0.7857142857142857,0.3571428571428571,0.2935167796846614
60.0,explicit,0.7857142857142857,0.42857142857142855,0.33374854652982405
60.0,explicit,0.7857142857142857,0.5,0.3492971749311996
60.0,explicit,0.7857142857142857,0.5714285714285714,0.33374854652982405
60.0,explicit,0.7857142857142857,0.6428571428571428,0.2935167796846615
60.0,explicit,0.7857142857142857,0.7142857142857142,0.23978705009269408
60.0,explicit,0.7857142857142857,0.7857142857142857,0.18027632880737054
60.0,explicit,0.7857142857142857,0.8571428571428571,0.11861323302319562
60.0,explicit,0.7857142857142857,0.9285714285714285,0.05638965580857054
60.0,explicit,0.7857142857142857,1.0,-0.023458713337514692
60.0,explicit,0.8571428571428571,0.0,-0.023458713337514692
60.0,explicit,0.8571428571428571,0.07142857142857142,0.03577093939557203
60.0,explicit,0.8571428571428571,0.14285714285714285,0.0773331218224308
60.0,explicit,0.8571428571428571,0.21428571428571427,0.1186132330231956
60.0,explicit,0.8571428571428571,0.2857142857142857,0.1584851245199921
60.0,explicit,0.8571428571428571,0.3571428571428571,0.19443692700210624
60.0,explicit,0.8571428571428571,0.42857142857142855,0.22133742670811937
60.0,explicit,0.8571428571428571,0.5,0.23173166769626674
60.0,explicit,0.8571428571428571,0.5714285714285714,0.22133742670811943
60.0,explicit,0.8571428571428571,0.6428571428571428,0.1944369270021063
60.0,explicit,0.8571428571428571,0.7142857142857142,0.15848512451999214
60.0,explicit,0.8571428571428571,0.7857142857142857,0.11861323302319562
60.0,explicit,0.8571428571428571,0.8571428571428571,0.07733312182243081
60.0,explicit,0.8571428571428571,0.9285714285714285,0.03577093939557204
60.0,explicit,0.8571428571428571,1.0,-0.023458713337514692
60.0,explicit,0.9285714285714285,0.0,-0.023458713337514692
60.0,explicit,0.9285714285714285,0.07142857142857142,0.014864294397584741
60.0,explicit,0.9285714285714285,0.14285714285714285,0.03577093939557204
60.0,explicit,0.9285714285714285,0.21428571428571427,0.05638965580857053
60.0,explicit,0.9285714285714285,0.2857142857142857,0.07636699433313549
60.0,explicit,0.9285714285714285,0.3571428571428571,0.09437286581006098
60.0,explicit,0.9285714285714285,0.42857142857142855,0.1078377923526845
60.0,explicit,0.9285714285714285,0.5,0.11303954238341789
60.0,explicit,0.9285714285714285,0.5714285714285714,0.10783779235268451
60.0,explicit,0.9285714285714285,0.6428571428571428,0.094372865810061
60.0,explicit,0.9285714285714285,0.7142857142857142,0.0763669943331355
60.0,explicit,0.9285714285714285,0.7857142857142857,0.05638965580857054
60.0,explicit,0.9285714285714285,0.8571428571428571,0.03577093939557205
60.0,explicit,0.9285714285714285,0.9285714285714285,0.014864294397584746
60.0,explicit,0.9285714285714285,1.0,-0.023458713337514692
60.0,explicit,1.0,0.0,-0.023458713337514692
60.0,explicit,1.0,0.07142857142857142,-0.023458713337514692
60.0,explicit,1.0,0.14285714285714285,-0.023458713337514692
60.0,explicit,1.0,0.21428571428571427,-0.023458713337514692
60.0,explicit,1.0,0.2857142857142857,-0.023458713337514692
60.0,explicit,1.0,0.3571428571428571,-0.023458713337514692
60.0,explicit,1.0,0.42857142857142855,-0.023458713337514692
60.0,explicit,1.0,0.5,-0.023458713337514692
60.0,explicit,1.0,0.5714285714285714,-0.023458713337514692
60.0,explicit,1.0,0.6428571428571428,-0.023458713337514692
60.0,explicit,1.0,0.7142857142857142,-0.023458713337514692
60.0,explicit,1.0,0.7857142857142857,-0.023458713337514692
60.0,explicit,1.0,0.8571428571428571,-0.023458713337514692
60.0,explicit,1.0,0.9285714285714285,-0.023458713337514692
60.0,explicit,1.0,1.0,-0.023458713337514692
1.0,implicit,0.0,0.0,0.06476885381006925
1.0,implicit,0.0,0.07142857142857142,0.06476885381006925
1.0,implicit,0.0,0.14285714285714285,0.06476885381006925
1.0,implicit,0.0,0.21428571428571427,0.06476885381006925
1.0,implicit,0.0,0.2857142857142857,0.06476885381006925
1.0,implicit,0.0,0.3571428571428571,0.06476885381006925
1.0,implicit,0.0,0.42857142857142855,0.06476885381006925
1.0,implicit,0.0,0.5,0.06476885381006925
1.0,implicit,0.0,0.5714285714285714,0.06476885381006925
1.0,implicit,0.0,0.6428571428571428,0.06476885381006925
1.0,implicit,0.0,0.7142857142857142,0.06476885381006925
1.0,implicit,0.0,0.7857142857142857,0.06476885381006925
1.0,implicit,0.0,0.8571428571428571,0.06476885381006925
1.0,implicit,0.0,0.9285714285714285,0.06476885381006925
1.0,implicit,0.0,1.0,0.06476885381006925
1.0,implicit,0.07142857142857142,0.0,0.06476885381006925
1.0,implicit,0.07142857142857142,0.07142857142857142,0.02297088930720861
1.0,implicit,0.07142857142857142,0.14285714285714285,0.0421579485744037
1.0,implicit,0.07142857142857142,0.21428571428571427,0.06253698894056677
1.0,implicit,0.07142857142857142,0.2857142857142857,0.08294447668594378
1.0,implicit,0.07142857142857142,0.3571428571428571,0.10335171532109785
1.0,implicit,0.07142857142857142,0.42857142857142855,0.12371877838468733
1.0,implicit,0.07142857142857142,0.5,0.1425781910342981
1.0,implicit,0.07142857142857142,0.5714285714285714,0.12371877838468742
1.0,implicit,0.07142857142857142,0.6428571428571428,0.10335171532109788
1.0,implicit,0.07142857142857142,0.7142857142857142,0.08294447668594379
1.0,implicit,0.07142857142857142,0.7857142857142857,0.06253698894056677
1.0,implicit,0.07142857142857142,0.8571428571428571,0.042157948574403706
1.0,implicit,0.07142857142857142,0.9285714285714285,0.022970889307208635
1.0,implicit,0.07142857142857142,1.0,0.06476885381006925
1.0,implicit,0.14285714285714285,0.0,0.06476885381006925
1.0,implicit,0.14285714285714285,0.07142857142857142,0.04215794857440371
1.0,implicit,0.14285714285714285,0.14285714285714285,0.0816962381469394
1.0,implicit,0.14285714285714285,0.21428571428571427,0.12248153729794647
1.0,implicit,0.14285714285714285,0.2857142857142857,0.16329711803078037
1.0,implicit,0.14285714285714285,0.3571428571428571,0.20411160765876618
1.0,implicit,0.14285714285714285,0.42857142857142855,0.24484573401524648
1.0,implicit,0.14285714285714285,0.5,0.28256455931388474
1.0,implicit,0.14285714285714285,0.5714285714285714,0.24484573401524637
1.0,implicit,0.14285714285714285,0.6428571428571428,0.20411160765876626
1.0,implicit,0.14285714285714285,0.7142857142857142,0.16329711803078042
1.0,implicit,0.14285714285714285,0.7857142857142857,0.1224815372979465
1.0,implicit,0.14285714285714285,0.8571428571428571,0.08169623814693942
1.0,implicit,0.14285714285714285,0.9285714285714285,0.04215794857440375
1.0,implicit,0.14285714285714285,1.0,0.06476885381006925
1.0,implicit,0.21428571428571427,0.0,0.06476885381006925
1.0,implicit,0.21428571428571427,0.07142857142857142,0.06253698894056672
1.0,implicit,0.21428571428571427,0.14285714285714285,0.1224815372979464
1.0,implicit,0.21428571428571427,0.21428571428571427,0.1836749215672623
1.0,implicit,0.21428571428571427,0.2857142857142857,0.2448986445797046
1.0,implicit,0.21428571428571427,0.3571428571428571,0.30612038604534497
1.0,implicit,0.21428571428571427,0.42857142857142855,0.3672215753904103
1.0,implicit,0.21428571428571427,0.5,0.4237998130653814
1.0,implicit,0.21428571428571427,0.5714285714285714,0.36722157539041045
1.0,implicit,0.21428571428571427,0.6428571428571428,0.3061203860453451
1.0,implicit,0.21428571428571427,0.7142857142857142,0.2448986445797047
1.0,implicit,0.21428571428571427,0.7857142857142857,0.18367492156726234
1.0,implicit,0.21428571428571427,0.8571428571428571,0.12248153729794645
1.0,implicit,0.21428571428571427,0.9285714285714285,0.0625369889405668
1.0,implicit,0.21428571428571427,1.0,0.06476885381006925
1.0,implicit,0.2857142857142857,0.0,0.06476885381006925
1.0,implicit,0.2857142857142857,0.07142857142857142,0.08294447668594374
1.0,implicit,0.2857142857142857,0.14285714285714285,0.16329711803078037
1.0,implicit,0.2857142857142857,0.21428571428571427,0.2448986445797046
1.0,implicit,0.2857142857142857,0.2857142857142857,0.32653049438688375
1.0,implicit,0.2857142857142857,0.3571428571428571,0.40815946990744667
1.0,implicit,0.2857142857142857,0.42857142857142855,0.4896277045371894
1.0,implicit,0.2857142857142857,0.5,0.5650653395996512
1.0,implicit,0.2857142857142857,0.5714285714285714,0.4896277045371896
1.0,implicit,0.2857142857142857,0.6428571428571428,0.40815946990744695
1.0,implicit,0.2857142857142857,0.7142857142857142,0.32653049438688386
1.0,implicit,0.2857142857142857,0.7857142857142857,0.24489864457970462
1.0,implicit,0.2857142857142857,0.8571428571428571,0.16329711803078042
1.0,implicit,0.2857142857142857,0.9285714285714285,0.08294447668594382
1.0,implicit,0.2857142857142857,1.0,0.06476885381006925
1.0,implicit,0.3571428571428571,0.0,0.06476885381006925
1.0,implicit,0.3571428571428571,0.07142857142857142,0.10335171532109788
1.0,implicit,0.3571428571428571,0.14285714285714285,0.20411160765876607
1.0,implicit,0.3571428571428571,0.21428571428571427,0.3061203860453451
1.0,implicit,0.3571428571428571,0.2857142857142857,0.4081594699074464
1.0,implicit,0.3571428571428571,0.3571428571428571,0.5101947868481441
1.0,implicit,0.3571428571428571,0.42857142857142855,0.612029179550723
1.0,implicit,0.3571428571428571,0.5,0.7063254441922436
1.0,implicit,0.3571428571428571,0.5714285714285714,0.6120291795507229
1.0,implicit,0.3571428571428571,0.6428571428571428,0.5101947868481443
1.0,implicit,0.3571428571428571,0.7142857142857142,0.40815946990744656
1.0,implicit,0.3571428571428571,0.7857142857142857,0.30612038604534514
1.0,implicit,0.3571428571428571,0.8571428571428571,0.2041116076587661
1.0,implicit,0.3571428571428571,0.9285714285714285,0.10335171532109799
1.0,implicit,0.3571428571428571,1.0,0.06476885381006925
1.0,implicit,0.42857142857142855,0.0,0.06476885381006925
1.0,implicit,0.42857142857142855,0.07142857142857142,0.1237187783846874
1.0,implicit,0.42857142857142855,0.14285714285714285,0.24484573401524642
1.0,implicit,0.42857142857142855,0.21428571428571427,0.3672215753904103
1.0,implicit,0.42857142857142855,0.2857142857142857,0.48962770453718946
1.0,implicit,0.42857142857142855,0.3571428571428571,0.6120291795507232
1.0,implicit,0.42857142857142855,0.42857142857142855,0.7341897259431018
1.0,implicit,0.42857142857142855,0.5,0.8473092090714703
1.0,implicit,0.42857142857142855,0.5714285714285714,0.7341897259431015
1.0,implicit,0.42857142857142855,0.6428571428571428,0.6120291795507234
1.0,implicit,0.42857142857142855,0.7142857142857142,0.4896277045371897
1.0,implicit,0.42857142857142855,0.7857142857142857,0.36722157539041034
1.0,implicit,0.42857142857142855,0.8571428571428571,0.24484573401524654
1.0,implicit,0.42857142857142855,0.9285714285714285,0.12371877838468752
1.0,implicit,0.42857142857142855,1.0,0.06476885381006925
1.0,implicit,0.5,0.0,0.06476885381006925
1.0,implicit,0.5,0.07142857142857142,0.1425781910342981
1.0,implicit,0.5,0.14285714285714285,0.28256455931388474
1.0,implicit,0.5,0.21428571428571427,0.42379981306538167
1.0,implicit,0.5,0.2857142857142857,0.5650653395996513
1.0,implicit,0.5,0.3571428571428571,0.7063254441922437
1.0,implicit,0.5,0.42857142857142855,0.8473092090714704
1.0,implicit,0.5,0.5,0.9778903813273626
1.0,implicit,0.5,0.5714285714285714,0.8473092090714708
1.0,implicit,0.5,0.6428571428571428,0.7063254441922432
1.0,implicit,0.5,0.7142857142857142,0.5650653395996514
1.0,implicit,0.5,0.7857142857142857,0.42379981306538184
1.0,implicit,0.5,0.8571428571428571,0.28256455931388486
1.0,implicit,0.5,0.9285714285714285,0.1425781910342982
1.0,implicit,0.5,1.0,0.06476885381006925
1.0,implicit,0.5714285714285714,0.0,0.06476885381006925
1.0,implicit,0.5714285714285714,0.07142857142857142,0.1237187783846874
1.0,implicit,0.5714285714285714,0.14285714285714285,0.2448457340152464
1.0,implicit,0.5714285714285714,0.21428571428571427,0.36722157539041056
1.0,implicit,0.5714285714285714,0.2857142857142857,0.4896277045371896
1.0,implicit,0.5714285714285714,0.3571428571428571,0.6120291795507237
1.0,implicit,0.5714285714285714,0.42857142857142855,0.7341897259431018
1.0,implicit,0.5714285714285714,0.5,0.8473092090714707
1.0,implicit,0.5714285714285714,0.5714285714285714,0.7341897259431017
1.0,implicit,0.5714285714285714,0.6428571428571428,0.6120291795507239
1.0,implicit,0.5714285714285714,0.7142857142857142,0.48962770453719023
1.0,implicit,0.5714285714285714,0.7857142857142857,0.3672215753904106
1.0,implicit,0.5714285714285714,0.8571428571428571,0.24484573401524654
1.0,implicit,0.5714285714285714,0.9285714285714285,0.12371877838468752
1.0,implicit,0.5714285714285714,1.0,0.06476885381006925
1.0,implicit,0.6428571428571428,0.0,0.06476885381006925
1.0,implicit,0.6428571428571428,0.07142857142857142,0.10335171532109785
1.0,implicit,0.6428571428571428,0.14285714285714285,0.20411160765876638
1.0,implicit,0.6428571428571428,0.21428571428571427,0.3061203860453451
1.0,implicit,0.6428571428571428,0.2857142857142857,0.4081594699074469
1.0,implicit,0.6428571428571428,0.3571428571428571,0.5101947868481441
1.0,implicit,0.6428571428571428,0.42857142857142855,0.6120291795507236
1.0,implicit,0.6428571428571428,0.5,0.7063254441922431
1.0,implicit,0.6428571428571428,0.5714285714285714,0.612029179550724
1.0,implicit,0.6428571428571428,0.6428571428571428,0.5101947868481446
1.0,implicit,0.6428571428571428,0.7142857142857142,0.40815946990744695
1.0,implicit,0.6428571428571428,0.7857142857142857,0.3061203860453451
1.0,implicit,0.6428571428571428,0.8571428571428571,0.20411160765876624
1.0,implicit,0.6428571428571428,0.9285714285714285,0.10335171532109798
1.0,implicit,0.6428571428571428,1.0,0.06476885381006925
1.0,implicit,0.7142857142857142,0.0,0.06476885381006925
1.0,implicit,0.7142857142857142,0.07142857142857142,0.08294447668594379
1.0,implicit,0.7142857142857142,0.14285714285714285,0.16329711803078042
1.0,implicit,0.7142857142857142,0.21428571428571427,0.2448986445797047
1.0,implicit,0.7142857142857142,0.2857142857142857,0.32653049438688386
1.0,implicit,0.7142857142857142,0.3571428571428571,0.4081594699074468
1.0,implicit,0.7142857142857142,0.42857142857142855,0.4896277045371896
1.0,implicit,0.7142857142857142,0.5,0.5650653395996518
1.0,implicit,0.7142857142857142,0.5714285714285714,0.48962770453718973
1.0,implicit,0.7142857142857142,0.6428571428571428,0.4081594699074468
1.0,implicit,0.7142857142857142,0.7142857142857142,0.3265304943868839
1.0,implicit,0.7142857142857142,0.7857142857142857,0.2448986445797047
1.0,implicit,0.7142857142857142,0.8571428571428571,0.16329711803078045
1.0,implicit,0.7142857142857142,0.9285714285714285,0.0829444766859439
1.0,implicit,0.7142857142857142,1.0,0.06476885381006925
1.0,implicit,0.7857142857142857,0.0,0.06476885381006925
1.0,implicit,0.7857142857142857,0.07142857142857142,0.06253698894056677
1.0,implicit,0.7857142857142857,0.14285714285714285,0.1224815372979465
1.0,implicit,0.7857142857142857,0.21428571428571427,0.18367492156726234
1.0,implicit,0.7857142857142857,0.2857142857142857,0.24489864457970462
1.0,implicit,0.7857142857142857,0.3571428571428571,0.30612038604534514
1.0,implicit,0.7857142857142857,0.42857142857142855,0.3672215753904104
1.0,implicit,0.7857142857142857,0.5,0.4237998130653816
1.0,implicit,0.7857142857142857,0.5714285714285714,0.3672215753904102
1.0,implicit,0.7857142857142857,0.6428571428571428,0.3061203860453452
1.0,implicit,0.7857142857142857,0.7142857142857142,0.24489864457970467
1.0,implicit,0.7857142857142857,0.7857142857142857,0.1836749215672624
1.0,implicit,0.7857142857142857,0.8571428571428571,0.12248153729794654
1.0,implicit,0.7857142857142857,0.9285714285714285,0.06253698894056682
1.0,implicit,0.7857142857142857,1.0,0.06476885381006925
1.0,implicit,0.8571428571428571,0.0,0.06476885381006925
1.0,implicit,0.8571428571428571,0.07142857142857142,0.042157948574403706
1.0,implicit,0.8571428571428571,0.14285714285714285,0.08169623814693942
1.0,implicit,0.8571428571428571,0.21428571428571427,0.12248153729794645
1.0,implicit,0.8571428571428571,0.2857142857142857,0.16329711803078042
1.0,implicit,0.8571428571428571,0.3571428571428571,0.2041116076587661
1.0,implicit,0.8571428571428571,0.42857142857142855,0.24484573401524665
1.0,implicit,0.8571428571428571,0.5,0.28256455931388486
1.0,implicit,0.8571428571428571,0.5714285714285714,0.2448457340152465
1.0,implicit,0.8571428571428571,0.6428571428571428,0.20411160765876635
1.0,implicit,0.8571428571428571,0.7142857142857142,0.1632971180307805
1.0,implicit,0.8571428571428571,0.7857142857142857,0.12248153729794647
1.0,implicit,0.8571428571428571,0.8571428571428571,0.08169623814693946
1.0,implicit,0.8571428571428571,0.9285714285714285,0.04215794857440375
1.0,implicit,0.8571428571428571,1.0,0.06476885381006925
1.0,implicit,0.9285714285714285,0.0,0.06476885381006925
1.0,implicit,0.9285714285714285,0.07142857142857142,0.022970889307208635
1.0,implicit,0.9285714285714285,0.14285714285714285,0.04215794857440375
1.0,implicit,0.9285714285714285,0.21428571428571427,0.0625369889405668
1.0,implicit,0.9285714285714285,0.2857142857142857,0.08294447668594382
1.0,implicit,0.9285714285714285,0.3571428571428571,0.10335171532109802
1.0,implicit,0.9285714285714285,0.42857142857142855,0.12371877838468757
1.0,implicit,0.9285714285714285,0.5,0.1425781910342982
1.0,implicit,0.9285714285714285,0.5714285714285714,0.12371877838468755
1.0,implicit,0.9285714285714285,0.6428571428571428,0.10335171532109795
1.0,implicit,0.9285714285714285,0.7142857142857142,0.08294447668594386
1.0,implicit,0.9285714285714285,0.7857142857142857,0.0625369889405668
1.0,implicit,0.9285714285714285,0.8571428571428571,0.042157948574403754
1.0,implicit,0.9285714285714285,0.9285714285714285,0.022970889307208656
1.0,implicit,0.9285714285714285,1.0,0.06476885381006925
1.0,implicit,1.0,0.0,0.06476885381006925
1.0,implicit,1.0,0.07142857142857142,0.06476885381006925
1.0,implicit,1.0,0.14285714285714285,0.06476885381006925
1.0,implicit,1.0,0.21428571428571427,0.06476885381006925
1.0,implicit,1.0,0.2857142857142857,0.06476885381006925
1.0,implicit,1.0,0.3571428571428571,0.06476885381006925
1.0,implicit,1.0,0.42857142857142855,0.06476885381006925
1.0,implicit,1.0,0.5,0.06476885381006925
1.0,implicit,1.0,0.5714285714285714,0.06476885381006925
1.0,implicit,1.0,0.6428571428571428,0.06476885381006925
1.0,implicit,1.0,0.7142857142857142,0.06476885381006925
1.0,implicit,1.0,0.7857142857142857,0.06476885381006925
1.0,implicit,1.0,0.8571428571428571,0.06476885381006925
1.0,implicit,1.0,0.9285714285714285,0.06476885381006925
1.0,implicit,1.0,1.0,0.06476885381006925
2.0,implicit,0.0,0.0,0.15230298564080255
2.0,implicit,0.0,0.07142857142857142,0.15230298564080255
2.0,implicit,0.0,0.14285714285714285,0.15230298564080255
2.0,implicit,0.0,0.21428571428571427,0.15230298564080255
2.0,implicit,0.0,0.2857142857142857,0.15230298564080255
2.0,implicit,0.0,0.3571428571428571,0.15230298564080255
2.0,implicit,0.0,0.42857142857142855,0.15230298564080255
2.0,implicit,0.0,0.5,0.15230298564080255
2.0,implicit,0.0,0.5714285714285714,0.15230298564080255
2.0,implicit,0.0,0.6428571428571428,0.15230298564080255
2.0,implicit,0.0,0.7142857142857142,0.15230298564080255
2.0,implicit,0.0,0.7857142857142857,0.15230298564080255
2.0,implicit,0.0,0.8571428571428571,0.15230298564080255
2.0,implicit,0.0,0.9285714285714285,0.15230298564080255
2.0,implicit,0.0,1.0,0.15230298564080255
2.0,implicit,0.07142857142857142,0.0,0.15230298564080255
2.0,implicit,0.07142857142857142,0.07142857142857142,0.026879995083082947
2.0,implicit,0.07142857142857142,0.14285714285714285,0.04419444601059642
2.0,implicit,0.07142857142857142,0.21428571428571427,0.0645338646138236
2.0,implicit,0.07142857142857142,0.2857142857142857,0.08494044873757674
2.0,implicit,0.07142857142857142,0.3571428571428571,0.10534679806036645
2.0,implicit,0.07142857142857142,0.42857142857142855,0.12568793765450517
2.0,implicit,0.07142857142857142,0.5,0.14407072311110053
2.0,implicit,0.07142857142857142,0.5714285714285714,0.12568793765450534
2.0,implicit,0.07142857142857142,0.6428571428571428,0.1053467980603665
2.0,implicit,0.07142857142857142,0.7142857142857142,0.08494044873757675
2.0,implicit,0.07142857142857142,0.7857142857142857,0.0645338646138236
2.0,implicit,0.07142857142857142,0.8571428571428571,0.044194446010596425
2.0,implicit,0.07142857142857142,0.9285714285714285,0.02687999508308297
2.0,implicit,0.07142857142857142,1.0,0.15230298564080255
2.0,implicit,0.14285714285714285,0.0,0.15230298564080255
2.0,implicit,0.14285714285714285,0.07142857142857142,0.04419444601059644
2.0,implicit,0.14285714285714285,0.14285714285714285,0.08178264146718091
2.0,implicit,0.14285714285714285,0.21428571428571427,0.12252577556554342
2.0,implicit,0.14285714285714285,0.2857142857142857,0.16334035429130855
2.0,implicit,0.14285714285714285,0.3571428571428571,0.204153083000534
2.0,implicit,0.14285714285714285,0.42857142857142855,0.24483536278632292
2.0,implicit,0.14285714285714285,0.5,0.2816009336977619
2.0,implicit,0.14285714285714285,0.5714285714285714,0.24483536278632284
2.0,implicit,0.14285714285714285,0.6428571428571428,0.20415308300053406
2.0,implicit,0.14285714285714285,0.7142857142857142,0.1633403542913086
2.0,implicit,0.14285714285714285,0.7857142857142857,0.12252577556554345
2.0,implicit,0.14285714285714285,0.8571428571428571,0.08178264146718094
2.0,implicit,0.14285714285714285,0.9285714285714285,0.044194446010596466
2.0,implicit,0.14285714285714285,1.0,0.15230298564080255
2.0,implicit,0.21428571428571427,0.0,0.15230298564080255
2.0,implicit,0.21428571428571427,0.07142857142857142,0.06453386461382354
2.0,implicit,0.21428571428571427,0.14285714285714285,0.12252577556554335
2.0,implicit,0.21428571428571427,0.21428571428571427,0.18367688208972305
2.0,implicit,0.21428571428571427,0.2857142857142857,0.24489957530816628
2.0,implicit,0.21428571428571427,0.3571428571428571,0.30611868561729405
2.0,implicit,0.21428571428571427,0.42857142857142855,0.36714210481259607
2.0,implicit,0.21428571428571427,0.5,0.42229046048728996
2.0,implicit,0.21428571428571427,0.5714285714285714,0.36714210481259607
2.0,implicit,0.21428571428571427,0.6428571428571428,0.30611868561729416
2.0,implicit,0.21428571428571427,0.7142857142857142,0.2448995753081664
2.0,implicit,0.21428571428571427,0.7857142857142857,0.18367688208972308
2.0,implicit,0.21428571428571427,0.8571428571428571,0.1225257755655434
2.0,implicit,0.21428571428571427,0.9285714285714285,0.06453386461382361
2.0,implicit,0.21428571428571427,1.0,0.15230298564080255
2.0,implicit,0.2857142857142857,0.0,0.15230298564080255
2.0,implicit,0.2857142857142857,0.07142857142857142,0.0849404487375767
2.0,implicit,0.2857142857142857,0.14285714285714285,0.1633403542913086
2.0,implicit,0.2857142857142857,0.21428571428571427,0.2448995753081663
2.0,implicit,0.2857142857142857,0.2857142857142857,0.3265303486406219
2.0,implicit,0.2857142857142857,0.3571428571428571,0.4081558001809057
2.0,implicit,0.2857142857142857,0.42857142857142855,0.48952031864263007
2.0,implicit,0.2857142857142857,0.5,0.5630514258154684
2.0,implicit,0.2857142857142857,0.5714285714285714,0.48952031864263035
2.0,implicit,0.2857142857142857,0.6428571428571428,0.4081558001809059
2.0,implicit,0.2857142857142857,0.7142857142857142,0.326530348640622
2.0,implicit,0.2857142857142857,0.7857142857142857,0.24489957530816633
2.0,implicit,0.2857142857142857,0.8571428571428571,0.16334035429130866
2.0,implicit,0.2857142857142857,0.9285714285714285,0.08494044873757678
2.0,implicit,0.2857142857142857,1.0,0.15230298564080255
2.0,implicit,0.3571428571428571,0.0,0.15230298564080255
2.0,implicit,0.3571428571428571,0.07142857142857142,0.1053467980603665
2.0,implicit,0.3571428571428571,0.14285714285714285,0.20415308300053386
2.0,implicit,0.3571428571428571,0.21428571428571427,0.306118685617294
2.0,implicit,0.3571428571428571,0.2857142857142857,0.4081558001809051
2.0,implicit,0.3571428571428571,0.3571428571428571,0.5101858543701063
2.0,implicit,0.3571428571428571,0.42857142857142855,0.6118897472491938
2.0,implicit,0.3571428571428571,0.5,0.7038021457466298
2.0,implicit,0.3571428571428571,0.5714285714285714,0.6118897472491938
2.0,implicit,0.3571428571428571,0.6428571428571428,0.5101858543701066
2.0,implicit,0.3571428571428571,0.7142857142857142,0.4081558001809052
2.0,implicit,0.3571428571428571,0.7857142857142857,0.30611868561729405
2.0,implicit,0.3571428571428571,0.8571428571428571,0.20415308300053386
2.0,implicit,0.3571428571428571,0.9285714285714285,0.10534679806036665
2.0,implicit,0.3571428571428571,1.0,0.15230298564080255
2.0,implicit,0.42857142857142855,0.0,0.15230298564080255
2.0,implicit,0.42857142857142855,0.07142857142857142,0.12568793765450528
2.0,implicit,0.42857142857142855,0.14285714285714285,0.24483536278632292
2.0,implicit,0.42857142857142855,0.21428571428571427,0.3671421048125959
2.0,implicit,0.42857142857142855,0.2857142857142857,0.4895203186426302
2.0,implicit,0.42857142857142855,0.3571428571428571,0.611889747249194
2.0,implicit,0.42857142857142855,0.42857142857142855,0.7338681829261225
2.0,implicit,0.42857142857142855,0.5,0.8441057678298827
2.0,implicit,0.42857142857142855,0.5714285714285714,0.7338681829261222
2.0,implicit,0.42857142857142855,0.6428571428571428,0.6118897472491943
2.0,implicit,0.42857142857142855,0.7142857142857142,0.4895203186426304
2.0,implicit,0.42857142857142855,0.7857142857142857,0.367142104812596
2.0,implicit,0.42857142857142855,0.8571428571428571,0.24483536278632304
2.0,implicit,0.42857142857142855,0.9285714285714285,0.1256879376545054
2.0,implicit,0.42857142857142855,1.0,0.15230298564080255
2.0,implicit,0.5,0.0,0.15230298564080255
2.0,implicit,0.5,0.07142857142857142,0.1440707231111005
2.0,implicit,0.5,0.14285714285714285,0.2816009336977619
2.0,implicit,0.5,0.21428571428571427,0.42229046048729046
2.0,implicit,0.5,0.2857142857142857,0.5630514258154683
2.0,implicit,0.5,0.3571428571428571,0.7038021457466298
2.0,implicit,0.5,0.42857142857142855,0.8441057678298827
2.0,implicit,0.5,0.5,0.9709430738726548
2.0,implicit,0.5,0.5714285714285714,0.844105767829883
2.0,implicit,0.5,0.6428571428571428,0.7038021457466289
2.0,implicit,0.5,0.7142857142857142,0.5630514258154684
2.0,implicit,0.5,0.7857142857142857,0.42229046048729063
2.0,implicit,0.5,0.8571428571428571,0.28160093369776207
2.0,implicit,0.5,0.9285714285714285,0.14407072311110064
2.0,implicit,0.5,1.0,0.15230298564080255
2.0,implicit,0.5714285714285714,0.0,0.15230298564080255
2.0,implicit,0.5714285714285714,0.07142857142857142,0.12568793765450526
2.0,implicit,0.5714285714285714,0.14285714285714285,0.2448353627863228
2.0,implicit,0.5714285714285714,0.21428571428571427,0.3671421048125961
2.0,implicit,0.5714285714285714,0.2857142857142857,0.48952031864263024
2.0,implicit,0.5714285714285714,0.3571428571428571,0.6118897472491946
2.0,implicit,0.5714285714285714,0.42857142857142855,0.7338681829261225
2.0,implicit,0.5714285714285714,0.5,0.8441057678298829
2.0,implicit,0.5714285714285714,0.5714285714285714,0.7338681829261225
2.0,implicit,0.5714285714285714,0.6428571428571428,0.6118897472491948
2.0,implicit,0.5714285714285714,0.7142857142857142,0.48952031864263107
2.0,implicit,0.5714285714285714,0.7857142857142857,0.3671421048125963
2.0,implicit,0.5714285714285714,0.8571428571428571,0.24483536278632298
2.0,implicit,0.5714285714285714,0.9285714285714285,0.1256879376545054
2.0,implicit,0.5714285714285714,1.0,0.15230298564080255
2.0,implicit,0.6428571428571428,0.0,0.15230298564080255
2.0,implicit,0.6428571428571428,0.07142857142857142,0.10534679806036647
2.0,implicit,0.6428571428571428,0.14285714285714285,0.20415308300053425
2.0,implicit,0.6428571428571428,0.21428571428571427,0.30611868561729416
2.0,implicit,0.6428571428571428,0.2857142857142857,0.4081558001809058
2.0,implicit,0.6428571428571428,0.3571428571428571,0.5101858543701063
2.0,implicit,0.6428571428571428,0.42857142857142855,0.6118897472491943
2.0,implicit,0.6428571428571428,0.5,0.7038021457466291
2.0,implicit,0.6428571428571428,0.5714285714285714,0.611889747249195
2.0,implicit,0.6428571428571428,0.6428571428571428,0.5101858543701069
2.0,implicit,0.6428571428571428,0.7142857142857142,0.4081558001809059
2.0,implicit,0.6428571428571428,0.7857142857142857,0.30611868561729416
2.0,implicit,0.6428571428571428,0.8571428571428571,0.20415308300053403
2.0,implicit,0.6428571428571428,0.9285714285714285,0.10534679806036658
2.0,implicit,0.6428571428571428,1.0,0.15230298564080255
2.0,implicit,0.7142857142857142,0.0,0.15230298564080255
2.0,implicit,0.7142857142857142,0.07142857142857142,0.08494044873757675
2.0,implicit,0.7142857142857142,0.14285714285714285,0.1633403542913086
2.0,implicit,0.7142857142857142,0.21428571428571427,0.2448995753081664
2.0,implicit,0.7142857142857142,0.2857142857142857,0.326530348640622
2.0,implicit,0.7142857142857142,0.3571428571428571,0.40815580018090547
2.0,implicit,0.7142857142857142,0.42857142857142855,0.4895203186426303
2.0,implicit,0.7142857142857142,0.5,0.5630514258154689
2.0,implicit,0.7142857142857142,0.5714285714285714,0.4895203186426304
2.0,implicit,0.7142857142857142,0.6428571428571428,0.4081558001809055
2.0,implicit,0.7142857142857142,0.7142857142857142,0.3265303486406221
2.0,implicit,0.7142857142857142,0.7857142857142857,0.2448995753081664
2.0,implicit,0.7142857142857142,0.8571428571428571,0.16334035429130864
2.0,implicit,0.7142857142857142,0.9285714285714285,0.08494044873757685
2.0,implicit,0.7142857142857142,1.0,0.15230298564080255
2.0,implicit,0.7857142857142857,0.0,0.15230298564080255
2.0,implicit,0.7857142857142857,0.07142857142857142,0.0645338646138236
2.0,implicit,0.7857142857142857,0.14285714285714285,0.12252577556554345
2.0,implicit,0.7857142857142857,0.21428571428571427,0.18367688208972308
2.0,implicit,0.7857142857142857,0.2857142857142857,0.24489957530816633
2.0,implicit,0.7857142857142857,0.3571428571428571,0.3061186856172941
2.0,implicit,0.7857142857142857,0.42857142857142855,0.36714210481259607
2.0,implicit,0.7857142857142857,0.5,0.4222904604872904
2.0,implicit,0.7857142857142857,0.5714285714285714,0.36714210481259585
2.0,implicit,0.7857142857142857,0.6428571428571428,0.30611868561729416
2.0,implicit,0.7857142857142857,0.7142857142857142,0.2448995753081664
2.0,implicit,0.7857142857142857,0.7857142857142857,0.18367688208972313
2.0,implicit,0.7857142857142857,0.8571428571428571,0.12252577556554349
2.0,implicit,0.7857142857142857,0.9285714285714285,0.06453386461382364
2.0,implicit,0.7857142857142857,1.0,0.15230298564080255
2.0,implicit,0.8571428571428571,0.0,0.15230298564080255
2.0,implicit,0.8571428571428571,0.07142857142857142,0.044194446010596425
2.0,implicit,0.8571428571428571,0.14285714285714285,0.08178264146718094
2.0,implicit,0.8571428571428571,0.21428571428571427,0.1225257755655434
2.0,implicit,0.8571428571428571,0.2857142857142857,0.16334035429130866
2.0,implicit,0.8571428571428571,0.3571428571428571,0.20415308300053386
2.0,implicit,0.8571428571428571,0.42857142857142855,0.24483536278632312
2.0,implicit,0.8571428571428571,0.5,0.281600933697762
2.0,implicit,0.8571428571428571,0.5714285714285714,0.24483536278632292
2.0,implicit,0.8571428571428571,0.6428571428571428,0.20415308300053414
2.0,implicit,0.8571428571428571,0.7142857142857142,0.16334035429130875
2.0,implicit,0.8571428571428571,0.7857142857142857,0.12252577556554342
2.0,implicit,0.8571428571428571,0.8571428571428571,0.08178264146718096
2.0,implicit,0.8571428571428571,0.9285714285714285,0.044194446010596466
2.0,implicit,0.8571428571428571,1.0,0.15230298564080255
2.0,implicit,0.9285714285714285,0.0,0.15230298564080255
2.0,implicit,0.9285714285714285,0.07142857142857142,0.02687999508308297
2.0,implicit,0.9285714285714285,0.14285714285714285,0.044194446010596466
2.0,implicit,0.9285714285714285,0.21428571428571427,0.06453386461382361
2.0,implicit,0.9285714285714285,0.2857142857142857,0.08494044873757678
2.0,implicit,0.9285714285714285,0.3571428571428571,0.10534679806036666
2.0,implicit,0.9285714285714285,0.42857142857142855,0.12568793765450545
2.0,implicit,0.9285714285714285,0.5,0.14407072311110064
2.0,implicit,0.9285714285714285,0.5714285714285714,0.12568793765450545
2.0,implicit,0.9285714285714285,0.6428571428571428,0.10534679806036655
2.0,implicit,0.9285714285714285,0.7142857142857142,0.08494044873757682
2.0,implicit,0.9285714285714285,0.7857142857142857,0.06453386461382361
2.0,implicit,0.9285714285714285,0.8571428571428571,0.04419444601059647
2.0,implicit,0.9285714285714285,0.9285714285714285,0.026879995083082992
2.0,implicit,0.9285714285714285,1.0,0.15230298564080255
2.0,implicit,1.0,0.0,0.15230298564080255
2.0,implicit,1.0,0.07142857142857142,0.15230298564080255
2.0,implicit,1.0,0.14285714285714285,0.15230298564080255
2.0,implicit,1.0,0.21428571428571427,0.15230298564080255
2.0,implicit,1.0,0.2857142857142857,0.15230298564080255
2.0,implicit,1.0,0.3571428571428571,0.15230298564080255
2.0,implicit,1.0,0.42857142857142855,0.15230298564080255
2.0,implicit,1.0,0.5,0.15230298564080255
2.0,implicit,1.0,0.5714285714285714,0.15230298564080255
2.0,implicit,1.0,0.6428571428571428,0.15230298564080255
2.0,implicit,1.0,0.7142857142857142,0.15230298564080255
2.0,implicit,1.0,0.7857142857142857,0.15230298564080255
2.0,implicit,1.0,0.8571428571428571,0.15230298564080255
2.0,implicit,1.0,0.9285714285714285,0.15230298564080255
2.0,implicit,1.0,1.0,0.15230298564080255
3.0,implicit,0.0,0.0,-0.023413695694918055
3.0,implicit,0.0,0.07142857142857142,-0.023413695694918055
3.0,implicit,0.0,0.14285714285714285,-0.023413695694918055
3.0,implicit,0.0,0.21428571428571427,-0.023413695694918055
3.0,implicit,0.0,0.2857142857142857,-0.023413695694918055
3.0,implicit,0.0,0.3571428571428571,-0.023413695694918055
3.0,implicit,0.0,0.42857142857142855,-0.023413695694918055
3.0,implicit,0.0,0.5,-0.023413695694918055
3.0,implicit,0.0,0.5714285714285714,-0.023413695694918055
3.0,implicit,0.0,0.6428571428571428,-0.023413695694918055
3.0,implicit,0.0,0.7142857142857142,-0.023413695694918055
3.0,implicit,0.0,0.7857142857142857,-0.023413695694918055
3.0,implicit,0.0,0.8571428571428571,-0.023413695694918055
3.0,implicit,0.0,0.9285714285714285,-0.023413695694918055
3.0,implicit,0.0,1.0,-0.023413695694918055
3.0,implicit,0.07142857142857142,0.0,-0.023413695694918055
3.0,implicit,0.07142857142857142,0.07142857142857142,0.025183935217906246
3.0,implicit,0.07142857142857142,0.14285714285714285,0.04346662148979795
3.0,implicit,0.07142857142857142,0.21428571428571427,0.06375027151338598
3.0,implicit,0.07142857142857142,0.2857142857142857,0.08415395703143085
3.0,implicit,0.07142857142857142,0.3571428571428571,0.10455723401814214
3.0,implicit,0.07142857142857142,0.42857142857142855,0.12483059857275901
3.0,implicit,0.07142857142857142,0.5,0.14231452168556463
3.0,implicit,0.07142857142857142,0.5714285714285714,0.1248305985727591
3.0,implicit,0.07142857142857142,0.6428571428571428,0.10455723401814217
3.0,implicit,0.07142857142857142,0.7142857142857142,0.08415395703143086
3.0,implicit,0.07142857142857142,0.7857142857142857,0.06375027151338598
3.0,implicit,0.07142857142857142,0.8571428571428571,0.043466621489797956
3.0,implicit,0.07142857142857142,0.9285714285714285,0.025183935217906267
3.0,implicit,0.07142857142857142,1.0,-0.023413695694918055
3.0,implicit,0.14285714285714285,0.0,-0.023413695694918055
3.0,implicit,0.14285714285714285,0.07142857142857142,0.04346662148979797
3.0,implicit,0.14285714285714285,0.14285714285714285,0.08191709344290875
3.0,implicit,0.14285714285714285,0.21428571428571427,0.1225965113508417
3.0,implicit,0.14285714285714285,0.2857142857142857,0.16340775174543817
3.0,implicit,0.14285714285714285,0.3571428571428571,0.20421441446226402
3.0,implicit,0.14285714285714285,0.42857142857142855,0.24476114621470252
3.0,implicit,0.14285714285714285,0.5,0.27972899243490784
3.0,implicit,0.14285714285714285,0.5714285714285714,0.24476114621470238
3.0,implicit,0.14285714285714285,0.6428571428571428,0.2042144144622641
3.0,implicit,0.14285714285714285,0.7142857142857142,0.16340775174543823
3.0,implicit,0.14285714285714285,0.7857142857142857,0.12259651135084172
3.0,implicit,0.14285714285714285,0.8571428571428571,0.08191709344290878
3.0,implicit,0.14285714285714285,0.9285714285714285,0.043466621489798005
3.0,implicit,0.14285714285714285,1.0,-0.023413695694918055
3.0,implicit,0.21428571428571427,0.0,-0.023413695694918055
3.0,implicit,0.21428571428571427,0.07142857142857142,0.0637502715133859
3.0,implicit,0.21428571428571427,0.14285714285714285,0.12259651135084164
3.0,implicit,0.21428571428571427,0.21428571428571427,0.18368339380463947
3.0,implicit,0.21428571428571427,0.2857142857142857,0.24490262248293215
3.0,implicit,0.21428571428571427,0.3571428571428571,0.3061126809209813
3.0,implicit,0.21428571428571427,0.42857142857142855,0.3669327766249065
3.0,implicit,0.21428571428571427,0.5,0.4193845431352926
3.0,implicit,0.21428571428571427,0.5714285714285714,0.36693277662490614
3.0,implicit,0.21428571428571427,0.6428571428571428,0.30611268092098143
3.0,implicit,0.21428571428571427,0.7142857142857142,0.24490262248293224
3.0,implicit,0.21428571428571427,0.7857142857142857,0.1836833938046395
3.0,implicit,0.21428571428571427,0.8571428571428571,0.12259651135084168
3.0,implicit,0.21428571428571427,0.9285714285714285,0.06375027151338597
3.0,implicit,0.21428571428571427,1.0,-0.023413695694918055
3.0,implicit,0.2857142857142857,0.0,-0.023413695694918055
3.0,implicit,0.2857142857142857,0.07142857142857142,0.08415395703143078
3.0,implicit,0.2857142857142857,0.14285714285714285,0.16340775174543812
3.0,implicit,0.2857142857142857,0.21428571428571427,0.24490262248293207
3.0,implicit,0.2857142857142857,0.2857142857142857,0.32652972842812344
3.0,implicit,0.2857142857142857,0.3571428571428571,0.40814304510326044
3.0,implicit,0.2857142857142857,0.42857142857142855,0.4892363683423219
3.0,implicit,0.2857142857142857,0.5,0.5591719466750475
3.0,implicit,0.2857142857142857,0.5714285714285714,0.4892363683423221
3.0,implicit,0.2857142857142857,0.6428571428571428,0.40814304510326066
3.0,implicit,0.2857142857142857,0.7142857142857142,0.32652972842812356
3.0,implicit,0.2857142857142857,0.7857142857142857,0.2449026224829321
3.0,implicit,0.2857142857142857,0.8571428571428571,0.16340775174543817
3.0,implicit,0.2857142857142857,0.9285714285714285,0.08415395703143086
3.0,implicit,0.2857142857142857,1.0,-0.023413695694918055
3.0,implicit,0.3571428571428571,0.0,-0.023413695694918055
3.0,implicit,0.3571428571428571,0.07142857142857142,0.10455723401814213
3.0,implicit,0.3571428571428571,0.14285714285714285,0.2042144144622638
3.0,implicit,0.3571428571428571,0.21428571428571427,0.30611268092098115
3.0,implicit,0.3571428571428571,0.2857142857142857,0.4081430451032596
3.0,implicit,0.3571428571428571,0.3571428571428571,0.5101550024075893
3.0,implicit,0.3571428571428571,0.42857142857142855,0.6115169913355998
3.0,implicit,0.3571428571428571,0.5,0.6989326802144593
3.0,implicit,0.3571428571428571,0.5714285714285714,0.6115169913355997
3.0,implicit,0.3571428571428571,0.6428571428571428,0.510155002407589
3.0,implicit,0.3571428571428571,0.7142857142857142,0.40814304510325966
3.0,implicit,0.3571428571428571,0.7857142857142857,0.3061126809209812
3.0,implicit,0.3571428571428571,0.8571428571428571,0.20421441446226385
3.0,implicit,0.3571428571428571,0.9285714285714285,0.10455723401814228
3.0,implicit,0.3571428571428571,1.0,-0.023413695694918055
3.0,implicit,0.42857142857142855,0.0,-0.023413695694918055
3.0,implicit,0.42857142857142855,0.07142857142857142,0.12483059857275908
3.0,implicit,0.42857142857142855,0.14285714285714285,0.24476114621470255
3.0,implicit,0.42857142857142855,0.21428571428571427,0.36693277662490603
3.0,implicit,0.42857142857142855,0.2857142857142857,0.48923636834232215
3.0,implicit,0.42857142857142855,0.3571428571428571,0.6115169913356001
3.0,implicit,0.42857142857142855,0.42857142857142855,0.7330189598766488
3.0,implicit,0.42857142857142855,0.5,0.8378081414327901
3.0,implicit,0.42857142857142855,0.5714285714285714,0.733018959876648
3.0,implicit,0.42857142857142855,0.6428571428571428,0.6115169913356003
3.0,implicit,0.42857142857142855,0.7142857142857142,0.4892363683423221
3.0,implicit,0.42857142857142855,0.7857142857142857,0.36693277662490614
3.0,implicit,0.42857142857142855,0.8571428571428571,0.24476114621470266
3.0,implicit,0.42857142857142855,0.9285714285714285,0.12483059857275923
3.0,implicit,0.42857142857142855,1.0,-0.023413695694918055
3.0,implicit,0.5,0.0,-0.023413695694918055
3.0,implicit,0.5,0.07142857142857142,0.1423145216855646
3.0,implicit,0.5,0.14285714285714285,0.27972899243490784
3.0,implicit,0.5,0.21428571428571427,0.4193845431352935
3.0,implicit,0.5,0.2857142857142857,0.5591719466750473
3.0,implicit,0.5,0.3571428571428571,0.6989326802144596
3.0,implicit,0.5,0.42857142857142855,0.8378081414327897
3.0,implicit,0.5,0.5,0.9576290830448079
3.0,implicit,0.5,0.5714285714285714,0.8378081414327905
3.0,implicit,0.5,0.6428571428571428,0.6989326802144581
3.0,implicit,0.5,0.7142857142857142,0.5591719466750474
3.0,implicit,0.5,0.7857142857142857,0.4193845431352937
3.0,implicit,0.5,0.8571428571428571,0.279728992434908
3.0,implicit,0.5,0.9285714285714285,0.14231452168556472
3.0,implicit,0.5,1.0,-0.023413695694918055
3.0,implicit,0.5714285714285714,0.0,-0.023413695694918055
3.0,implicit,0.5714285714285714,0.07142857142857142,0.12483059857275908
3.0,implicit,0.5714285714285714,0.14285714285714285,0.24476114621470246
3.0,implicit,0.5714285714285714,0.21428571428571427,0.3669327766249065
3.0,implicit,0.5714285714285714,0.2857142857142857,0.4892363683423219
3.0,implicit,0.5714285714285714,0.3571428571428571,0.6115169913356012
3.0,implicit,0.5714285714285714,0.42857142857142855,0.7330189598766489
3.0,implicit,0.5714285714285714,0.5,0.8378081414327903
3.0,implicit,0.5714285714285714,0.5714285714285714,0.7330189598766487
3.0,implicit,0.5714285714285714,0.6428571428571428,0.6115169913356013
3.0,implicit,0.5714285714285714,0.7142857142857142,0.48923636834232315
3.0,implicit,0.5714285714285714,0.7857142857142857,0.36693277662490653
3.0,implicit,0.5714285714285714,0.8571428571428571,0.24476114621470266
3.0,implicit,0.5714285714285714,0.9285714285714285,0.12483059857275917
3.0,implicit,0.5714285714285714,1.0,-0.023413695694918055
3.0,implicit,0.6428571428571428,0.0,-0.023413695694918055
3.0,implicit,0.6428571428571428,0.07142857142857142,0.10455723401814218
3.0,implicit,0.6428571428571428,0.14285714285714285,0.20421441446226435
3.0,implicit,0.6428571428571428,0.21428571428571427,0.30611268092098143
3.0,implicit,0.6428571428571428,0.2857142857142857,0.4081430451032605
3.0,implicit,0.6428571428571428,0.3571428571428571,0.5101550024075887
3.0,implicit,0.6428571428571428,0.42857142857142855,0.6115169913356006
3.0,implicit,0.6428571428571428,0.5,0.6989326802144586
3.0,implicit,0.6428571428571428,0.5714285714285714,0.6115169913356011
3.0,implicit,0.6428571428571428,0.6428571428571428,0.5101550024075896
3.0,implicit,0.6428571428571428,0.7142857142857142,0.40814304510326066
3.0,implicit,0.6428571428571428,0.7857142857142857,0.30611268092098143
3.0,implicit,0.6428571428571428,0.8571428571428571,0.20421441446226404
3.0,implicit,0.6428571428571428,0.9285714285714285,0.10455723401814224
3.0,implicit,0.6428571428571428,1.0,-0.023413695694918055
3.0,implicit,0.7142857142857142,0.0,-0.023413695694918055
3.0,implicit,0.7142857142857142,0.07142857142857142,0.08415395703143086
3.0,implicit,0.7142857142857142,0.14285714285714285,0.16340775174543823
3.0,implicit,0.7142857142857142,0.21428571428571427,0.24490262248293224
3.0,implicit,0.7142857142857142,0.2857142857142857,0.32652972842812356
3.0,implicit,0.7142857142857142,0.3571428571428571,0.4081430451032601
3.0,implicit,0.7142857142857142,0.42857142857142855,0.4892363683423223
3.0,implicit,0.7142857142857142,0.5,0.5591719466750479
3.0,implicit,0.7142857142857142,0.5714285714285714,0.48923636834232204
3.0,implicit,0.7142857142857142,0.6428571428571428,0.4081430451032601
3.0,implicit,0.7142857142857142,0.7142857142857142,0.3265297284281236
3.0,implicit,0.7142857142857142,0.7857142857142857,0.24490262248293224
3.0,implicit,0.7142857142857142,0.8571428571428571,0.16340775174543826
3.0,implicit,0.7142857142857142,0.9285714285714285,0.08415395703143096
3.0,implicit,0.7142857142857142,1.0,-0.023413695694918055
3.0,implicit,0.7857142857142857,0.0,-0.023413695694918055
3.0,implicit,0.7857142857142857,0.07142857142857142,0.06375027151338598
3.0,implicit,0.7857142857142857,0.14285714285714285,0.12259651135084172
3.0,implicit,0.7857142857142857,0.21428571428571427,0.1836833938046395
3.0,implicit,0.7857142857142857,0.2857142857142857,0.2449026224829321
3.0,implicit,0.7857142857142857,0.3571428571428571,0.30611268092098126
3.0,implicit,0.7857142857142857,0.42857142857142855,0.3669327766249062
3.0,implicit,0.7857142857142857,0.5,0.41938454313529333
3.0,implicit,0.7857142857142857,0.5714285714285714,0.3669327766249059
3.0,implicit,0.7857142857142857,0.6428571428571428,0.3061126809209813
3.0,implicit,0.7857142857142857,0.7142857142857142,0.24490262248293215
3.0,implicit,0.7857142857142857,0.7857142857142857,0.18368339380463958
3.0,implicit,0.7857142857142857,0.8571428571428571,0.12259651135084176
3.0,implicit,0.7857142857142857,0.9285714285714285,0.06375027151338603
3.0,implicit,0.7857142857142857,1.0,-0.023413695694918055
3.0,implicit,0.8571428571428571,0.0,-0.023413695694918055
3.0,implicit,0.8571428571428571,0.07142857142857142,0.043466621489797956
3.0,implicit,0.8571428571428571,0.14285714285714285,0.08191709344290878
3.0,implicit,0.8571428571428571,0.21428571428571427,0.12259651135084168
3.0,implicit,0.8571428571428571,0.2857142857142857,0.16340775174543817
3.0,implicit,0.8571428571428571,0.3571428571428571,0.20421441446226385
3.0,implicit,0.8571428571428571,0.42857142857142855,0.24476114621470274
3.0,implicit,0.8571428571428571,0.5,0.27972899243490795
3.0,implicit,0.8571428571428571,0.5714285714285714,0.24476114621470246
3.0,implicit,0.8571428571428571,0.6428571428571428,0.20421441446226415
3.0,implicit,0.8571428571428571,0.7142857142857142,0.16340775174543826
3.0,implicit,0.8571428571428571,0.7857142857142857,0.12259651135084171
3.0,implicit,0.8571428571428571,0.8571428571428571,0.08191709344290879
3.0,implicit,0.8571428571428571,0.9285714285714285,0.043466621489798
3.0,implicit,0.8571428571428571,1.0,-0.023413695694918055
3.0,implicit,0.9285714285714285,0.0,-0.023413695694918055
3.0,implicit,0.9285714285714285,0.07142857142857142,0.025183935217906267
3.0,implicit,0.9285714285714285,0.14285714285714285,0.043466621489798005
3.0,implicit,0.9285714285714285,0.21428571428571427,0.06375027151338597
3.0,implicit,0.9285714285714285,0.2857142857142857,0.08415395703143086
3.0,implicit,0.9285714285714285,0.3571428571428571,0.1045572340181423
3.0,implicit,0.9285714285714285,0.42857142857142855,0.12483059857275929
3.0,implicit,0.9285714285714285,0.5,0.14231452168556472
3.0,implicit,0.9285714285714285,0.5714285714285714,0.12483059857275924
3.0,implicit,0.9285714285714285,0.6428571428571428,0.10455723401814221
3.0,implicit,0.9285714285714285,0.7142857142857142,0.08415395703143089
3.0,implicit,0.9285714285714285,0.7857142857142857,0.06375027151338598
3.0,implicit,0.9285714285714285,0.8571428571428571,0.04346662148979801
3.0,implicit,0.9285714285714285,0.9285714285714285,0.025183935217906288
3.0,implicit,0.9285714285714285,1.0,-0.023413695694918055
3.0,implicit,1.0,0.0,-0.023413695694918055
3.0,implicit,1.0,0.07142857142857142,-0.023413695694918055
3.0,implicit,1.0,0.14285714285714285,-0.023413695694918055
3.0,implicit,1.0,0.21428571428571427,-0.023413695694918055
3.0,implicit,1.0,0.2857142857142857,-0.023413695694918055
3.0,implicit,1.0,0.3571428571428571,-0.023413695694918055
3.0,implicit,1.0,0.42857142857142855,-0.023413695694918055
3.0,implicit,1.0,0.5,-0.023413695694918055
3.0,implicit,1.0,0.5714285714285714,-0.023413695694918055
3.0,implicit,1.0,0.6428571428571428,-0.023413695694918055
3.0,implicit,1.0,0.7142857142857142,-0.023413695694918055
3.0,implicit,1.0,0.7857142857142857,-0.023413695694918055
3.0,implicit,1.0,0.8571428571428571,-0.023413695694918055
3.0,implicit,1.0,0.9285714285714285,-0.023413695694918055
3.0,implicit,1.0,1.0,-0.023413695694918055
4.0,implicit,0.0,0.0,0.07674347291529088
4.0,implicit,0.0,0.07142857142857142,0.07674347291529088
4.0,implicit,0.0,0.14285714285714285,0.07674347291529088
4.0,implicit,0.0,0.21428571428571427,0.07674347291529088
4.0,implicit,0.0,0.2857142857142857,0.07674347291529088
4.0,implicit,0.0,0.3571428571428571,0.07674347291529088
4.0,implicit,0.0,0.42857142857142855,0.07674347291529088
4.0,implicit,0.0,0.5,0.07674347291529088
4.0,implicit,0.0,0.5714285714285714,0.07674347291529088
4.0,implicit,0.0,0.6428571428571428,0.07674347291529088
4.0,implicit,0.0,0.7142857142857142,0.07674347291529088
4.0,implicit,0.0,0.7857142857142857,0.07674347291529088
4.0,implicit,0.0,0.8571428571428571,0.07674347291529088
4.0,implicit,0.0,0.9285714285714285,0.07674347291529088
4.0,implicit,0.0,1.0,0.07674347291529088
4.0,implicit,0.07142857142857142,0.0,0.07674347291529088
4.0,implicit,0.07142857142857142,0.07142857142857142,0.030845661949138653
4.0,implicit,0.07142857142857142,0.14285714285714285,0.04652087697474503
4.0,implicit,0.07142857142857142,0.21428571428571427,0.06670045567033032
4.0,implicit,0.07142857142857142,0.2857142857142857,0.08709904329128491
4.0,implicit,0.07142857142857142,0.3571428571428571,0.10749713543848205
4.0,implicit,0.07142857142857142,0.42857142857142855,0.1276838724368862
4.0,implicit,0.07142857142857142,0.5,0.14433635107215653
4.0,implicit,0.07142857142857142,0.5714285714285714,0.12768387243688636
4.0,implicit,0.07142857142857142,0.6428571428571428,0.10749713543848208
4.0,implicit,0.07142857142857142,0.7142857142857142,0.08709904329128493
4.0,implicit,0.07142857142857142,0.7857142857142857,0.06670045567033032
4.0,implicit,0.07142857142857142,0.8571428571428571,0.04652087697474504
4.0,implicit,0.07142857142857142,0.9285714285714285,0.030845661949138677
4.0,implicit,0.07142857142857142,1.0,0.07674347291529088
4.0,implicit,0.14285714285714285,0.0,0.07674347291529088
4.0,implicit,0.14285714285714285,0.07142857142857142,0.04652087697474505
4.0,implicit,0.14285714285714285,0.14285714285714285,0.08216545888260775
4.0,implicit,0.14285714285714285,0.21428571428571427,0.12272710813443907
4.0,implicit,0.14285714285714285,0.2857142857142857,0.16353231823479022
4.0,implicit,0.14285714285714285,0.3571428571428571,0.20432877530962218
4.0,implicit,0.14285714285714285,0.42857142857142855,0.24470225721164218
4.0,implicit,0.14285714285714285,0.5,0.278007214473702
4.0,implicit,0.14285714285714285,0.5714285714285714,0.24470225721164204
4.0,implicit,0.14285714285714285,0.6428571428571428,0.2043287753096222
4.0,implicit,0.14285714285714285,0.7142857142857142,0.16353231823479028
4.0,implicit,0.14285714285714285,0.7857142857142857,0.12272710813443909
4.0,implicit,0.14285714285714285,0.8571428571428571,0.08216545888260778
4.0,implicit,0.14285714285714285,0.9285714285714285,0.046520876974745086
4.0,implicit,0.14285714285714285,1.0,0.07674347291529088
4.0,implicit,0.21428571428571427,0.0,0.07674347291529088
4.0,implicit,0.21428571428571427,0.07142857142857142,0.06670045567033023
4.0,implicit,0.21428571428571427,0.14285714285714285,0.122727108134439
4.0,implicit,0.21428571428571427,0.21428571428571427,0.18369514476790436
4.0,implicit,0.21428571428571427,0.2857142857142857,0.24490806351737077
4.0,implicit,0.21428571428571427,0.3571428571428571,0.3061029156545896
4.0,implicit,0.21428571428571427,0.42857142857142855,0.36666313305615
4.0,implicit,0.21428571428571427,0.5,0.4166205609202103
4.0,implicit,0.21428571428571427,0.5714285714285714,0.36666313305614945
4.0,implicit,0.21428571428571427,0.6428571428571428,0.3061029156545896
4.0,implicit,0.21428571428571427,0.7142857142857142,0.24490806351737082
4.0,implicit,0.21428571428571427,0.7857142857142857,0.18369514476790438
4.0,implicit,0.21428571428571427,0.8571428571428571,0.12272710813443907
4.0,implicit,0.21428571428571427,0.9285714285714285,0.0667004556703303
4.0,implicit,0.21428571428571427,1.0,0.07674347291529088
4.0,implicit,0.2857142857142857,0.0,0.07674347291529088
4.0,implicit,0.2857142857142857,0.07142857142857142,0.08709904329128483
4.0,implicit,0.2857142857142857,0.14285714285714285,0.16353231823479017
4.0,implicit,0.2857142857142857,0.21428571428571427,0.24490806351737066
4.0,implicit,0.2857142857142857,0.2857142857142857,0.3265284294312988
4.0,implicit,0.2857142857142857,0.3571428571428571,0.40812133610279466
4.0,implicit,0.2857142857142857,0.42857142857142855,0.48886795190173815
4.0,implicit,0.2857142857142857,0.5,0.555477592649792
4.0,implicit,0.2857142857142857,0.5714285714285714,0.4888679519017383
4.0,implicit,0.2857142857142857,0.6428571428571428,0.4081213361027948
4.0,implicit,0.2857142857142857,0.7142857142857142,0.3265284294312989
4.0,implicit,0.2857142857142857,0.7857142857142857,0.2449080635173707
4.0,implicit,0.2857142857142857,0.8571428571428571,0.16353231823479022
4.0,implicit,0.2857142857142857,0.9285714285714285,0.08709904329128491
4.0,implicit,0.2857142857142857,1.0,0.07674347291529088
4.0,implicit,0.3571428571428571,0.0,0.07674347291529088
4.0,implicit,0.3571428571428571,0.07142857142857142,0.107497135438482
4.0,implicit,0.3571428571428571,0.14285714285714285,0.2043287753096219
4.0,implicit,0.3571428571428571,0.21428571428571427,0.30610291565458925
4.0,implicit,0.3571428571428571,0.2857142857142857,0.4081213361027937
4.0,implicit,0.3571428571428571,0.3571428571428571,0.5101029092382897
4.0,implicit,0.3571428571428571,0.42857142857142855,0.6110266936051709
4.0,implicit,0.3571428571428571,0.5,0.6942813550981475
4.0,implicit,0.3571428571428571,0.5714285714285714,0.6110266936051706
4.0,implicit,0.3571428571428571,0.6428571428571428,0.5101029092382894
4.0,implicit,0.3571428571428571,0.7142857142857142,0.4081213361027938
4.0,implicit,0.3571428571428571,0.7857142857142857,0.30610291565458936
4.0,implicit,0.3571428571428571,0.8571428571428571,0.2043287753096219
4.0,implicit,0.3571428571428571,0.9285714285714285,0.10749713543848217
4.0,implicit,0.3571428571428571,1.0,0.07674347291529088
4.0,implicit,0.42857142857142855,0.0,0.07674347291529088
4.0,implicit,0.42857142857142855,0.07142857142857142,0.12768387243688634
4.0,implicit,0.42857142857142855,0.14285714285714285,0.24470225721164218
4.0,implicit,0.42857142857142855,0.21428571428571427,0.3666631330561493
4.0,implicit,0.42857142857142855,0.2857142857142857,0.48886795190173843
4.0,implicit,0.42857142857142855,0.3571428571428571,0.6110266936051714
4.0,implicit,0.42857142857142855,0.42857142857142855,0.7319191985058376
4.0,implicit,0.42857142857142855,0.5,0.8316531897421251
4.0,implicit,0.42857142857142855,0.5714285714285714,0.7319191985058365
4.0,implicit,0.42857142857142855,0.6428571428571428,0.6110266936051715
4.0,implicit,0.42857142857142855,0.7142857142857142,0.48886795190173826
4.0,implicit,0.42857142857142855,0.7857142857142857,0.3666631330561494
4.0,implicit,0.42857142857142855,0.8571428571428571,0.24470225721164232
4.0,implicit,0.42857142857142855,0.9285714285714285,0.12768387243688648
4.0,implicit,0.42857142857142855,1.0,0.07674347291529088
4.0,implicit,0.5,0.0,0.07674347291529088
4.0,implicit,0.5,0.07142857142857142,0.1443363510721565
4.0,implicit,0.5,0.14285714285714285,0.278007214473702
4.0,implicit,0.5,0.21428571428571427,0.4166205609202113
4.0,implicit,0.5,0.2857142857142857,0.5554775926497922
4.0,implicit,0.5,0.3571428571428571,0.6942813550981479
4.0,implicit,0.5,0.42857142857142855,0.8316531897421253
4.0,implicit,0.5,0.5,0.9450358218931618
4.0,implicit,0.5,0.5714285714285714,0.8316531897421258
4.0,implicit,0.5,0.6428571428571428,0.6942813550981463
4.0,implicit,0.5,0.7142857142857142,0.5554775926497915
4.0,implicit,0.5,0.7857142857142857,0.4166205609202116
4.0,implicit,0.5,0.8571428571428571,0.2780072144737022
4.0,implicit,0.5,0.9285714285714285,0.1443363510721566
4.0,implicit,0.5,1.0,0.07674347291529088
4.0,implicit,0.5714285714285714,0.0,0.07674347291529088
4.0,implicit,0.5714285714285714,0.07142857142857142,0.12768387243688623
4.0,implicit,0.5714285714285714,0.14285714285714285,0.244702257211642
4.0,implicit,0.5714285714285714,0.21428571428571427,0.3666631330561499
4.0,implicit,0.5714285714285714,0.2857142857142857,0.4888679519017382
4.0,implicit,0.5714285714285714,0.3571428571428571,0.6110266936051726
4.0,implicit,0.5714285714285714,0.42857142857142855,0.7319191985058375
4.0,implicit,0.5714285714285714,0.5,0.8316531897421263
4.0,implicit,0.5714285714285714,0.5714285714285714,0.7319191985058375
4.0,implicit,0.5714285714285714,0.6428571428571428,0.6110266936051727
4.0,implicit,0.5714285714285714,0.7142857142857142,0.48886795190173943
4.0,implicit,0.5714285714285714,0.7857142857142857,0.36666313305615006
4.0,implicit,0.5714285714285714,0.8571428571428571,0.24470225721164232
4.0,implicit,0.5714285714285714,0.9285714285714285,0.12768387243688636
4.0,implicit,0.5714285714285714,1.0,0.07674347291529088
4.0,implicit,0.6428571428571428,0.0,0.07674347291529088
4.0,implicit,0.6428571428571428,0.07142857142857142,0.10749713543848206
4.0,implicit,0.6428571428571428,0.14285714285714285,0.20432877530962254
4.0,implicit,0.6428571428571428,0.21428571428571427,0.30610291565458964
4.0,implicit,0.6428571428571428,0.2857142857142857,0.4081213361027947
4.0,implicit,0.6428571428571428,0.3571428571428571,0.5101029092382892
4.0,implicit,0.6428571428571428,0.42857142857142855,0.6110266936051721
4.0,implicit,0.6428571428571428,0.5,0.6942813550981467
4.0,implicit,0.6428571428571428,0.5714285714285714,0.6110266936051726
4.0,implicit,0.6428571428571428,0.6428571428571428,0.51010290923829
4.0,implicit,0.6428571428571428,0.7142857142857142,0.40812133610279483
4.0,implicit,0.6428571428571428,0.7857142857142857,0.30610291565458964
4.0,implicit,0.6428571428571428,0.8571428571428571,0.20432877530962218
4.0,implicit,0.6428571428571428,0.9285714285714285,0.10749713543848212
4.0,implicit,0.6428571428571428,1.0,0.07674347291529088
4.0,implicit,0.7142857142857142,0.0,0.07674347291529088
4.0,implicit,0.7142857142857142,0.07142857142857142,0.08709904329128493
4.0,implicit,0.7142857142857142,0.14285714285714285,0.16353231823479028
4.0,implicit,0.7142857142857142,0.21428571428571427,0.24490806351737085
4.0,implicit,0.7142857142857142,0.2857142857142857,0.3265284294312989
4.0,implicit,0.7142857142857142,0.3571428571428571,0.40812133610279433
4.0,implicit,0.7142857142857142,0.42857142857142855,0.4888679519017383
4.0,implicit,0.7142857142857142,0.5,0.5554775926497928
4.0,implicit,0.7142857142857142,0.5714285714285714,0.48886795190173804
4.0,implicit,0.7142857142857142,0.6428571428571428,0.4081213361027943
4.0,implicit,0.7142857142857142,0.7142857142857142,0.32652842943129895
4.0,implicit,0.7142857142857142,0.7857142857142857,0.24490806351737085
4.0,implicit,0.7142857142857142,0.8571428571428571,0.1635323182347903
4.0,implicit,0.7142857142857142,0.9285714285714285,0.087099043291285
4.0,implicit,0.7142857142857142,1.0,0.07674347291529088
4.0,implicit,0.7857142857142857,0.0,0.07674347291529088
4.0,implicit,0.7857142857142857,0.07142857142857142,0.06670045567033032
4.0,implicit,0.7857142857142857,0.14285714285714285,0.12272710813443909
4.0,implicit,0.7857142857142857,0.21428571428571427,0.18369514476790438
4.0,implicit,0.7857142857142857,0.2857142857142857,0.2449080635173707
4.0,implicit,0.7857142857142857,0.3571428571428571,0.3061029156545894
4.0,implicit,0.7857142857142857,0.42857142857142855,0.3666631330561495
4.0,implicit,0.7857142857142857,0.5,0.4166205609202111
4.0,implicit,0.7857142857142857,0.5714285714285714,0.3666631330561493
4.0,implicit,0.7857142857142857,0.6428571428571428,0.3061029156545894
4.0,implicit,0.7857142857142857,0.7142857142857142,0.24490806351737077
4.0,implicit,0.7857142857142857,0.7857142857142857,0.18369514476790447
4.0,implicit,0.7857142857142857,0.8571428571428571,0.12272710813443913
4.0,implicit,0.7857142857142857,0.9285714285714285,0.06670045567033037
4.0,implicit,0.7857142857142857,1.0,0.07674347291529088
4.0,implicit,0.8571428571428571,0.0,0.07674347291529088
4.0,implicit,0.8571428571428571,0.07142857142857142,0.04652087697474504
4.0,implicit,0.8571428571428571,0.14285714285714285,0.08216545888260778
4.0,implicit,0.8571428571428571,0.21428571428571427,0.12272710813443907
4.0,implicit,0.8571428571428571,0.2857142857142857,0.16353231823479022
4.0,implicit,0.8571428571428571,0.3571428571428571,0.2043287753096219
4.0,implicit,0.8571428571428571,0.42857142857142855,0.24470225721164235
4.0,implicit,0.8571428571428571,0.5,0.27800721447370214
4.0,implicit,0.8571428571428571,0.5714285714285714,0.24470225721164202
4.0,implicit,0.8571428571428571,0.6428571428571428,0.20432877530962223
4.0,implicit,0.8571428571428571,0.7142857142857142,0.1635323182347903
4.0,implicit,0.8571428571428571,0.7857142857142857,0.1227271081344391
4.0,implicit,0.8571428571428571,0.8571428571428571,0.08216545888260779
4.0,implicit,0.8571428571428571,0.9285714285714285,0.04652087697474508
4.0,implicit,0.8571428571428571,1.0,0.07674347291529088
4.0,implicit,0.9285714285714285,0.0,0.07674347291529088
4.0,implicit,0.9285714285714285,0.07142857142857142,0.030845661949138677
4.0,implicit,0.9285714285714285,0.14285714285714285,0.046520876974745086
4.0,implicit,0.9285714285714285,0.21428571428571427,0.0667004556703303
4.0,implicit,0.9285714285714285,0.2857142857142857,0.08709904329128491
4.0,implicit,0.9285714285714285,0.3571428571428571,0.1074971354384822
4.0,implicit,0.9285714285714285,0.42857142857142855,0.1276838724368865
4.0,implicit,0.9285714285714285,0.5,0.1443363510721566
4.0,implicit,0.9285714285714285,0.5714285714285714,0.12768387243688645
4.0,implicit,0.9285714285714285,0.6428571428571428,0.10749713543848208
4.0,implicit,0.9285714285714285,0.7142857142857142,0.08709904329128491
4.0,implicit,0.9285714285714285,0.7857142857142857,0.06670045567033031
4.0,implicit,0.9285714285714285,0.8571428571428571,0.0465208769747451
4.0,implicit,0.9285714285714285,0.9285714285714285,0.03084566194913869
4.0,implicit,0.9285714285714285,1.0,0.07674347291529088
4.0,implicit,1.0,0.0,0.07674347291529088
4.0,implicit,1.0,0.07142857142857142,0.07674347291529088
4.0,implicit,1.0,0.14285714285714285,0.07674347291529088
4.0,implicit,1.0,0.21428571428571427,0.07674347291529088
4.0,implicit,1.0,0.2857142857142857,0.07674347291529088
4.0,implicit,1.0,0.3571428571428571,0.07674347291529088
4.0,implicit,1.0,0.42857142857142855,0.07674347291529088
4.0,implicit,1.0,0.5,0.07674347291529088
4.0,implicit,1.0,0.5714285714285714,0.07674347291529088
4.0,implicit,1.0,0.6428571428571428,0.07674347291529088
4.0,implicit,1.0,0.7142857142857142,0.07674347291529088
4.0,implicit,1.0,0.7857142857142857,0.07674347291529088
4.0,implicit,1.0,0.8571428571428571,0.07674347291529088
4.0,implicit,1.0,0.9285714285714285,0.07674347291529088
4.0,implicit,1.0,1.0,0.07674347291529088
5.0,implicit,0.0,0.0,-0.04694743859349521
5.0,implicit,0.0,0.07142857142857142,-0.04694743859349521
5.0,implicit,0.0,0.14285714285714285,-0.04694743859349521
5.0,implicit,0.0,0.21428571428571427,-0.04694743859349521
5.0,implicit,0.0,0.2857142857142857,-0.04694743859349521
5.0,implicit,0.0,0.3571428571428571,-0.04694743859349521
5.0,implicit,0.0,0.42857142857142855,-0.04694743859349521
5.0,implicit,0.0,0.5,-0.04694743859349521
5.0,implicit,0.0,0.5714285714285714,-0.04694743859349521
5.0,implicit,0.0,0.6428571428571428,-0.04694743859349521
5.0,implicit,0.0,0.7142857142857142,-0.04694743859349521
5.0,implicit,0.0,0.7857142857142857,-0.04694743859349521
5.0,implicit,0.0,0.8571428571428571,-0.04694743859349521
5.0,implicit,0.0,0.9285714285714285,-0.04694743859349521
5.0,implicit,0.0,1.0,-0.04694743859349521
5.0,implicit,0.07142857142857142,0.0,-0.04694743859349521
5.0,implicit,0.07142857142857142,0.07142857142857142,0.029214057669168528
5.0,implicit,0.07142857142857142,0.14285714285714285,0.04579900783870389
5.0,implicit,0.07142857142857142,0.21428571428571427,0.06593668842487121
5.0,implicit,0.07142857142857142,0.2857142857142857,0.08633188781127785
5.0,implicit,0.07142857142857142,0.3571428571428571,0.10672646910853775
5.0,implicit,0.07142857142857142,0.42857142857142855,0.1268636430229658
5.0,implicit,0.07142857142857142,0.5,0.1431238952268707
5.0,implicit,0.07142857142857142,0.5714285714285714,0.12686364302296596
5.0,implicit,0.07142857142857142,0.6428571428571428,0.10672646910853781
5.0,implicit,0.07142857142857142,0.7142857142857142,0.08633188781127786
5.0,implicit,0.07142857142857142,0.7857142857142857,0.06593668842487121
5.0,implicit,0.07142857142857142,0.8571428571428571,0.0457990078387039
5.0,implicit,0.07142857142857142,0.9285714285714285,0.02921405766916855
5.0,implicit,0.07142857142857142,1.0,-0.04694743859349521
5.0,implicit,0.14285714285714285,0.0,-0.04694743859349521
5.0,implicit,0.14285714285714285,0.07142857142857142,0.045799007838703915
5.0,implicit,0.14285714285714285,0.14285714285714285,0.08227593414672131
5.0,implicit,0.14285714285714285,0.21428571428571427,0.12278676422994374
5.0,implicit,0.14285714285714285,0.2857142857142857,0.16358786328732408
5.0,implicit,0.14285714285714285,0.3571428571428571,0.20437742419191077
5.0,implicit,0.14285714285714285,0.42857142857142855,0.24465178449587047
5.0,implicit,0.14285714285714285,0.5,0.27717228889644496
5.0,implicit,0.14285714285714285,0.5714285714285714,0.24465178449587038
5.0,implicit,0.14285714285714285,0.6428571428571428,0.20437742419191077
5.0,implicit,0.14285714285714285,0.7142857142857142,0.16358786328732414
5.0,implicit,0.14285714285714285,0.7857142857142857,0.12278676422994375
5.0,implicit,0.14285714285714285,0.8571428571428571,0.08227593414672134
5.0,implicit,0.14285714285714285,0.9285714285714285,0.04579900783870395
5.0,implicit,0.14285714285714285,1.0,-0.04694743859349521
5.0,implicit,0.21428571428571427,0.0,-0.04694743859349521
5.0,implicit,0.21428571428571427,0.07142857142857142,0.06593668842487112
5.0,implicit,0.21428571428571427,0.14285714285714285,0.12278676422994368
5.0,implicit,0.21428571428571427,0.21428571428571427,0.18370314718314662
5.0,implicit,0.21428571428571427,0.2857142857142857,0.24491173104951877
5.0,implicit,0.21428571428571427,0.3571428571428571,0.30609631924246283
5.0,implicit,0.21428571428571427,0.42857142857142855,0.3665078512644367
5.0,implicit,0.21428571428571427,0.5,0.4152885954413645
5.0,implicit,0.21428571428571427,0.5714285714285714,0.366507851264436
5.0,implicit,0.21428571428571427,0.6428571428571428,0.30609631924246283
5.0,implicit,0.21428571428571427,0.7142857142857142,0.24491173104951883
5.0,implicit,0.21428571428571427,0.7857142857142857,0.18370314718314665
5.0,implicit,0.21428571428571427,0.8571428571428571,0.12278676422994374
5.0,implicit,0.21428571428571427,0.9285714285714285,0.06593668842487119
5.0,implicit,0.21428571428571427,1.0,-0.04694743859349521
5.0,implicit,0.2857142857142857,0.0,-0.04694743859349521
5.0,implicit,0.2857142857142857,0.07142857142857142,0.08633188781127775
5.0,implicit,0.2857142857142857,0.14285714285714285,0.16358786328732403
5.0,implicit,0.2857142857142857,0.21428571428571427,0.24491173104951863
5.0,implicit,0.2857142857142857,0.2857142857142857,0.3265274276855612
5.0,implicit,0.2857142857142857,0.3571428571428571,0.40810654648723205
5.0,implicit,0.2857142857142857,0.42857142857142855,0.4886547591335993
5.0,implicit,0.2857142857142857,0.5,0.5536953746667037
5.0,implicit,0.2857142857142857,0.5714285714285714,0.4886547591335995
5.0,implicit,0.2857142857142857,0.6428571428571428,0.40810654648723216
5.0,implicit,0.2857142857142857,0.7142857142857142,0.3265274276855613
5.0,implicit,0.2857142857142857,0.7857142857142857,0.2449117310495187
5.0,implicit,0.2857142857142857,0.8571428571428571,0.16358786328732408
5.0,implicit,0.2857142857142857,0.9285714285714285,0.08633188781127782
5.0,implicit,0.2857142857142857,1.0,-0.04694743859349521
5.0,implicit,0.3571428571428571,0.0,-0.04694743859349521
5.0,implicit,0.3571428571428571,0.07142857142857142,0.10672646910853772
5.0,implicit,0.3571428571428571,0.14285714285714285,0.20437742419191038
5.0,implicit,0.3571428571428571,0.21428571428571427,0.30609631924246244
5.0,implicit,0.3571428571428571,0.2857142857142857,0.408106546487231
5.0,implicit,0.3571428571428571,0.3571428571428571,0.5100676211695265
5.0,implicit,0.3571428571428571,0.42857142857142855,0.61074018412075
5.0,implicit,0.3571428571428571,0.5,0.6920312480450073
5.0,implicit,0.3571428571428571,0.5714285714285714,0.6107401841207496
5.0,implicit,0.3571428571428571,0.6428571428571428,0.5100676211695262
5.0,implicit,0.3571428571428571,0.7142857142857142,0.40810654648723105
5.0,implicit,0.3571428571428571,0.7857142857142857,0.30609631924246256
5.0,implicit,0.3571428571428571,0.8571428571428571,0.2043774241919104
5.0,implicit,0.3571428571428571,0.9285714285714285,0.10672646910853792
5.0,implicit,0.3571428571428571,1.0,-0.04694743859349521
5.0,implicit,0.42857142857142855,0.0,-0.04694743859349521
5.0,implicit,0.42857142857142855,0.07142857142857142,0.12686364302296596
5.0,implicit,0.42857142857142855,0.14285714285714285,0.2446517844958705
5.0,implicit,0.42857142857142855,0.21428571428571427,0.36650785126443597
5.0,implicit,0.42857142857142855,0.2857142857142857,0.4886547591335997
5.0,implicit,0.42857142857142855,0.3571428571428571,0.6107401841207505
5.0,implicit,0.42857142857142855,0.42857142857142855,0.7312838417347163
5.0,implicit,0.42857142857142855,0.5,0.8286280248039188
5.0,implicit,0.42857142857142855,0.5714285714285714,0.7312838417347152
5.0,implicit,0.42857142857142855,0.6428571428571428,0.6107401841207505
5.0,implicit,0.42857142857142855,0.7142857142857142,0.4886547591335993
5.0,implicit,0.42857142857142855,0.7857142857142857,0.36650785126443614
5.0,implicit,0.42857142857142855,0.8571428571428571,0.24465178449587066
5.0,implicit,0.42857142857142855,0.9285714285714285,0.1268636430229661
5.0,implicit,0.42857142857142855,1.0,-0.04694743859349521
5.0,implicit,0.5,0.0,-0.04694743859349521
5.0,implicit,0.5,0.07142857142857142,0.14312389522687066
5.0,implicit,0.5,0.14285714285714285,0.27717228889644496
5.0,implicit,0.5,0.21428571428571427,0.4152885954413656
5.0,implicit,0.5,0.2857142857142857,0.5536953746667039
5.0,implicit,0.5,0.3571428571428571,0.6920312480450077
5.0,implicit,0.5,0.42857142857142855,0.8286280248039188
5.0,implicit,0.5,0.5,0.9389908759508582
5.0,implicit,0.5,0.5714285714285714,0.8286280248039194
5.0,implicit,0.5,0.6428571428571428,0.6920312480450062
5.0,implicit,0.5,0.7142857142857142,0.5536953746667029
5.0,implicit,0.5,0.7857142857142857,0.41528859544136587
5.0,implicit,0.5,0.8571428571428571,0.27717228889644524
5.0,implicit,0.5,0.9285714285714285,0.14312389522687077
5.0,implicit,0.5,1.0,-0.04694743859349521
5.0,implicit,0.5714285714285714,0.0,-0.04694743859349521
5.0,implicit,0.5714285714285714,0.07142857142857142,0.1268636430229658
5.0,implicit,0.5714285714285714,0.14285714285714285,0.2446517844958703
5.0,implicit,0.5714285714285714,0.21428571428571427,0.3665078512644365
5.0,implicit,0.5714285714285714,0.2857142857142857,0.4886547591335993
5.0,implicit,0.5714285714285714,0.3571428571428571,0.6107401841207514
5.0,implicit,0.5714285714285714,0.42857142857142855,0.7312838417347162
5.0,implicit,0.5714285714285714,0.5,0.8286280248039203
5.0,implicit,0.5714285714285714,0.5714285714285714,0.7312838417347164
5.0,implicit,0.5714285714285714,0.6428571428571428,0.6107401841207518
5.0,implicit,0.5714285714285714,0.7142857142857142,0.48865475913360074
5.0,implicit,0.5714285714285714,0.7857142857142857,0.3665078512644366
5.0,implicit,0.5714285714285714,0.8571428571428571,0.24465178449587058
5.0,implicit,0.5714285714285714,0.9285714285714285,0.12686364302296596
5.0,implicit,0.5714285714285714,1.0,-0.04694743859349521
5.0,implicit,0.6428571428571428,0.0,-0.04694743859349521
5.0,implicit,0.6428571428571428,0.07142857142857142,0.1067264691085378
5.0,implicit,0.6428571428571428,0.14285714285714285,0.20437742419191118
5.0,implicit,0.6428571428571428,0.21428571428571427,0.3060963192424629
5.0,implicit,0.6428571428571428,0.2857142857142857,0.4081065464872321
5.0,implicit,0.6428571428571428,0.3571428571428571,0.5100676211695259
5.0,implicit,0.6428571428571428,0.42857142857142855,0.6107401841207509
5.0,implicit,0.6428571428571428,0.5,0.6920312480450065
5.0,implicit,0.6428571428571428,0.5714285714285714,0.6107401841207516
5.0,implicit,0.6428571428571428,0.6428571428571428,0.510067621169527
5.0,implicit,0.6428571428571428,0.7142857142857142,0.4081065464872322
5.0,implicit,0.6428571428571428,0.7857142857142857,0.3060963192424629
5.0,implicit,0.6428571428571428,0.8571428571428571,0.20437742419191068
5.0,implicit,0.6428571428571428,0.9285714285714285,0.10672646910853782
5.0,implicit,0.6428571428571428,1.0,-0.04694743859349521
5.0,implicit,0.7142857142857142,0.0,-0.04694743859349521
5.0,implicit,0.7142857142857142,0.07142857142857142,0.08633188781127786
5.0,implicit,0.7142857142857142,0.14285714285714285,0.16358786328732414
5.0,implicit,0.7142857142857142,0.21428571428571427,0.24491173104951885
5.0,implicit,0.7142857142857142,0.2857142857142857,0.3265274276855613
5.0,implicit,0.7142857142857142,0.3571428571428571,0.4081065464872316
5.0,implicit,0.7142857142857142,0.42857142857142855,0.4886547591335994
5.0,implicit,0.7142857142857142,0.5,0.5536953746667046
5.0,implicit,0.7142857142857142,0.5714285714285714,0.48865475913359907
5.0,implicit,0.7142857142857142,0.6428571428571428,0.40810654648723155
5.0,implicit,0.7142857142857142,0.7142857142857142,0.32652742768556137
5.0,implicit,0.7142857142857142,0.7857142857142857,0.24491173104951885
5.0,implicit,0.7142857142857142,0.8571428571428571,0.16358786328732416
5.0,implicit,0.7142857142857142,0.9285714285714285,0.08633188781127792
5.0,implicit,0.7142857142857142,1.0,-0.04694743859349521
5.0,implicit,0.7857142857142857,0.0,-0.04694743859349521
5.0,implicit,0.7857142857142857,0.07142857142857142,0.06593668842487121
5.0,implicit,0.7857142857142857,0.14285714285714285,0.12278676422994375
5.0,implicit,0.7857142857142857,0.21428571428571427,0.18370314718314665
5.0,implicit,0.7857142857142857,0.2857142857142857,0.2449117310495187
5.0,implicit,0.7857142857142857,0.3571428571428571,0.3060963192424626
5.0,implicit,0.7857142857142857,0.42857142857142855,0.3665078512644362
5.0,implicit,0.7857142857142857,0.5,0.41528859544136537
5.0,implicit,0.7857142857142857,0.5714285714285714,0.3665078512644359
5.0,implicit,0.7857142857142857,0.6428571428571428,0.3060963192424626
5.0,implicit,0.7857142857142857,0.7142857142857142,0.24491173104951874
5.0,implicit,0.7857142857142857,0.7857142857142857,0.18370314718314673
5.0,implicit,0.7857142857142857,0.8571428571428571,0.12278676422994379
5.0,implicit,0.7857142857142857,0.9285714285714285,0.06593668842487126
5.0,implicit,0.7857142857142857,1.0,-0.04694743859349521
5.0,implicit,0.8571428571428571,0.0,-0.04694743859349521
5.0,implicit,0.8571428571428571,0.07142857142857142,0.0457990078387039
5.0,implicit,0.8571428571428571,0.14285714285714285,0.08227593414672134
5.0,implicit,0.8571428571428571,0.21428571428571427,0.12278676422994374
5.0,implicit,0.8571428571428571,0.2857142857142857,0.16358786328732408
5.0,implicit,0.8571428571428571,0.3571428571428571,0.2043774241919104
5.0,implicit,0.8571428571428571,0.42857142857142855,0.24465178449587066
5.0,implicit,0.8571428571428571,0.5,0.27717228889644513
5.0,implicit,0.8571428571428571,0.5714285714285714,0.24465178449587027
5.0,implicit,0.8571428571428571,0.6428571428571428,0.2043774241919107
5.0,implicit,0.8571428571428571,0.7142857142857142,0.1635878632873242
5.0,implicit,0.8571428571428571,0.7857142857142857,0.12278676422994378
5.0,implicit,0.8571428571428571,0.8571428571428571,0.08227593414672135
5.0,implicit,0.8571428571428571,0.9285714285714285,0.04579900783870394
5.0,implicit,0.8571428571428571,1.0,-0.04694743859349521
5.0,implicit,0.9285714285714285,0.0,-0.04694743859349521
5.0,implicit,0.9285714285714285,0.07142857142857142,0.02921405766916855
5.0,implicit,0.9285714285714285,0.14285714285714285,0.04579900783870395
5.0,implicit,0.9285714285714285,0.21428571428571427,0.06593668842487119
5.0,implicit,0.9285714285714285,0.2857142857142857,0.08633188781127782
5.0,implicit,0.9285714285714285,0.3571428571428571,0.10672646910853796
5.0,implicit,0.9285714285714285,0.42857142857142855,0.12686364302296613
5.0,implicit,0.9285714285714285,0.5,0.14312389522687077
5.0,implicit,0.9285714285714285,0.5714285714285714,0.12686364302296604
5.0,implicit,0.9285714285714285,0.6428571428571428,0.10672646910853782
5.0,implicit,0.9285714285714285,0.7142857142857142,0.08633188781127782
5.0,implicit,0.9285714285714285,0.7857142857142857,0.0659366884248712
5.0,implicit,0.9285714285714285,0.8571428571428571,0.04579900783870396
5.0,implicit,0.9285714285714285,0.9285714285714285,0.029214057669168562
5.0,implicit,0.9285714285714285,1.0,-0.04694743859349521
5.0,implicit,1.0,0.0,-0.04694743859349521
5.0,implicit,1.0,0.07142857142857142,-0.04694743859349521
5.0,implicit,1.0,0.14285714285714285,-0.04694743859349521
5.0,implicit,1.0,0.21428571428571427,-0.04694743859349521
5.0,implicit,1.0,0.2857142857142857,-0.04694743859349521
5.0,implicit,1.0,0.3571428571428571,-0.04694743859349521
5.0,implicit,1.0,0.42857142857142855,-0.04694743859349521
5.0,implicit,1.0,0.5,-0.04694743859349521
5.0,implicit,1.0,0.5714285714285714,-0.04694743859349521
5.0,implicit,1.0,0.6428571428571428,-0.04694743859349521
5.0,implicit,1.0,0.7142857142857142,-0.04694743859349521
5.0,implicit,1.0,0.7857142857142857,-0.04694743859349521
5.0,implicit,1.0,0.8571428571428571,-0.04694743859349521
5.0,implicit,1.0,0.9285714285714285,-0.04694743859349521
5.0,implicit,1.0,1.0,-0.04694743859349521
6.0,implicit,0.0,0.0,-0.046341769281246226
6.0,implicit,0.0,0.07142857142857142,-0.046341769281246226
6.0,implicit,0.0,0.14285714285714285,-0.046341769281246226
6.0,implicit,0.0,0.21428571428571427,-0.046341769281246226
6.0,implicit,0.0,0.2857142857142857,-0.046341769281246226
6.0,implicit,0.0,0.3571428571428571,-0.046341769281246226
6.0,implicit,0.0,0.42857142857142855,-0.046341769281246226
6.0,implicit,0.0,0.5,-0.046341769281246226
6.0,implicit,0.0,0.5714285714285714,-0.046341769281246226
6.0,implicit,0.0,0.6428571428571428,-0.046341769281246226
6.0,implicit,0.0,0.7142857142857142,-0.046341769281246226
6.0,implicit,0.0,0.7857142857142857,-0.046341769281246226
6.0,implicit,0.0,0.8571428571428571,-0.046341769281246226
6.0,implicit,0.0,0.9285714285714285,-0.046341769281246226
6.0,implicit,0.0,1.0,-0.046341769281246226
6.0,implicit,0.07142857142857142,0.0,-0.046341769281246226
6.0,implicit,0.07142857142857142,0.07142857142857142,0.02872205806725446
6.0,implicit,0.07142857142857142,0.14285714285714285,0.045736435928392695
6.0,implicit,0.07142857142857142,0.21428571428571427,0.06579468257088847
6.0,implicit,0.07142857142857142,0.2857142857142857,0.08618166108115478
6.0,implicit,0.07142857142857142,0.3571428571428571,0.10656718526733643
6.0,implicit,0.07142857142857142,0.42857142857142855,0.12659421699403303
6.0,implicit,0.07142857142857142,0.5,0.14211371383032279
6.0,implicit,0.07142857142857142,0.5714285714285714,0.1265942169940332
6.0,implicit,0.07142857142857142,0.6428571428571428,0.10656718526733645
6.0,implicit,0.07142857142857142,0.7142857142857142,0.08618166108115481
6.0,implicit,0.07142857142857142,0.7857142857142857,0.06579468257088847
6.0,implicit,0.07142857142857142,0.8571428571428571,0.0457364359283927
6.0,implicit,0.07142857142857142,0.9285714285714285,0.02872205806725448
6.0,implicit,0.07142857142857142,1.0,-0.046341769281246226
6.0,implicit,0.14285714285714285,0.0,-0.046341769281246226
6.0,implicit,0.14285714285714285,0.07142857142857142,0.04573643592839272
6.0,implicit,0.14285714285714285,0.14285714285714285,0.08249926423285617
6.0,implicit,0.14285714285714285,0.21428571428571427,0.12290958950957288
6.0,implicit,0.14285714285714285,0.2857142857142857,0.16370040374433714
6.0,implicit,0.14285714285714285,0.3571428571428571,0.20447220048637035
6.0,implicit,0.14285714285714285,0.42857142857142855,0.24452629104116078
6.0,implicit,0.14285714285714285,0.5,0.27556528472182923
6.0,implicit,0.14285714285714285,0.5714285714285714,0.24452629104116066
6.0,implicit,0.14285714285714285,0.6428571428571428,0.20447220048637021
6.0,implicit,0.14285714285714285,0.7142857142857142,0.1637004037443372
6.0,implicit,0.14285714285714285,0.7857142857142857,0.12290958950957291
6.0,implicit,0.14285714285714285,0.8571428571428571,0.0824992642328562
6.0,implicit,0.14285714285714285,0.9285714285714285,0.04573643592839276
6.0,implicit,0.14285714285714285,1.0,-0.046341769281246226
6.0,implicit,0.21428571428571427,0.0,-0.046341769281246226
6.0,implicit,0.21428571428571427,0.07142857142857142,0.06579468257088836
6.0,implicit,0.21428571428571427,0.14285714285714285,0.12290958950957287
6.0,implicit,0.21428571428571427,0.21428571428571427,0.18372310364964264
6.0,implicit,0.21428571428571427,0.2857142857142857,0.24492072774992027
6.0,implicit,0.21428571428571427,0.3571428571428571,0.3060789007447311
6.0,implicit,0.21428571428571427,0.42857142857142855,0.3661600185487592
6.0,implicit,0.21428571428571427,0.5,0.4127184827585606
6.0,implicit,0.21428571428571427,0.5714285714285714,0.36616001854875846
6.0,implicit,0.21428571428571427,0.6428571428571428,0.3060789007447311
6.0,implicit,0.21428571428571427,0.7142857142857142,0.24492072774992033
6.0,implicit,0.21428571428571427,0.7857142857142857,0.18372310364964267
6.0,implicit,0.21428571428571427,0.8571428571428571,0.12290958950957293
6.0,implicit,0.21428571428571427,0.9285714285714285,0.06579468257088843
6.0,implicit,0.21428571428571427,1.0,-0.046341769281246226
6.0,implicit,0.2857142857142857,0.0,-0.046341769281246226
6.0,implicit,0.2857142857142857,0.07142857142857142,0.08618166108115467
6.0,implicit,0.2857142857142857,0.14285714285714285,0.16370040374433706
6.0,implicit,0.2857142857142857,0.21428571428571427,0.2449207277499202
6.0,implicit,0.2857142857142857,0.2857142857142857,0.32652448254066047
6.0,implicit,0.2857142857142857,0.3571428571428571,0.40806808225635677
6.0,implicit,0.2857142857142857,0.42857142857142855,0.4881752908095755
6.0,implicit,0.2857142857142857,0.5,0.5502525480675592
6.0,implicit,0.2857142857142857,0.5714285714285714,0.4881752908095758
6.0,implicit,0.2857142857142857,0.6428571428571428,0.40806808225635677
6.0,implicit,0.2857142857142857,0.7142857142857142,0.3265244825406606
6.0,implicit,0.2857142857142857,0.7857142857142857,0.24492072774992024
6.0,implicit,0.2857142857142857,0.8571428571428571,0.16370040374433711
6.0,implicit,0.2857142857142857,0.9285714285714285,0.08618166108115474
6.0,implicit,0.2857142857142857,1.0,-0.046341769281246226
6.0,implicit,0.3571428571428571,0.0,-0.046341769281246226
6.0,implicit,0.3571428571428571,0.07142857142857142,0.10656718526733636
6.0,implicit,0.3571428571428571,0.14285714285714285,0.20447220048636972
6.0,implicit,0.3571428571428571,0.21428571428571427,0.3060789007447306
6.0,implicit,0.3571428571428571,0.2857142857142857,0.4080680822563555
6.0,implicit,0.3571428571428571,0.3571428571428571,0.50997642205305
6.0,implicit,0.3571428571428571,0.42857142857142855,0.6100895501990969
6.0,implicit,0.3571428571428571,0.5,0.68767075278134
6.0,implicit,0.3571428571428571,0.5714285714285714,0.6100895501990963
6.0,implicit,0.3571428571428571,0.6428571428571428,0.5099764220530497
6.0,implicit,0.3571428571428571,0.7142857142857142,0.4080680822563555
6.0,implicit,0.3571428571428571,0.7857142857142857,0.3060789007447307
6.0,implicit,0.3571428571428571,0.8571428571428571,0.20447220048636974
6.0,implicit,0.3571428571428571,0.9285714285714285,0.10656718526733654
6.0,implicit,0.3571428571428571,1.0,-0.046341769281246226
6.0,implicit,0.42857142857142855,0.0,-0.046341769281246226
6.0,implicit,0.42857142857142855,0.07142857142857142,0.1265942169940333
6.0,implicit,0.42857142857142855,0.14285714285714285,0.24452629104116083
6.0,implicit,0.42857142857142855,0.21428571428571427,0.3661600185487583
6.0,implicit,0.42857142857142855,0.2857142857142857,0.4881752908095758
6.0,implicit,0.42857142857142855,0.3571428571428571,0.6100895501990975
6.0,implicit,0.42857142857142855,0.42857142857142855,0.7298577358614218
6.0,implicit,0.42857142857142855,0.5,0.822679818229371
6.0,implicit,0.42857142857142855,0.5714285714285714,0.7298577358614204
6.0,implicit,0.42857142857142855,0.6428571428571428,0.610089550199097
6.0,implicit,0.42857142857142855,0.7142857142857142,0.4881752908095755
6.0,implicit,0.42857142857142855,0.7857142857142857,0.36616001854875835
6.0,implicit,0.42857142857142855,0.8571428571428571,0.2445262910411611
6.0,implicit,0.42857142857142855,0.9285714285714285,0.12659421699403345
6.0,implicit,0.42857142857142855,1.0,-0.046341769281246226
6.0,implicit,0.5,0.0,-0.046341769281246226
6.0,implicit,0.5,0.07142857142857142,0.14211371383032276
6.0,implicit,0.5,0.14285714285714285,0.2755652847218293
6.0,implicit,0.5,0.21428571428571427,0.4127184827585619
6.0,implicit,0.5,0.2857142857142857,0.5502525480675595
6.0,implicit,0.5,0.3571428571428571,0.6876707527813405
6.0,implicit,0.5,0.42857142857142855,0.8226798182293709
6.0,implicit,0.5,0.5,0.9273702713479569
6.0,implicit,0.5,0.5714285714285714,0.8226798182293716
6.0,implicit,0.5,0.6428571428571428,0.6876707527813389
6.0,implicit,0.5,0.7142857142857142,0.5502525480675582
6.0,implicit,0.5,0.7857142857142857,0.4127184827585621
6.0,implicit,0.5,0.8571428571428571,0.27556528472182956
6.0,implicit,0.5,0.9285714285714285,0.14211371383032287
6.0,implicit,0.5,1.0,-0.046341769281246226
6.0,implicit,0.5714285714285714,0.0,-0.046341769281246226
6.0,implicit,0.5714285714285714,0.07142857142857142,0.12659421699403303
6.0,implicit,0.5714285714285714,0.14285714285714285,0.24452629104116064
6.0,implicit,0.5714285714285714,0.21428571428571427,0.36616001854875924
6.0,implicit,0.5714285714285714,0.2857142857142857,0.48817529080957567
6.0,implicit,0.5714285714285714,0.3571428571428571,0.6100895501990983
6.0,implicit,0.5714285714285714,0.42857142857142855,0.7298577358614212
6.0,implicit,0.5714285714285714,0.5,0.8226798182293725
6.0,implicit,0.5714285714285714,0.5714285714285714,0.7298577358614214
6.0,implicit,0.5714285714285714,0.6428571428571428,0.6100895501990987
6.0,implicit,0.5714285714285714,0.7142857142857142,0.48817529080957717
6.0,implicit,0.5714285714285714,0.7857142857142857,0.3661600185487589
6.0,implicit,0.5714285714285714,0.8571428571428571,0.2445262910411609
6.0,implicit,0.5714285714285714,0.9285714285714285,0.12659421699403317
6.0,implicit,0.5714285714285714,1.0,-0.046341769281246226
6.0,implicit,0.6428571428571428,0.0,-0.046341769281246226
6.0,implicit,0.6428571428571428,0.07142857142857142,0.10656718526733641
6.0,implicit,0.6428571428571428,0.14285714285714285,0.2044722004863707
6.0,implicit,0.6428571428571428,0.21428571428571427,0.30607890074473115
6.0,implicit,0.6428571428571428,0.2857142857142857,0.4080680822563568
6.0,implicit,0.6428571428571428,0.3571428571428571,0.5099764220530496
6.0,implicit,0.6428571428571428,0.42857142857142855,0.6100895501990978
6.0,implicit,0.6428571428571428,0.5,0.6876707527813397
6.0,implicit,0.6428571428571428,0.5714285714285714,0.6100895501990988
6.0,implicit,0.6428571428571428,0.6428571428571428,0.5099764220530509
6.0,implicit,0.6428571428571428,0.7142857142857142,0.4080680822563571
6.0,implicit,0.6428571428571428,0.7857142857142857,0.30607890074473115
6.0,implicit,0.6428571428571428,0.8571428571428571,0.2044722004863702
6.0,implicit,0.6428571428571428,0.9285714285714285,0.10656718526733645
6.0,implicit,0.6428571428571428,1.0,-0.046341769281246226
6.0,implicit,0.7142857142857142,0.0,-0.046341769281246226
6.0,implicit,0.7142857142857142,0.07142857142857142,0.0861816610811548
6.0,implicit,0.7142857142857142,0.14285714285714285,0.1637004037443372
6.0,implicit,0.7142857142857142,0.21428571428571427,0.24492072774992035
6.0,implicit,0.7142857142857142,0.2857142857142857,0.32652448254066063
6.0,implicit,0.7142857142857142,0.3571428571428571,0.40806808225635616
6.0,implicit,0.7142857142857142,0.42857142857142855,0.48817529080957567
6.0,implicit,0.7142857142857142,0.5,0.5502525480675601
6.0,implicit,0.7142857142857142,0.5714285714285714,0.48817529080957534
6.0,implicit,0.7142857142857142,0.6428571428571428,0.40806808225635616
6.0,implicit,0.7142857142857142,0.7142857142857142,0.3265244825406607
6.0,implicit,0.7142857142857142,0.7857142857142857,0.24492072774992035
6.0,implicit,0.7142857142857142,0.8571428571428571,0.16370040374433723
6.0,implicit,0.7142857142857142,0.9285714285714285,0.08618166108115487
6.0,implicit,0.7142857142857142,1.0,-0.046341769281246226
6.0,implicit,0.7857142857142857,0.0,-0.046341769281246226
6.0,implicit,0.7857142857142857,0.07142857142857142,0.06579468257088847
6.0,implicit,0.7857142857142857,0.14285714285714285,0.12290958950957291
6.0,implicit,0.7857142857142857,0.21428571428571427,0.18372310364964267
6.0,implicit,0.7857142857142857,0.2857142857142857,0.24492072774992024
6.0,implicit,0.7857142857142857,0.3571428571428571,0.3060789007447308
6.0,implicit,0.7857142857142857,0.42857142857142855,0.3661600185487584
6.0,implicit,0.7857142857142857,0.5,0.4127184827585618
6.0,implicit,0.7857142857142857,0.5714285714285714,0.3661600185487581
6.0,implicit,0.7857142857142857,0.6428571428571428,0.3060789007447308
6.0,implicit,0.7857142857142857,0.7142857142857142,0.2449207277499203
6.0,implicit,0.7857142857142857,0.7857142857142857,0.18372310364964275
6.0,implicit,0.7857142857142857,0.8571428571428571,0.12290958950957295
6.0,implicit,0.7857142857142857,0.9285714285714285,0.06579468257088852
6.0,implicit,0.7857142857142857,1.0,-0.046341769281246226
6.0,implicit,0.8571428571428571,0.0,-0.046341769281246226
6.0,implicit,0.8571428571428571,0.07142857142857142,0.0457364359283927
6.0,implicit,0.8571428571428571,0.14285714285714285,0.0824992642328562
6.0,implicit,0.8571428571428571,0.21428571428571427,0.12290958950957293
6.0,implicit,0.8571428571428571,0.2857142857142857,0.16370040374433711
6.0,implicit,0.8571428571428571,0.3571428571428571,0.20447220048636974
6.0,implicit,0.8571428571428571,0.42857142857142855,0.24452629104116105
6.0,implicit,0.8571428571428571,0.5,0.2755652847218294
6.0,implicit,0.8571428571428571,0.5714285714285714,0.24452629104116058
6.0,implicit,0.8571428571428571,0.6428571428571428,0.20447220048637008
6.0,implicit,0.8571428571428571,0.7142857142857142,0.16370040374433723
6.0,implicit,0.8571428571428571,0.7857142857142857,0.12290958950957297
6.0,implicit,0.8571428571428571,0.8571428571428571,0.08249926423285621
6.0,implicit,0.8571428571428571,0.9285714285714285,0.045736435928392744
6.0,implicit,0.8571428571428571,1.0,-0.046341769281246226
6.0,implicit,0.9285714285714285,0.0,-0.046341769281246226
6.0,implicit,0.9285714285714285,0.07142857142857142,0.02872205806725448
6.0,implicit,0.9285714285714285,0.14285714285714285,0.04573643592839276
6.0,implicit,0.9285714285714285,0.21428571428571427,0.06579468257088843
6.0,implicit,0.9285714285714285,0.2857142857142857,0.08618166108115474
6.0,implicit,0.9285714285714285,0.3571428571428571,0.10656718526733662
6.0,implicit,0.9285714285714285,0.42857142857142855,0.12659421699403348
6.0,implicit,0.9285714285714285,0.5,0.14211371383032287
6.0,implicit,0.9285714285714285,0.5714285714285714,0.12659421699403334
6.0,implicit,0.9285714285714285,0.6428571428571428,0.10656718526733643
6.0,implicit,0.9285714285714285,0.7142857142857142,0.08618166108115474
6.0,implicit,0.9285714285714285,0.7857142857142857,0.06579468257088844
6.0,implicit,0.9285714285714285,0.8571428571428571,0.045736435928392764
6.0,implicit,0.9285714285714285,0.9285714285714285,0.028722058067254495
6.0,implicit,0.9285714285714285,1.0,-0.046341769281246226
6.0,implicit,1.0,0.0,-0.046341769281246226
6.0,implicit,1.0,0.07142857142857142,-0.046341769281246226
6.0,implicit,1.0,0.14285714285714285,-0.046341769281246226
6.0,implicit,1.0,0.21428571428571427,-0.046341769281246226
6.0,implicit,1.0,0.2857142857142857,-0.046341769281246226
6.0,implicit,1.0,0.3571428571428571,-0.046341769281246226
6.0,implicit,1.0,0.42857142857142855,-0.046341769281246226
6.0,implicit,1.0,0.5,-0.046341769281246226
6.0,implicit,1.0,0.5714285714285714,-0.046341769281246226
6.0,implicit,1.0,0.6428571428571428,-0.046341769281246226
6.0,implicit,1.0,0.7142857142857142,-0.046341769281246226
6.0,implicit,1.0,0.7857142857142857,-0.046341769281246226
6.0,implicit,1.0,0.8571428571428571,-0.046341769281246226
6.0,implicit,1.0,0.9285714285714285,-0.046341769281246226
6.0,implicit,1.0,1.0,-0.046341769281246226
7.0,implicit,0.0,0.0,0.02419622715660341
7.0,implicit,0.0,0.07142857142857142,0.02419622715660341
7.0,implicit,0.0,0.14285714285714285,0.02419622715660341
7.0,implicit,0.0,0.21428571428571427,0.02419622715660341
7.0,implicit,0.0,0.2857142857142857,0.02419622715660341
7.0,implicit,0.0,0.3571428571428571,0.02419622715660341
7.0,implicit,0.0,0.42857142857142855,0.02419622715660341
7.0,implicit,0.0,0.5,0.02419622715660341
7.0,implicit,0.0,0.5714285714285714,0.02419622715660341
7.0,implicit,0.0,0.6428571428571428,0.02419622715660341
7.0,implicit,0.0,0.7142857142857142,0.02419622715660341
7.0,implicit,0.0,0.7857142857142857,0.02419622715660341
7.0,implicit,0.0,0.8571428571428571,0.02419622715660341
7.0,implicit,0.0,0.9285714285714285,0.02419622715660341
7.0,implicit,0.0,1.0,0.02419622715660341
7.0,implicit,0.07142857142857142,0.0,0.02419622715660341
7.0,implicit,0.07142857142857142,0.07142857142857142,0.027582372942180782
7.0,implicit,0.07142857142857142,0.14285714285714285,0.04528125734463092
7.0,implicit,0.07142857142857142,0.21428571428571427,0.06529583815721264
7.0,implicit,0.07142857142857142,0.2857142857142857,0.08567361010742366
7.0,implicit,0.07142857142857142,0.3571428571428571,0.1060471728176131
7.0,implicit,0.07142857142857142,0.42857142857142855,0.1259511601778969
7.0,implicit,0.07142857142857142,0.5,0.1407841126053274
7.0,implicit,0.07142857142857142,0.5714285714285714,0.12595116017789706
7.0,implicit,0.07142857142857142,0.6428571428571428,0.10604717281761311
7.0,implicit,0.07142857142857142,0.7142857142857142,0.0856736101074237
7.0,implicit,0.07142857142857142,0.7857142857142857,0.06529583815721264
7.0,implicit,0.07142857142857142,0.8571428571428571,0.045281257344630926
7.0,implicit,0.07142857142857142,0.9285714285714285,0.027582372942180803
7.0,implicit,0.07142857142857142,1.0,0.02419622715660341
7.0,implicit,0.14285714285714285,0.0,0.02419622715660341
7.0,implicit,0.14285714285714285,0.07142857142857142,0.04528125734463095
7.0,implicit,0.14285714285714285,0.14285714285714285,0.08265797881818866
7.0,implicit,0.14285714285714285,0.21428571428571427,0.12300225931459838
7.0,implicit,0.14285714285714285,0.2857142857142857,0.16378092614792394
7.0,implicit,0.14285714285714285,0.3571428571428571,0.20452927588437986
7.0,implicit,0.14285714285714285,0.42857142857142855,0.2443373014915627
7.0,implicit,0.14285714285714285,0.5,0.27400320638871223
7.0,implicit,0.14285714285714285,0.5714285714285714,0.24433730149156258
7.0,implicit,0.14285714285714285,0.6428571428571428,0.20452927588437972
7.0,implicit,0.14285714285714285,0.7142857142857142,0.163780926147924
7.0,implicit,0.14285714285714285,0.7857142857142857,0.1230022593145984
7.0,implicit,0.14285714285714285,0.8571428571428571,0.08265797881818869
7.0,implicit,0.14285714285714285,0.9285714285714285,0.04528125734463098
7.0,implicit,0.14285714285714285,1.0,0.02419622715660341
7.0,implicit,0.21428571428571427,0.0,0.02419622715660341
7.0,implicit,0.21428571428571427,0.07142857142857142,0.06529583815721252
7.0,implicit,0.21428571428571427,0.14285714285714285,0.12300225931459838
7.0,implicit,0.21428571428571427,0.21428571428571427,0.18374643378366462
7.0,implicit,0.21428571428571427,0.2857142857142857,0.24493085160997063
7.0,implicit,0.21428571428571427,0.3571428571428571,0.3060541819384499
7.0,implicit,0.21428571428571427,0.42857142857142855,0.36576618562876734
7.0,implicit,0.21428571428571427,0.5,0.41026499369463193
7.0,implicit,0.21428571428571427,0.5714285714285714,0.3657661856287666
7.0,implicit,0.21428571428571427,0.6428571428571428,0.3060541819384499
7.0,implicit,0.21428571428571427,0.7142857142857142,0.2449308516099707
7.0,implicit,0.21428571428571427,0.7857142857142857,0.18374643378366465
7.0,implicit,0.21428571428571427,0.8571428571428571,0.12300225931459843
7.0,implicit,0.21428571428571427,0.9285714285714285,0.06529583815721257
7.0,implicit,0.21428571428571427,1.0,0.02419622715660341
7.0,implicit,0.2857142857142857,0.0,0.02419622715660341
7.0,implicit,0.2857142857142857,0.07142857142857142,0.08567361010742354
7.0,implicit,0.2857142857142857,0.14285714285714285,0.1637809261479239
7.0,implicit,0.2857142857142857,0.21428571428571427,0.24493085160997052
7.0,implicit,0.2857142857142857,0.2857142857142857,0.3265198953309942
7.0,implicit,0.2857142857142857,0.3571428571428571,0.4080165741781357
7.0,implicit,0.2857142857142857,0.42857142857142855,0.48763095070791734
7.0,implicit,0.2857142857142857,0.5,0.5469615400979163
7.0,implicit,0.2857142857142857,0.5714285714285714,0.48763095070791745
7.0,implicit,0.2857142857142857,0.6428571428571428,0.40801657417813564
7.0,implicit,0.2857142857142857,0.7142857142857142,0.3265198953309943
7.0,implicit,0.2857142857142857,0.7857142857142857,0.24493085160997055
7.0,implicit,0.2857142857142857,0.8571428571428571,0.16378092614792394
7.0,implicit,0.2857142857142857,0.9285714285714285,0.08567361010742361
7.0,implicit,0.2857142857142857,1.0,0.02419622715660341
7.0,implicit,0.3571428571428571,0.0,0.02419622715660341
7.0,implicit,0.3571428571428571,0.07142857142857142,0.106047172817613
7.0,implicit,0.3571428571428571,0.14285714285714285,0.2045292758843792
7.0,implicit,0.3571428571428571,0.21428571428571427,0.3060541819384495
7.0,implicit,0.3571428571428571,0.2857142857142857,0.4080165741781341
7.0,implicit,0.3571428571428571,0.3571428571428571,0.5098553598218801
7.0,implicit,0.3571428571428571,0.42857142857142855,0.6093418282968963
7.0,implicit,0.3571428571428571,0.5,0.6834826907493758
7.0,implicit,0.3571428571428571,0.5714285714285714,0.609341828296896
7.0,implicit,0.3571428571428571,0.6428571428571428,0.5098553598218802
7.0,implicit,0.3571428571428571,0.7142857142857142,0.4080165741781341
7.0,implicit,0.3571428571428571,0.7857142857142857,0.3060541819384496
7.0,implicit,0.3571428571428571,0.8571428571428571,0.20452927588437914
7.0,implicit,0.3571428571428571,0.9285714285714285,0.10604717281761317
7.0,implicit,0.3571428571428571,1.0,0.02419622715660341
7.0,implicit,0.42857142857142855,0.0,0.02419622715660341
7.0,implicit,0.42857142857142855,0.07142857142857142,0.12595116017789715
7.0,implicit,0.42857142857142855,0.14285714285714285,0.24433730149156271
7.0,implicit,0.42857142857142855,0.21428571428571427,0.36576618562876634
7.0,implicit,0.42857142857142855,0.2857142857142857,0.4876309507079177
7.0,implicit,0.42857142857142855,0.3571428571428571,0.6093418282968973
7.0,implicit,0.42857142857142855,0.42857142857142855,0.7282434767842583
7.0,implicit,0.42857142857142855,0.5,0.8168643451702938
7.0,implicit,0.42857142857142855,0.5714285714285714,0.7282434767842565
7.0,implicit,0.42857142857142855,0.6428571428571428,0.6093418282968961
7.0,implicit,0.42857142857142855,0.7142857142857142,0.48763095070791707
7.0,implicit,0.42857142857142855,0.7857142857142857,0.3657661856287663
7.0,implicit,0.42857142857142855,0.8571428571428571,0.24433730149156305
7.0,implicit,0.42857142857142855,0.9285714285714285,0.12595116017789731
7.0,implicit,0.42857142857142855,1.0,0.02419622715660341
7.0,implicit,0.5,0.0,0.02419622715660341
7.0,implicit,0.5,0.07142857142857142,0.14078411260532736
7.0,implicit,0.5,0.14285714285714285,0.2740032063887123
7.0,implicit,0.5,0.21428571428571427,0.41026499369463326
7.0,implicit,0.5,0.2857142857142857,0.5469615400979164
7.0,implicit,0.5,0.3571428571428571,0.6834826907493765
7.0,implicit,0.5,0.42857142857142855,0.8168643451702938
7.0,implicit,0.5,0.5,0.9163336805415878
7.0,implicit,0.5,0.5714285714285714,0.8168643451702944
7.0,implicit,0.5,0.6428571428571428,0.6834826907493748
7.0,implicit,0.5,0.7142857142857142,0.5469615400979151
7.0,implicit,0.5,0.7857142857142857,0.41026499369463343
7.0,implicit,0.5,0.8571428571428571,0.2740032063887125
7.0,implicit,0.5,0.9285714285714285,0.14078411260532744
7.0,implicit,0.5,1.0,0.02419622715660341
7.0,implicit,0.5714285714285714,0.0,0.02419622715660341
7.0,implicit,0.5714285714285714,0.07142857142857142,0.12595116017789693
7.0,implicit,0.5714285714285714,0.14285714285714285,0.24433730149156266
7.0,implicit,0.5714285714285714,0.21428571428571427,0.36576618562876734
7.0,implicit,0.5714285714285714,0.2857142857142857,0.48763095070791745
7.0,implicit,0.5714285714285714,0.3571428571428571,0.6093418282968975
7.0,implicit,0.5714285714285714,0.42857142857142855,0.7282434767842575
7.0,implicit,0.5714285714285714,0.5,0.8168643451702953
7.0,implicit,0.5714285714285714,0.5714285714285714,0.7282434767842578
7.0,implicit,0.5714285714285714,0.6428571428571428,0.6093418282968983
7.0,implicit,0.5714285714285714,0.7142857142857142,0.48763095070791906
7.0,implicit,0.5714285714285714,0.7857142857142857,0.36576618562876706
7.0,implicit,0.5714285714285714,0.8571428571428571,0.24433730149156288
7.0,implicit,0.5714285714285714,0.9285714285714285,0.1259511601778971
7.0,implicit,0.5714285714285714,1.0,0.02419622715660341
7.0,implicit,0.6428571428571428,0.0,0.02419622715660341
7.0,implicit,0.6428571428571428,0.07142857142857142,0.1060471728176131
7.0,implicit,0.6428571428571428,0.14285714285714285,0.20452927588438033
7.0,implicit,0.6428571428571428,0.21428571428571427,0.30605418193844997
7.0,implicit,0.6428571428571428,0.2857142857142857,0.4080165741781357
7.0,implicit,0.6428571428571428,0.3571428571428571,0.50985535982188
7.0,implicit,0.6428571428571428,0.42857142857142855,0.609341828296897
7.0,implicit,0.6428571428571428,0.5,0.6834826907493757
7.0,implicit,0.6428571428571428,0.5714285714285714,0.6093418282968982
7.0,implicit,0.6428571428571428,0.6428571428571428,0.5098553598218813
7.0,implicit,0.6428571428571428,0.7142857142857142,0.408016574178136
7.0,implicit,0.6428571428571428,0.7857142857142857,0.30605418193844997
7.0,implicit,0.6428571428571428,0.8571428571428571,0.2045292758843796
7.0,implicit,0.6428571428571428,0.9285714285714285,0.10604717281761313
7.0,implicit,0.6428571428571428,1.0,0.02419622715660341
7.0,implicit,0.7142857142857142,0.0,0.02419622715660341
7.0,implicit,0.7142857142857142,0.07142857142857142,0.08567361010742369
7.0,implicit,0.7142857142857142,0.14285714285714285,0.163780926147924
7.0,implicit,0.7142857142857142,0.21428571428571427,0.24493085160997072
7.0,implicit,0.7142857142857142,0.2857142857142857,0.32651989533099435
7.0,implicit,0.7142857142857142,0.3571428571428571,0.40801657417813486
7.0,implicit,0.7142857142857142,0.42857142857142855,0.48763095070791723
7.0,implicit,0.7142857142857142,0.5,0.5469615400979171
7.0,implicit,0.7142857142857142,0.5714285714285714,0.48763095070791684
7.0,implicit,0.7142857142857142,0.6428571428571428,0.40801657417813475
7.0,implicit,0.7142857142857142,0.7142857142857142,0.3265198953309945
7.0,implicit,0.7142857142857142,0.7857142857142857,0.24493085160997072
7.0,implicit,0.7142857142857142,0.8571428571428571,0.163780926147924
7.0,implicit,0.7142857142857142,0.9285714285714285,0.08567361010742376
7.0,implicit,0.7142857142857142,1.0,0.02419622715660341
7.0,implicit,0.7857142857142857,0.0,0.02419622715660341
7.0,implicit,0.7857142857142857,0.07142857142857142,0.06529583815721264
7.0,implicit,0.7857142857142857,0.14285714285714285,0.1230022593145984
7.0,implicit,0.7857142857142857,0.21428571428571427,0.18374643378366465
7.0,implicit,0.7857142857142857,0.2857142857142857,0.24493085160997058
7.0,implicit,0.7857142857142857,0.3571428571428571,0.3060541819384497
7.0,implicit,0.7857142857142857,0.42857142857142855,0.36576618562876645
7.0,implicit,0.7857142857142857,0.5,0.41026499369463315
7.0,implicit,0.7857142857142857,0.5714285714285714,0.3657661856287663
7.0,implicit,0.7857142857142857,0.6428571428571428,0.3060541819384497
7.0,implicit,0.7857142857142857,0.7142857142857142,0.24493085160997066
7.0,implicit,0.7857142857142857,0.7857142857142857,0.18374643378366473
7.0,implicit,0.7857142857142857,0.8571428571428571,0.12300225931459845
7.0,implicit,0.7857142857142857,0.9285714285714285,0.0652958381572127
7.0,implicit,0.7857142857142857,1.0,0.02419622715660341
7.0,implicit,0.8571428571428571,0.0,0.02419622715660341
7.0,implicit,0.8571428571428571,0.07142857142857142,0.045281257344630926
7.0,implicit,0.8571428571428571,0.14285714285714285,0.08265797881818869
7.0,implicit,0.8571428571428571,0.21428571428571427,0.12300225931459843
7.0,implicit,0.8571428571428571,0.2857142857142857,0.16378092614792394
7.0,implicit,0.8571428571428571,0.3571428571428571,0.20452927588437914
7.0,implicit,0.8571428571428571,0.42857142857142855,0.24433730149156294
7.0,implicit,0.8571428571428571,0.5,0.2740032063887124
7.0,implicit,0.8571428571428571,0.5714285714285714,0.2443373014915625
7.0,implicit,0.8571428571428571,0.6428571428571428,0.20452927588437952
7.0,implicit,0.8571428571428571,0.7142857142857142,0.16378092614792406
7.0,implicit,0.8571428571428571,0.7857142857142857,0.12300225931459847
7.0,implicit,0.8571428571428571,0.8571428571428571,0.0826579788181887
7.0,implicit,0.8571428571428571,0.9285714285714285,0.04528125734463096
7.0,implicit,0.8571428571428571,1.0,0.02419622715660341
7.0,implicit,0.9285714285714285,0.0,0.02419622715660341
7.0,implicit,0.9285714285714285,0.07142857142857142,0.027582372942180803
7.0,implicit,0.9285714285714285,0.14285714285714285,0.04528125734463098
7.0,implicit,0.9285714285714285,0.21428571428571427,0.06529583815721257
7.0,implicit,0.9285714285714285,0.2857142857142857,0.08567361010742361
7.0,implicit,0.9285714285714285,0.3571428571428571,0.10604717281761326
7.0,implicit,0.9285714285714285,0.42857142857142855,0.12595116017789731
7.0,implicit,0.9285714285714285,0.5,0.14078411260532744
7.0,implicit,0.9285714285714285,0.5714285714285714,0.12595116017789723
7.0,implicit,0.9285714285714285,0.6428571428571428,0.10604717281761304
7.0,implicit,0.9285714285714285,0.7142857142857142,0.08567361010742361
7.0,implicit,0.9285714285714285,0.7857142857142857,0.0652958381572126
7.0,implicit,0.9285714285714285,0.8571428571428571,0.04528125734463099
7.0,implicit,0.9285714285714285,0.9285714285714285,0.027582372942180817
7.0,implicit,0.9285714285714285,1.0,0.02419622715660341
7.0,implicit,1.0,0.0,0.02419622715660341
7.0,implicit,1.0,0.07142857142857142,0.02419622715660341
7.0,implicit,1.0,0.14285714285714285,0.02419622715660341
7.0,implicit,1.0,0.21428571428571427,0.02419622715660341
7.0,implicit,1.0,0.2857142857142857,0.02419622715660341
7.0,implicit,1.0,0.3571428571428571,0.02419622715660341
7.0,implicit,1.0,0.42857142857142855,0.02419622715660341
7.0,implicit,1.0,0.5,0.02419622715660341
7.0,implicit,1.0,0.5714285714285714,0.02419622715660341
7.0,implicit,1.0,0.6428571428571428,0.02419622715660341
7.0,implicit,1.0,0.7142857142857142,0.02419622715660341
7.0,implicit,1.0,0.7857142857142857,0.02419622715660341
7.0,implicit,1.0,0.8571428571428571,0.02419622715660341
7.0,implicit,1.0,0.9285714285714285,0.02419622715660341
7.0,implicit,1.0,1.0,0.02419622715660341
8.0,implicit,0.0,0.0,-0.1913280244657798
8.0,implicit,0.0,0.07142857142857142,-0.1913280244657798
8.0,implicit,0.0,0.14285714285714285,-0.1913280244657798
8.0,implicit,0.0,0.21428571428571427,-0.1913280244657798
8.0,implicit,0.0,0.2857142857142857,-0.1913280244657798
8.0,implicit,0.0,0.3571428571428571,-0.1913280244657798
8.0,implicit,0.0,0.42857142857142855,-0.1913280244657798
8.0,implicit,0.0,0.5,-0.1913280244657798
8.0,implicit,0.0,0.5714285714285714,-0.1913280244657798
8.0,implicit,0.0,0.6428571428571428,-0.1913280244657798
8.0,implicit,0.0,0.7142857142857142,-0.1913280244657798
8.0,implicit,0.0,0.7857142857142857,-0.1913280244657798
8.0,implicit,0.0,0.8571428571428571,-0.1913280244657798
8.0,implicit,0.0,0.9285714285714285,-0.1913280244657798
8.0,implicit,0.0,1.0,-0.1913280244657798
8.0,implicit,0.07142857142857142,0.0,-0.1913280244657798
8.0,implicit,0.07142857142857142,0.07142857142857142,0.02228896194464366
8.0,implicit,0.07142857142857142,0.14285714285714285,0.042621860935035796
8.0,implicit,0.07142857142857142,0.21428571428571427,0.06264935789001305
8.0,implicit,0.07142857142857142,0.2857142857142857,0.0830226542872267
8.0,implicit,0.07142857142857142,0.3571428571428571,0.10338909849018789
8.0,implicit,0.07142857142857142,0.42857142857142855,0.12322733891518727
8.0,implicit,0.07142857142857142,0.5,0.13773592981546828
8.0,implicit,0.07142857142857142,0.5714285714285714,0.12322733891518739
8.0,implicit,0.07142857142857142,0.6428571428571428,0.1033890984901879
8.0,implicit,0.07142857142857142,0.7142857142857142,0.08302265428722674
8.0,implicit,0.07142857142857142,0.7857142857142857,0.06264935789001305
8.0,implicit,0.07142857142857142,0.8571428571428571,0.04262186093503581
8.0,implicit,0.07142857142857142,0.9285714285714285,0.022288961944643682
8.0,implicit,0.07142857142857142,1.0,-0.1913280244657798
8.0,implicit,0.14285714285714285,0.0,-0.1913280244657798
8.0,implicit,0.14285714285714285,0.07142857142857142,0.042621860935035824
8.0,implicit,0.14285714285714285,0.14285714285714285,0.08266626682216381
8.0,implicit,0.14285714285714285,0.21428571428571427,0.12301330163525544
8.0,implicit,0.14285714285714285,0.2857142857142857,0.16378570457315364
8.0,implicit,0.14285714285714285,0.3571428571428571,0.20452009293061632
8.0,implicit,0.14285714285714285,0.42857142857142855,0.244196640457042
8.0,implicit,0.14285714285714285,0.5,0.2732138223171054
8.0,implicit,0.14285714285714285,0.5714285714285714,0.2441966404570418
8.0,implicit,0.14285714285714285,0.6428571428571428,0.20452009293061613
8.0,implicit,0.14285714285714285,0.7142857142857142,0.1637857045731537
8.0,implicit,0.14285714285714285,0.7857142857142857,0.12301330163525546
8.0,implicit,0.14285714285714285,0.8571428571428571,0.08266626682216384
8.0,implicit,0.14285714285714285,0.9285714285714285,0.042621860935035866
8.0,implicit,0.14285714285714285,1.0,-0.1913280244657798
8.0,implicit,0.21428571428571427,0.0,-0.1913280244657798
8.0,implicit,0.21428571428571427,0.07142857142857142,0.06264935789001291
8.0,implicit,0.21428571428571427,0.14285714285714285,0.12301330163525542
8.0,implicit,0.21428571428571427,0.21428571428571427,0.18375827784396656
8.0,implicit,0.21428571428571427,0.2857142857142857,0.24493572914064546
8.0,implicit,0.21428571428571427,0.3571428571428571,0.3060383137952886
8.0,implicit,0.21428571428571427,0.42857142857142855,0.3655530882190298
8.0,implicit,0.21428571428571427,0.5,0.4090787959169773
8.0,implicit,0.21428571428571427,0.5714285714285714,0.36555308821902904
8.0,implicit,0.21428571428571427,0.6428571428571428,0.30603831379528856
8.0,implicit,0.21428571428571427,0.7142857142857142,0.24493572914064554
8.0,implicit,0.21428571428571427,0.7857142857142857,0.1837582778439666
8.0,implicit,0.21428571428571427,0.8571428571428571,0.12301330163525548
8.0,implicit,0.21428571428571427,0.9285714285714285,0.06264935789001298
8.0,implicit,0.21428571428571427,1.0,-0.1913280244657798
8.0,implicit,0.2857142857142857,0.0,-0.1913280244657798
8.0,implicit,0.2857142857142857,0.07142857142857142,0.08302265428722656
8.0,implicit,0.2857142857142857,0.14285714285714285,0.16378570457315364
8.0,implicit,0.2857142857142857,0.21428571428571427,0.24493572914064538
8.0,implicit,0.2857142857142857,0.2857142857142857,0.3265168175416569
8.0,implicit,0.2857142857142857,0.3571428571428571,0.4079855232647323
8.0,implicit,0.2857142857142857,0.42857142857142855,0.4873364865620885
8.0,implicit,0.2857142857142857,0.5,0.5453693192619121
8.0,implicit,0.2857142857142857,0.5714285714285714,0.4873364865620886
8.0,implicit,0.2857142857142857,0.6428571428571428,0.4079855232647322
8.0,implicit,0.2857142857142857,0.7142857142857142,0.326516817541657
8.0,implicit,0.2857142857142857,0.7857142857142857,0.2449357291406454
8.0,implicit,0.2857142857142857,0.8571428571428571,0.1637857045731537
8.0,implicit,0.2857142857142857,0.9285714285714285,0.08302265428722663
8.0,implicit,0.2857142857142857,1.0,-0.1913280244657798
8.0,implicit,0.3571428571428571,0.0,-0.1913280244657798
8.0,implicit,0.3571428571428571,0.07142857142857142,0.10338909849018778
8.0,implicit,0.3571428571428571,0.14285714285714285,0.2045200929306156
8.0,implicit,0.3571428571428571,0.21428571428571427,0.3060383137952883
8.0,implicit,0.3571428571428571,0.2857142857142857,0.40798552326473053
8.0,implicit,0.3571428571428571,0.3571428571428571,0.5097828834450043
8.0,implicit,0.3571428571428571,0.42857142857142855,0.6089338346518364
8.0,implicit,0.3571428571428571,0.5,0.6814485170827213
8.0,implicit,0.3571428571428571,0.5714285714285714,0.6089338346518364
8.0,implicit,0.3571428571428571,0.6428571428571428,0.5097828834450041
8.0,implicit,0.3571428571428571,0.7142857142857142,0.40798552326473053
8.0,implicit,0.3571428571428571,0.7857142857142857,0.30603831379528834
8.0,implicit,0.3571428571428571,0.8571428571428571,0.20452009293061554
8.0,implicit,0.3571428571428571,0.9285714285714285,0.10338909849018796
8.0,implicit,0.3571428571428571,1.0,-0.1913280244657798
8.0,implicit,0.42857142857142855,0.0,-0.1913280244657798
8.0,implicit,0.42857142857142855,0.07142857142857142,0.12322733891518749
8.0,implicit,0.42857142857142855,0.14285714285714285,0.24419664045704198
8.0,implicit,0.42857142857142855,0.21428571428571427,0.36555308821902877
8.0,implicit,0.42857142857142855,0.2857142857142857,0.4873364865620889
8.0,implicit,0.42857142857142855,0.3571428571428571,0.6089338346518375
8.0,implicit,0.42857142857142855,0.42857142857142855,0.7273724178822333
8.0,implicit,0.42857142857142855,0.5,0.8140050776645296
8.0,implicit,0.42857142857142855,0.5714285714285714,0.7273724178822316
8.0,implicit,0.42857142857142855,0.6428571428571428,0.6089338346518364
8.0,implicit,0.42857142857142855,0.7142857142857142,0.4873364865620883
8.0,implicit,0.42857142857142855,0.7857142857142857,0.3655530882190287
8.0,implicit,0.42857142857142855,0.8571428571428571,0.24419664045704234
8.0,implicit,0.42857142857142855,0.9285714285714285,0.12322733891518764
8.0,implicit,0.42857142857142855,1.0,-0.1913280244657798
8.0,implicit,0.5,0.0,-0.1913280244657798
8.0,implicit,0.5,0.07142857142857142,0.13773592981546826
8.0,implicit,0.5,0.14285714285714285,0.2732138223171055
8.0,implicit,0.5,0.21428571428571427,0.4090787959169786
8.0,implicit,0.5,0.2857142857142857,0.5453693192619122
8.0,implicit,0.5,0.3571428571428571,0.6814485170827219
8.0,implicit,0.5,0.42857142857142855,0.8140050776645293
8.0,implicit,0.5,0.5,0.9110198537343591
8.0,implicit,0.5,0.5714285714285714,0.8140050776645302
8.0,implicit,0.5,0.6428571428571428,0.6814485170827201
8.0,implicit,0.5,0.7142857142857142,0.545369319261911
8.0,implicit,0.5,0.7857142857142857,0.40907879591697877
8.0,implicit,0.5,0.8571428571428571,0.2732138223171057
8.0,implicit,0.5,0.9285714285714285,0.13773592981546834
8.0,implicit,0.5,1.0,-0.1913280244657798
8.0,implicit,0.5714285714285714,0.0,-0.1913280244657798
8.0,implicit,0.5714285714285714,0.07142857142857142,0.12322733891518725
8.0,implicit,0.5714285714285714,0.14285714285714285,0.24419664045704195
8.0,implicit,0.5714285714285714,0.21428571428571427,0.3655530882190299
8.0,implicit,0.5714285714285714,0.2857142857142857,0.4873364865620886
8.0,implicit,0.5714285714285714,0.3571428571428571,0.6089338346518377
8.0,implicit,0.5714285714285714,0.42857142857142855,0.7273724178822326
8.0,implicit,0.5714285714285714,0.5,0.8140050776645308
8.0,implicit,0.5714285714285714,0.5714285714285714,0.727372417882233
8.0,implicit,0.5714285714285714,0.6428571428571428,0.6089338346518384
8.0,implicit,0.5714285714285714,0.7142857142857142,0.48733648656209033
8.0,implicit,0.5714285714285714,0.7857142857142857,0.36555308821902965
8.0,implicit,0.5714285714285714,0.8571428571428571,0.2441966404570422
8.0,implicit,0.5714285714285714,0.9285714285714285,0.12322733891518742
8.0,implicit,0.5714285714285714,1.0,-0.1913280244657798
8.0,implicit,0.6428571428571428,0.0,-0.1913280244657798
8.0,implicit,0.6428571428571428,0.07142857142857142,0.10338909849018788
8.0,implicit,0.6428571428571428,0.14285714285714285,0.20452009293061682
8.0,implicit,0.6428571428571428,0.21428571428571427,0.3060383137952887
8.0,implicit,0.6428571428571428,0.2857142857142857,0.4079855232647323
8.0,implicit,0.6428571428571428,0.3571428571428571,0.5097828834450039
8.0,implicit,0.6428571428571428,0.42857142857142855,0.6089338346518369
8.0,implicit,0.6428571428571428,0.5,0.681448517082721
8.0,implicit,0.6428571428571428,0.5714285714285714,0.6089338346518387
8.0,implicit,0.6428571428571428,0.6428571428571428,0.5097828834450053
8.0,implicit,0.6428571428571428,0.7142857142857142,0.40798552326473253
8.0,implicit,0.6428571428571428,0.7857142857142857,0.3060383137952887
8.0,implicit,0.6428571428571428,0.8571428571428571,0.20452009293061607
8.0,implicit,0.6428571428571428,0.9285714285714285,0.1033890984901879
8.0,implicit,0.6428571428571428,1.0,-0.1913280244657798
8.0,implicit,0.7142857142857142,0.0,-0.1913280244657798
8.0,implicit,0.7142857142857142,0.07142857142857142,0.08302265428722673
8.0,implicit,0.7142857142857142,0.14285714285714285,0.16378570457315372
8.0,implicit,0.7142857142857142,0.21428571428571427,0.24493572914064554
8.0,implicit,0.7142857142857142,0.2857142857142857,0.32651681754165707
8.0,implicit,0.7142857142857142,0.3571428571428571,0.4079855232647313
8.0,implicit,0.7142857142857142,0.42857142857142855,0.48733648656208833
8.0,implicit,0.7142857142857142,0.5,0.5453693192619128
8.0,implicit,0.7142857142857142,0.5714285714285714,0.487336486562088
8.0,implicit,0.7142857142857142,0.6428571428571428,0.4079855232647313
8.0,implicit,0.7142857142857142,0.7142857142857142,0.32651681754165723
8.0,implicit,0.7142857142857142,0.7857142857142857,0.24493572914064554
8.0,implicit,0.7142857142857142,0.8571428571428571,0.1637857045731537
8.0,implicit,0.7142857142857142,0.9285714285714285,0.0830226542872268
8.0,implicit,0.7142857142857142,1.0,-0.1913280244657798
8.0,implicit,0.7857142857142857,0.0,-0.1913280244657798
8.0,implicit,0.7857142857142857,0.07142857142857142,0.06264935789001305
8.0,implicit,0.7857142857142857,0.14285714285714285,0.12301330163525546
8.0,implicit,0.7857142857142857,0.21428571428571427,0.1837582778439666
8.0,implicit,0.7857142857142857,0.2857142857142857,0.24493572914064543
8.0,implicit,0.7857142857142857,0.3571428571428571,0.30603831379528845
8.0,implicit,0.7857142857142857,0.42857142857142855,0.3655530882190289
8.0,implicit,0.7857142857142857,0.5,0.4090787959169786
8.0,implicit,0.7857142857142857,0.5714285714285714,0.3655530882190287
8.0,implicit,0.7857142857142857,0.6428571428571428,0.30603831379528845
8.0,implicit,0.7857142857142857,0.7142857142857142,0.24493572914064551
8.0,implicit,0.7857142857142857,0.7857142857142857,0.1837582778439667
8.0,implicit,0.7857142857142857,0.8571428571428571,0.1230133016352555
8.0,implicit,0.7857142857142857,0.9285714285714285,0.0626493578900131
8.0,implicit,0.7857142857142857,1.0,-0.1913280244657798
8.0,implicit,0.8571428571428571,0.0,-0.1913280244657798
8.0,implicit,0.8571428571428571,0.07142857142857142,0.04262186093503581
8.0,implicit,0.8571428571428571,0.14285714285714285,0.08266626682216384
8.0,implicit,0.8571428571428571,0.21428571428571427,0.12301330163525548
8.0,implicit,0.8571428571428571,0.2857142857142857,0.1637857045731537
8.0,implicit,0.8571428571428571,0.3571428571428571,0.20452009293061557
8.0,implicit,0.8571428571428571,0.42857142857142855,0.24419664045704223
8.0,implicit,0.8571428571428571,0.5,0.2732138223171056
8.0,implicit,0.8571428571428571,0.5714285714285714,0.24419664045704176
8.0,implicit,0.8571428571428571,0.6428571428571428,0.20452009293061596
8.0,implicit,0.8571428571428571,0.7142857142857142,0.16378570457315383
8.0,implicit,0.8571428571428571,0.7857142857142857,0.12301330163525555
8.0,implicit,0.8571428571428571,0.8571428571428571,0.08266626682216385
8.0,implicit,0.8571428571428571,0.9285714285714285,0.042621860935035845
8.0,implicit,0.8571428571428571,1.0,-0.1913280244657798
8.0,implicit,0.9285714285714285,0.0,-0.1913280244657798
8.0,implicit,0.9285714285714285,0.07142857142857142,0.022288961944643682
8.0,implicit,0.9285714285714285,0.14285714285714285,0.042621860935035866
8.0,implicit,0.9285714285714285,0.21428571428571427,0.06264935789001298
8.0,implicit,0.9285714285714285,0.2857142857142857,0.08302265428722663
8.0,implicit,0.9285714285714285,0.3571428571428571,0.10338909849018806
8.0,implicit,0.9285714285714285,0.42857142857142855,0.12322733891518764
8.0,implicit,0.9285714285714285,0.5,0.13773592981546834
8.0,implicit,0.9285714285714285,0.5714285714285714,0.12322733891518751
8.0,implicit,0.9285714285714285,0.6428571428571428,0.10338909849018782
8.0,implicit,0.9285714285714285,0.7142857142857142,0.08302265428722663
8.0,implicit,0.9285714285714285,0.7857142857142857,0.062649357890013
8.0,implicit,0.9285714285714285,0.8571428571428571,0.04262186093503587
8.0,implicit,0.9285714285714285,0.9285714285714285,0.022288961944643696
8.0,implicit,0.9285714285714285,1.0,-0.1913280244657798
8.0,implicit,1.0,0.0,-0.1913280244657798
8.0,implicit,1.0,0.07142857142857142,-0.1913280244657798
8.0,implicit,1.0,0.14285714285714285,-0.1913280244657798
8.0,implicit,1.0,0.21428571428571427,-0.1913280244657798
8.0,implicit,1.0,0.2857142857142857,-0.1913280244657798
8.0,implicit,1.0,0.3571428571428571,-0.1913280244657798
8.0,implicit,1.0,0.42857142857142855,-0.1913280244657798
8.0,implicit,1.0,0.5,-0.1913280244657798
8.0,implicit,1.0,0.5714285714285714,-0.1913280244657798
8.0,implicit,1.0,0.6428571428571428,-0.1913280244657798
8.0,implicit,1.0,0.7142857142857142,-0.1913280244657798
8.0,implicit,1.0,0.7857142857142857,-0.1913280244657798
8.0,implicit,1.0,0.8571428571428571,-0.1913280244657798
8.0,implicit,1.0,0.9285714285714285,-0.1913280244657798
8.0,implicit,1.0,1.0,-0.1913280244657798
9.0,implicit,0.0,0.0,-0.05622875292409727
9.0,implicit,0.0,0.07142857142857142,-0.05622875292409727
9.0,implicit,0.0,0.14285714285714285,-0.05622875292409727
9.0,implicit,0.0,0.21428571428571427,-0.05622875292409727
9.0,implicit,0.0,0.2857142857142857,-0.05622875292409727
9.0,implicit,0.0,0.3571428571428571,-0.05622875292409727
9.0,implicit,0.0,0.42857142857142855,-0.05622875292409727
9.0,implicit,0.0,0.5,-0.05622875292409727
9.0,implicit,0.0,0.5714285714285714,-0.05622875292409727
9.0,implicit,0.0,0.6428571428571428,-0.05622875292409727
9.0,implicit,0.0,0.7142857142857142,-0.05622875292409727
9.0,implicit,0.0,0.7857142857142857,-0.05622875292409727
9.0,implicit,0.0,0.8571428571428571,-0.05622875292409727
9.0,implicit,0.0,0.9285714285714285,-0.05622875292409727
9.0,implicit,0.0,1.0,-0.05622875292409727
9.0,implicit,0.07142857142857142,0.0,-0.05622875292409727
9.0,implicit,0.07142857142857142,0.07142857142857142,0.016344433711345484
9.0,implicit,0.07142857142857142,0.14285714285714285,0.03949184231234909
9.0,implicit,0.07142857142857142,0.21428571428571427,0.0596083518790075
9.0,implicit,0.07142857142857142,0.2857142857142857,0.07997451978275356
9.0,implicit,0.07142857142857142,0.3571428571428571,0.10032442117096868
9.0,implicit,0.07142857142857142,0.42857142857142855,0.12002382599702266
9.0,implicit,0.07142857142857142,0.5,0.13391889724983302
9.0,implicit,0.07142857142857142,0.5714285714285714,0.1200238259970227
9.0,implicit,0.07142857142857142,0.6428571428571428,0.10032442117096871
9.0,implicit,0.07142857142857142,0.7142857142857142,0.0799745197827536
9.0,implicit,0.07142857142857142,0.7857142857142857,0.0596083518790075
9.0,implicit,0.07142857142857142,0.8571428571428571,0.0394918423123491
9.0,implicit,0.07142857142857142,0.9285714285714285,0.016344433711345505
9.0,implicit,0.07142857142857142,1.0,-0.05622875292409727
9.0,implicit,0.14285714285714285,0.0,-0.05622875292409727
9.0,implicit,0.14285714285714285,0.07142857142857142,0.03949184231234911
9.0,implicit,0.14285714285714285,0.14285714285714285,0.08254020622563414
9.0,implicit,0.14285714285714285,0.21428571428571427,0.1229625552603982
9.0,implicit,0.14285714285714285,0.2857142857142857,0.16372377590880233
9.0,implicit,0.14285714285714285,0.3571428571428571,0.20442565468273904
9.0,implicit,0.14285714285714285,0.42857142857142855,0.24382457017368145
9.0,implicit,0.14285714285714285,0.5,0.27161471272054977
9.0,implicit,0.14285714285714285,0.5714285714285714,0.24382457017368123
9.0,implicit,0.14285714285714285,0.6428571428571428,0.20442565468273877
9.0,implicit,0.14285714285714285,0.7142857142857142,0.16372377590880235
9.0,implicit,0.14285714285714285,0.7857142857142857,0.12296255526039823
9.0,implicit,0.14285714285714285,0.8571428571428571,0.08254020622563417
9.0,implicit,0.14285714285714285,0.9285714285714285,0.03949184231234916
9.0,implicit,0.14285714285714285,1.0,-0.05622875292409727
9.0,implicit,0.21428571428571427,0.0,-0.05622875292409727
9.0,implicit,0.21428571428571427,0.07142857142857142,0.05960835187900736
9.0,implicit,0.21428571428571427,0.14285714285714285,0.12296255526039816
9.0,implicit,0.21428571428571427,0.21428571428571427,0.18377861997312478
9.0,implicit,0.21428571428571427,0.2857142857142857,0.24494308866352146
9.0,implicit,0.21428571428571427,0.3571428571428571,0.30599733734002704
9.0,implicit,0.21428571428571427,0.42857142857142855,0.36509562849520777
9.0,implicit,0.21428571428571427,0.5,0.40678073498000517
9.0,implicit,0.21428571428571427,0.5714285714285714,0.365095628495207
9.0,implicit,0.21428571428571427,0.6428571428571428,0.30599733734002693
9.0,implicit,0.21428571428571427,0.7142857142857142,0.24494308866352155
9.0,implicit,0.21428571428571427,0.7857142857142857,0.1837786199731248
9.0,implicit,0.21428571428571427,0.8571428571428571,0.12296255526039822
9.0,implicit,0.21428571428571427,0.9285714285714285,0.059608351879007426
9.0,implicit,0.21428571428571427,1.0,-0.05622875292409727
9.0,implicit,0.2857142857142857,0.0,-0.05622875292409727
9.0,implicit,0.2857142857142857,0.07142857142857142,0.07997451978275337
9.0,implicit,0.2857142857142857,0.14285714285714285,0.16372377590880224
9.0,implicit,0.2857142857142857,0.21428571428571427,0.24494308866352132
9.0,implicit,0.2857142857142857,0.2857142857142857,0.3265086628081394
9.0,implicit,0.2857142857142857,0.3571428571428571,0.40791208519953126
9.0,implicit,0.2857142857142857,0.42857142857142855,0.48670662385737173
9.0,implicit,0.2857142857142857,0.5,0.5422846117745801
9.0,implicit,0.2857142857142857,0.5714285714285714,0.4867066238573718
9.0,implicit,0.2857142857142857,0.6428571428571428,0.4079120851995311
9.0,implicit,0.2857142857142857,0.7142857142857142,0.3265086628081395
9.0,implicit,0.2857142857142857,0.7857142857142857,0.24494308866352138
9.0,implicit,0.2857142857142857,0.8571428571428571,0.1637237759088023
9.0,implicit,0.2857142857142857,0.9285714285714285,0.07997451978275343
9.0,implicit,0.2857142857142857,1.0,-0.05622875292409727
9.0,implicit,0.3571428571428571,0.0,-0.05622875292409727
9.0,implicit,0.3571428571428571,0.07142857142857142,0.10032442117096853
9.0,implicit,0.3571428571428571,0.14285714285714285,0.20442565468273818
9.0,implicit,0.3571428571428571,0.21428571428571427,0.3059973373400266
9.0,implicit,0.3571428571428571,0.2857142857142857,0.4079120851995293
9.0,implicit,0.3571428571428571,0.3571428571428571,0.5096128398728179
9.0,implicit,0.3571428571428571,0.42857142857142855,0.6080538585523109
9.0,implicit,0.3571428571428571,0.5,0.6774911117372684
9.0,implicit,0.3571428571428571,0.5714285714285714,0.6080538585523113
9.0,implicit,0.3571428571428571,0.6428571428571428,0.5096128398728174
9.0,implicit,0.3571428571428571,0.7142857142857142,0.40791208519952926
9.0,implicit,0.3571428571428571,0.7857142857142857,0.30599733734002665
9.0,implicit,0.3571428571428571,0.8571428571428571,0.2044256546827381
9.0,implicit,0.3571428571428571,0.9285714285714285,0.10032442117096872
9.0,implicit,0.3571428571428571,1.0,-0.05622875292409727
9.0,implicit,0.42857142857142855,0.0,-0.05622875292409727
9.0,implicit,0.42857142857142855,0.07142857142857142,0.12002382599702285
9.0,implicit,0.42857142857142855,0.14285714285714285,0.24382457017368137
9.0,implicit,0.42857142857142855,0.21428571428571427,0.3650956284952066
9.0,implicit,0.42857142857142855,0.2857142857142857,0.4867066238573722
9.0,implicit,0.42857142857142855,0.3571428571428571,0.6080538585523125
9.0,implicit,0.42857142857142855,0.42857142857142855,0.7255145910351163
9.0,implicit,0.42857142857142855,0.5,0.8083808473609276
9.0,implicit,0.42857142857142855,0.5714285714285714,0.7255145910351145
9.0,implicit,0.42857142857142855,0.6428571428571428,0.6080538585523106
9.0,implicit,0.42857142857142855,0.7142857142857142,0.48670662385737157
9.0,implicit,0.42857142857142855,0.7857142857142857,0.3650956284952065
9.0,implicit,0.42857142857142855,0.8571428571428571,0.24382457017368178
9.0,implicit,0.42857142857142855,0.9285714285714285,0.120023825997023
9.0,implicit,0.42857142857142855,1.0,-0.05622875292409727
9.0,implicit,0.5,0.0,-0.05622875292409727
9.0,implicit,0.5,0.07142857142857142,0.13391889724983302
9.0,implicit,0.5,0.14285714285714285,0.27161471272054993
9.0,implicit,0.5,0.21428571428571427,0.4067807349800068
9.0,implicit,0.5,0.2857142857142857,0.5422846117745801
9.0,implicit,0.5,0.3571428571428571,0.6774911117372691
9.0,implicit,0.5,0.42857142857142855,0.8083808473609275
9.0,implicit,0.5,0.5,0.9007744232894583
9.0,implicit,0.5,0.5714285714285714,0.8083808473609283
9.0,implicit,0.5,0.6428571428571428,0.6774911117372673
9.0,implicit,0.5,0.7142857142857142,0.5422846117745785
9.0,implicit,0.5,0.7857142857142857,0.40678073498000694
9.0,implicit,0.5,0.8571428571428571,0.2716147127205501
9.0,implicit,0.5,0.9285714285714285,0.13391889724983308
9.0,implicit,0.5,1.0,-0.05622875292409727
9.0,implicit,0.5714285714285714,0.0,-0.05622875292409727
9.0,implicit,0.5714285714285714,0.07142857142857142,0.12002382599702259
9.0,implicit,0.5714285714285714,0.14285714285714285,0.24382457017368153
9.0,implicit,0.5714285714285714,0.21428571428571427,0.36509562849520794
9.0,implicit,0.5714285714285714,0.2857142857142857,0.48670662385737207
9.0,implicit,0.5714285714285714,0.3571428571428571,0.6080538585523126
9.0,implicit,0.5714285714285714,0.42857142857142855,0.7255145910351154
9.0,implicit,0.5714285714285714,0.5,0.8083808473609294
9.0,implicit,0.5714285714285714,0.5714285714285714,0.725514591035116
9.0,implicit,0.5714285714285714,0.6428571428571428,0.6080538585523131
9.0,implicit,0.5714285714285714,0.7142857142857142,0.4867066238573735
9.0,implicit,0.5714285714285714,0.7857142857142857,0.36509562849520755
9.0,implicit,0.5714285714285714,0.8571428571428571,0.24382457017368167
9.0,implicit,0.5714285714285714,0.9285714285714285,0.12002382599702281
9.0,implicit,0.5714285714285714,1.0,-0.05622875292409727
9.0,implicit,0.6428571428571428,0.0,-0.05622875292409727
9.0,implicit,0.6428571428571428,0.07142857142857142,0.10032442117096865
9.0,implicit,0.6428571428571428,0.14285714285714285,0.20442565468273954
9.0,implicit,0.6428571428571428,0.21428571428571427,0.3059973373400271
9.0,implicit,0.6428571428571428,0.2857142857142857,0.4079120851995312
9.0,implicit,0.6428571428571428,0.3571428571428571,0.5096128398728172
9.0,implicit,0.6428571428571428,0.42857142857142855,0.6080538585523115
9.0,implicit,0.6428571428571428,0.5,0.6774911117372682
9.0,implicit,0.6428571428571428,0.5714285714285714,0.6080538585523132
9.0,implicit,0.6428571428571428,0.6428571428571428,0.5096128398728186
9.0,implicit,0.6428571428571428,0.7142857142857142,0.4079120851995314
9.0,implicit,0.6428571428571428,0.7857142857142857,0.3059973373400271
9.0,implicit,0.6428571428571428,0.8571428571428571,0.20442565468273866
9.0,implicit,0.6428571428571428,0.9285714285714285,0.10032442117096864
9.0,implicit,0.6428571428571428,1.0,-0.05622875292409727
9.0,implicit,0.7142857142857142,0.0,-0.05622875292409727
9.0,implicit,0.7142857142857142,0.07142857142857142,0.07997451978275359
9.0,implicit,0.7142857142857142,0.14285714285714285,0.1637237759088024
9.0,implicit,0.7142857142857142,0.21428571428571427,0.24494308866352155
9.0,implicit,0.7142857142857142,0.2857142857142857,0.32650866280813956
9.0,implicit,0.7142857142857142,0.3571428571428571,0.4079120851995301
9.0,implicit,0.7142857142857142,0.42857142857142855,0.48670662385737146
9.0,implicit,0.7142857142857142,0.5,0.5422846117745805
9.0,implicit,0.7142857142857142,0.5714285714285714,0.48670662385737123
9.0,implicit,0.7142857142857142,0.6428571428571428,0.4079120851995302
9.0,implicit,0.7142857142857142,0.7142857142857142,0.32650866280813967
9.0,implicit,0.7142857142857142,0.7857142857142857,0.24494308866352155
9.0,implicit,0.7142857142857142,0.8571428571428571,0.16372377590880238
9.0,implicit,0.7142857142857142,0.9285714285714285,0.07997451978275365
9.0,implicit,0.7142857142857142,1.0,-0.05622875292409727
9.0,implicit,0.7857142857142857,0.0,-0.05622875292409727
9.0,implicit,0.7857142857142857,0.07142857142857142,0.0596083518790075
9.0,implicit,0.7857142857142857,0.14285714285714285,0.12296255526039823
9.0,implicit,0.7857142857142857,0.21428571428571427,0.1837786199731248
9.0,implicit,0.7857142857142857,0.2857142857142857,0.24494308866352144
9.0,implicit,0.7857142857142857,0.3571428571428571,0.3059973373400268
9.0,implicit,0.7857142857142857,0.42857142857142855,0.36509562849520666
9.0,implicit,0.7857142857142857,0.5,0.40678073498000683
9.0,implicit,0.7857142857142857,0.5714285714285714,0.36509562849520644
9.0,implicit,0.7857142857142857,0.6428571428571428,0.3059973373400268
9.0,implicit,0.7857142857142857,0.7142857142857142,0.24494308866352152
9.0,implicit,0.7857142857142857,0.7857142857142857,0.18377861997312492
9.0,implicit,0.7857142857142857,0.8571428571428571,0.12296255526039827
9.0,implicit,0.7857142857142857,0.9285714285714285,0.059608351879007544
9.0,implicit,0.7857142857142857,1.0,-0.05622875292409727
9.0,implicit,0.8571428571428571,0.0,-0.05622875292409727
9.0,implicit,0.8571428571428571,0.07142857142857142,0.0394918423123491
9.0,implicit,0.8571428571428571,0.14285714285714285,0.08254020622563417
9.0,implicit,0.8571428571428571,0.21428571428571427,0.12296255526039822
9.0,implicit,0.8571428571428571,0.2857142857142857,0.1637237759088023
9.0,implicit,0.8571428571428571,0.3571428571428571,0.20442565468273813
9.0,implicit,0.8571428571428571,0.42857142857142855,0.24382457017368162
9.0,implicit,0.8571428571428571,0.5,0.27161471272055
9.0,implicit,0.8571428571428571,0.5714285714285714,0.24382457017368114
9.0,implicit,0.8571428571428571,0.6428571428571428,0.2044256546827385
9.0,implicit,0.8571428571428571,0.7142857142857142,0.16372377590880247
9.0,implicit,0.8571428571428571,0.7857142857142857,0.12296255526039829
9.0,implicit,0.8571428571428571,0.8571428571428571,0.08254020622563418
9.0,implicit,0.8571428571428571,0.9285714285714285,0.03949184231234914
9.0,implicit,0.8571428571428571,1.0,-0.05622875292409727
9.0,implicit,0.9285714285714285,0.0,-0.05622875292409727
9.0,implicit,0.9285714285714285,0.07142857142857142,0.016344433711345505
9.0,implicit,0.9285714285714285,0.14285714285714285,0.03949184231234916
9.0,implicit,0.9285714285714285,0.21428571428571427,0.059608351879007426
9.0,implicit,0.9285714285714285,0.2857142857142857,0.07997451978275344
9.0,implicit,0.9285714285714285,0.3571428571428571,0.10032442117096882
9.0,implicit,0.9285714285714285,0.42857142857142855,0.120023825997023
9.0,implicit,0.9285714285714285,0.5,0.13391889724983308
9.0,implicit,0.9285714285714285,0.5714285714285714,0.12002382599702285
9.0,implicit,0.9285714285714285,0.6428571428571428,0.10032442117096856
9.0,implicit,0.9285714285714285,0.7142857142857142,0.07997451978275344
9.0,implicit,0.9285714285714285,0.7857142857142857,0.05960835187900743
9.0,implicit,0.9285714285714285,0.8571428571428571,0.03949184231234917
9.0,implicit,0.9285714285714285,0.9285714285714285,0.016344433711345516
9.0,implicit,0.9285714285714285,1.0,-0.05622875292409727
9.0,implicit,1.0,0.0,-0.05622875292409727
9.0,implicit,1.0,0.07142857142857142,-0.05622875292409727
9.0,implicit,1.0,0.14285714285714285,-0.05622875292409727
9.0,implicit,1.0,0.21428571428571427,-0.05622875292409727
9.0,implicit,1.0,0.2857142857142857,-0.05622875292409727
9.0,implicit,1.0,0.3571428571428571,-0.05622875292409727
9.0,implicit,1.0,0.42857142857142855,-0.05622875292409727
9.0,implicit,1.0,0.5,-0.05622875292409727
9.0,implicit,1.0,0.5714285714285714,-0.05622875292409727
9.0,implicit,1.0,0.6428571428571428,-0.05622875292409727
9.0,implicit,1.0,0.7142857142857142,-0.05622875292409727
9.0,implicit,1.0,0.7857142857142857,-0.05622875292409727
9.0,implicit,1.0,0.8571428571428571,-0.05622875292409727
9.0,implicit,1.0,0.9285714285714285,-0.05622875292409727
9.0,implicit,1.0,1.0,-0.05622875292409727
10.0,implicit,0.0,0.0,0.03142473325952739
10.0,implicit,0.0,0.07142857142857142,0.03142473325952739
10.0,implicit,0.0,0.14285714285714285,0.03142473325952739
10.0,implicit,0.0,0.21428571428571427,0.03142473325952739
10.0,implicit,0.0,0.2857142857142857,0.03142473325952739
10.0,implicit,0.0,0.3571428571428571,0.03142473325952739
10.0,implicit,0.0,0.42857142857142855,0.03142473325952739
10.0,implicit,0.0,0.5,0.03142473325952739
10.0,implicit,0.0,0.5714285714285714,0.03142473325952739
10.0,implicit,0.0,0.6428571428571428,0.03142473325952739
10.0,implicit,0.0,0.7142857142857142,0.03142473325952739
10.0,implicit,0.0,0.7857142857142857,0.03142473325952739
10.0,implicit,0.0,0.8571428571428571,0.03142473325952739
10.0,implicit,0.0,0.9285714285714285,0.03142473325952739
10.0,implicit,0.0,1.0,0.03142473325952739
10.0,implicit,0.07142857142857142,0.0,0.03142473325952739
10.0,implicit,0.07142857142857142,0.07142857142857142,0.014954337344022274
10.0,implicit,0.07142857142857142,0.14285714285714285,0.03858773837878719
10.0,implicit,0.07142857142857142,0.21428571428571427,0.05881421111603613
10.0,implicit,0.07142857142857142,0.2857142857142857,0.07917601299213463
10.0,implicit,0.07142857142857142,0.3571428571428571,0.099506302296663
10.0,implicit,0.07142857142857142,0.42857142857142855,0.11905841577275354
10.0,implicit,0.07142857142857142,0.5,0.13238368271373457
10.0,implicit,0.07142857142857142,0.5714285714285714,0.11905841577275356
10.0,implicit,0.07142857142857142,0.6428571428571428,0.09950630229666305
10.0,implicit,0.07142857142857142,0.7142857142857142,0.07917601299213468
10.0,implicit,0.07142857142857142,0.7857142857142857,0.05881421111603613
10.0,implicit,0.07142857142857142,0.8571428571428571,0.0385877383787872
10.0,implicit,0.07142857142857142,0.9285714285714285,0.014954337344022291
10.0,implicit,0.07142857142857142,1.0,0.03142473325952739
10.0,implicit,0.14285714285714285,0.0,0.03142473325952739
10.0,implicit,0.14285714285714285,0.07142857142857142,0.03858773837878721
10.0,implicit,0.14285714285714285,0.14285714285714285,0.082347030627425
10.0,implicit,0.14285714285714285,0.21428571428571427,0.12287524593891154
10.0,implicit,0.14285714285714285,0.2857142857142857,0.16362764877707492
10.0,implicit,0.14285714285714285,0.3571428571428571,0.20429084277052578
10.0,implicit,0.14285714285714285,0.42857142857142855,0.24339522289459914
10.0,implicit,0.14285714285714285,0.5,0.2700457565730895
10.0,implicit,0.14285714285714285,0.5714285714285714,0.2433952228945989
10.0,implicit,0.14285714285714285,0.6428571428571428,0.20429084277052545
10.0,implicit,0.14285714285714285,0.7142857142857142,0.16362764877707495
10.0,implicit,0.14285714285714285,0.7857142857142857,0.12287524593891157
10.0,implicit,0.14285714285714285,0.8571428571428571,0.08234703062742503
10.0,implicit,0.14285714285714285,0.9285714285714285,0.03858773837878726
10.0,implicit,0.14285714285714285,1.0,0.03142473325952739
10.0,implicit,0.21428571428571427,0.0,0.03142473325952739
10.0,implicit,0.21428571428571427,0.07142857142857142,0.058814211116035985
10.0,implicit,0.21428571428571427,0.14285714285714285,0.12287524593891153
10.0,implicit,0.21428571428571427,0.21428571428571427,0.18379294305506452
10.0,implicit,0.21428571428571427,0.2857142857142857,0.24494621818937898
10.0,implicit,0.21428571428571427,0.3571428571428571,0.3059428667524763
10.0,implicit,0.21428571428571427,0.42857142857142855,0.36459929905072613
10.0,implicit,0.21428571428571427,0.5,0.40457493309874376
10.0,implicit,0.21428571428571427,0.5714285714285714,0.36459929905072525
10.0,implicit,0.21428571428571427,0.6428571428571428,0.3059428667524761
10.0,implicit,0.21428571428571427,0.7142857142857142,0.24494621818937906
10.0,implicit,0.21428571428571427,0.7857142857142857,0.18379294305506455
10.0,implicit,0.21428571428571427,0.8571428571428571,0.12287524593891158
10.0,implicit,0.21428571428571427,0.9285714285714285,0.05881421111603604
10.0,implicit,0.21428571428571427,1.0,0.03142473325952739
10.0,implicit,0.2857142857142857,0.0,0.03142473325952739
10.0,implicit,0.2857142857142857,0.07142857142857142,0.07917601299213443
10.0,implicit,0.2857142857142857,0.14285714285714285,0.1636276487770749
10.0,implicit,0.2857142857142857,0.21428571428571427,0.24494621818937884
10.0,implicit,0.2857142857142857,0.2857142857142857,0.32649722175249973
10.0,implicit,0.2857142857142857,0.3571428571428571,0.40782265484265506
10.0,implicit,0.2857142857142857,0.42857142857142855,0.48602658737102866
10.0,implicit,0.2857142857142857,0.5,0.53932438204765
10.0,implicit,0.2857142857142857,0.5714285714285714,0.4860265873710288
10.0,implicit,0.2857142857142857,0.6428571428571428,0.4078226548426549
10.0,implicit,0.2857142857142857,0.7142857142857142,0.32649722175249984
10.0,implicit,0.2857142857142857,0.7857142857142857,0.24494621818937892
10.0,implicit,0.2857142857142857,0.8571428571428571,0.16362764877707495
10.0,implicit,0.2857142857142857,0.9285714285714285,0.07917601299213448
10.0,implicit,0.2857142857142857,1.0,0.03142473325952739
10.0,implicit,0.3571428571428571,0.0,0.03142473325952739
10.0,implicit,0.3571428571428571,0.07142857142857142,0.09950630229666288
10.0,implicit,0.3571428571428571,0.14285714285714285,0.2042908427705248
10.0,implicit,0.3571428571428571,0.21428571428571427,0.30594286675247584
10.0,implicit,0.3571428571428571,0.2857142857142857,0.40782265484265284
10.0,implicit,0.3571428571428571,0.3571428571428571,0.5094080852345358
10.0,implicit,0.3571428571428571,0.42857142857142855,0.6070939232695461
10.0,implicit,0.3571428571428571,0.5,0.6736709445056998
10.0,implicit,0.3571428571428571,0.5714285714285714,0.607093923269547
10.0,implicit,0.3571428571428571,0.6428571428571428,0.5094080852345357
10.0,implicit,0.3571428571428571,0.7142857142857142,0.40782265484265273
10.0,implicit,0.3571428571428571,0.7857142857142857,0.30594286675247584
10.0,implicit,0.3571428571428571,0.8571428571428571,0.20429084277052473
10.0,implicit,0.3571428571428571,0.9285714285714285,0.09950630229666305
10.0,implicit,0.3571428571428571,1.0,0.03142473325952739
10.0,implicit,0.42857142857142855,0.0,0.03142473325952739
10.0,implicit,0.42857142857142855,0.07142857142857142,0.11905841577275375
10.0,implicit,0.42857142857142855,0.14285714285714285,0.24339522289459897
10.0,implicit,0.42857142857142855,0.21428571428571427,0.3645992990507249
10.0,implicit,0.42857142857142855,0.2857142857142857,0.4860265873710291
10.0,implicit,0.42857142857142855,0.3571428571428571,0.6070939232695476
10.0,implicit,0.42857142857142855,0.42857142857142855,0.723517328625784
10.0,implicit,0.42857142857142855,0.5,0.8028788470174968
10.0,implicit,0.42857142857142855,0.5714285714285714,0.7235173286257818
10.0,implicit,0.42857142857142855,0.6428571428571428,0.607093923269546
10.0,implicit,0.42857142857142855,0.7142857142857142,0.4860265873710285
10.0,implicit,0.42857142857142855,0.7857142857142857,0.3645992990507249
10.0,implicit,0.42857142857142855,0.8571428571428571,0.2433952228945994
10.0,implicit,0.42857142857142855,0.9285714285714285,0.1190584157727539
10.0,implicit,0.42857142857142855,1.0,0.03142473325952739
10.0,implicit,0.5,0.0,0.03142473325952739
10.0,implicit,0.5,0.07142857142857142,0.13238368271373457
10.0,implicit,0.5,0.14285714285714285,0.2700457565730896
10.0,implicit,0.5,0.21428571428571427,0.4045749330987456
10.0,implicit,0.5,0.2857142857142857,0.5393243820476498
10.0,implicit,0.5,0.3571428571428571,0.6736709445057001
10.0,implicit,0.5,0.42857142857142855,0.8028788470174963
10.0,implicit,0.5,0.5,0.8910058622228101
10.0,implicit,0.5,0.5714285714285714,0.8028788470174976
10.0,implicit,0.5,0.6428571428571428,0.6736709445056983
10.0,implicit,0.5,0.7142857142857142,0.5393243820476482
10.0,implicit,0.5,0.7857142857142857,0.40457493309874576
10.0,implicit,0.5,0.8571428571428571,0.27004575657308977
10.0,implicit,0.5,0.9285714285714285,0.13238368271373463
10.0,implicit,0.5,1.0,0.03142473325952739
10.0,implicit,0.5714285714285714,0.0,0.03142473325952739
10.0,implicit,0.5714285714285714,0.07142857142857142,0.11905841577275346
10.0,implicit,0.5714285714285714,0.14285714285714285,0.2433952228945992
10.0,implicit,0.5714285714285714,0.21428571428571427,0.3645992990507263
10.0,implicit,0.5714285714285714,0.2857142857142857,0.4860265873710291
10.0,implicit,0.5714285714285714,0.3571428571428571,0.6070939232695481
10.0,implicit,0.5714285714285714,0.42857142857142855,0.723517328625783
10.0,implicit,0.5714285714285714,0.5,0.8028788470174988
10.0,implicit,0.5714285714285714,0.5714285714285714,0.7235173286257838
10.0,implicit,0.5714285714285714,0.6428571428571428,0.6070939232695486
10.0,implicit,0.5714285714285714,0.7142857142857142,0.48602658737103066
10.0,implicit,0.5714285714285714,0.7857142857142857,0.3645992990507258
10.0,implicit,0.5714285714285714,0.8571428571428571,0.2433952228945993
10.0,implicit,0.5714285714285714,0.9285714285714285,0.11905841577275368
10.0,implicit,0.5714285714285714,1.0,0.03142473325952739
10.0,implicit,0.6428571428571428,0.0,0.03142473325952739
10.0,implicit,0.6428571428571428,0.07142857142857142,0.09950630229666298
10.0,implicit,0.6428571428571428,0.14285714285714285,0.20429084277052617
10.0,implicit,0.6428571428571428,0.21428571428571427,0.30594286675247634
10.0,implicit,0.6428571428571428,0.2857142857142857,0.407822654842655
10.0,implicit,0.6428571428571428,0.3571428571428571,0.5094080852345358
10.0,implicit,0.6428571428571428,0.42857142857142855,0.6070939232695469
10.0,implicit,0.6428571428571428,0.5,0.6736709445056993
10.0,implicit,0.6428571428571428,0.5714285714285714,0.6070939232695487
10.0,implicit,0.6428571428571428,0.6428571428571428,0.5094080852345367
10.0,implicit,0.6428571428571428,0.7142857142857142,0.40782265484265506
10.0,implicit,0.6428571428571428,0.7857142857142857,0.3059428667524763
10.0,implicit,0.6428571428571428,0.8571428571428571,0.20429084277052528
10.0,implicit,0.6428571428571428,0.9285714285714285,0.09950630229666292
10.0,implicit,0.6428571428571428,1.0,0.03142473325952739
10.0,implicit,0.7142857142857142,0.0,0.03142473325952739
10.0,implicit,0.7142857142857142,0.07142857142857142,0.07917601299213466
10.0,implicit,0.7142857142857142,0.14285714285714285,0.16362764877707497
10.0,implicit,0.7142857142857142,0.21428571428571427,0.24494621818937906
10.0,implicit,0.7142857142857142,0.2857142857142857,0.32649722175249996
10.0,implicit,0.7142857142857142,0.3571428571428571,0.40782265484265356
10.0,implicit,0.7142857142857142,0.42857142857142855,0.48602658737102855
10.0,implicit,0.7142857142857142,0.5,0.5393243820476499
10.0,implicit,0.7142857142857142,0.5714285714285714,0.4860265873710283
10.0,implicit,0.7142857142857142,0.6428571428571428,0.40782265484265384
10.0,implicit,0.7142857142857142,0.7142857142857142,0.32649722175250007
10.0,implicit,0.7142857142857142,0.7857142857142857,0.24494621818937906
10.0,implicit,0.7142857142857142,0.8571428571428571,0.16362764877707497
10.0,implicit,0.7142857142857142,0.9285714285714285,0.07917601299213471
10.0,implicit,0.7142857142857142,1.0,0.03142473325952739
10.0,implicit,0.7857142857142857,0.0,0.03142473325952739
10.0,implicit,0.7857142857142857,0.07142857142857142,0.05881421111603613
10.0,implicit,0.7857142857142857,0.14285714285714285,0.12287524593891157
10.0,implicit,0.7857142857142857,0.21428571428571427,0.18379294305506455
10.0,implicit,0.7857142857142857,0.2857142857142857,0.244946218189379
10.0,implicit,0.7857142857142857,0.3571428571428571,0.30594286675247606
10.0,implicit,0.7857142857142857,0.42857142857142855,0.3645992990507251
10.0,implicit,0.7857142857142857,0.5,0.4045749330987455
10.0,implicit,0.7857142857142857,0.5714285714285714,0.36459929905072475
10.0,implicit,0.7857142857142857,0.6428571428571428,0.30594286675247606
10.0,implicit,0.7857142857142857,0.7142857142857142,0.24494621818937906
10.0,implicit,0.7857142857142857,0.7857142857142857,0.18379294305506463
10.0,implicit,0.7857142857142857,0.8571428571428571,0.12287524593891161
10.0,implicit,0.7857142857142857,0.9285714285714285,0.05881421111603617
10.0,implicit,0.7857142857142857,1.0,0.03142473325952739
10.0,implicit,0.8571428571428571,0.0,0.03142473325952739
10.0,implicit,0.8571428571428571,0.07142857142857142,0.0385877383787872
10.0,implicit,0.8571428571428571,0.14285714285714285,0.08234703062742503
10.0,implicit,0.8571428571428571,0.21428571428571427,0.12287524593891158
10.0,implicit,0.8571428571428571,0.2857142857142857,0.16362764877707495
10.0,implicit,0.8571428571428571,0.3571428571428571,0.20429084277052478
10.0,implicit,0.8571428571428571,0.42857142857142855,0.2433952228945992
10.0,implicit,0.8571428571428571,0.5,0.27004575657308966
10.0,implicit,0.8571428571428571,0.5714285714285714,0.24339522289459867
10.0,implicit,0.8571428571428571,0.6428571428571428,0.20429084277052514
10.0,implicit,0.8571428571428571,0.7142857142857142,0.1636276487770751
10.0,implicit,0.8571428571428571,0.7857142857142857,0.12287524593891164
10.0,implicit,0.8571428571428571,0.8571428571428571,0.08234703062742504
10.0,implicit,0.8571428571428571,0.9285714285714285,0.03858773837878724
10.0,implicit,0.8571428571428571,1.0,0.03142473325952739
10.0,implicit,0.9285714285714285,0.0,0.03142473325952739
10.0,implicit,0.9285714285714285,0.07142857142857142,0.014954337344022291
10.0,implicit,0.9285714285714285,0.14285714285714285,0.03858773837878726
10.0,implicit,0.9285714285714285,0.21428571428571427,0.05881421111603604
10.0,implicit,0.9285714285714285,0.2857142857142857,0.07917601299213449
10.0,implicit,0.9285714285714285,0.3571428571428571,0.0995063022966631
10.0,implicit,0.9285714285714285,0.42857142857142855,0.11905841577275388
10.0,implicit,0.9285714285714285,0.5,0.13238368271373463
10.0,implicit,0.9285714285714285,0.5714285714285714,0.1190584157727537
10.0,implicit,0.9285714285714285,0.6428571428571428,0.09950630229666291
10.0,implicit,0.9285714285714285,0.7142857142857142,0.07917601299213449
10.0,implicit,0.9285714285714285,0.7857142857142857,0.05881421111603605
10.0,implicit,0.9285714285714285,0.8571428571428571,0.03858773837878727
10.0,implicit,0.9285714285714285,0.9285714285714285,0.014954337344022305
10.0,implicit,0.9285714285714285,1.0,0.03142473325952739
10.0,implicit,1.0,0.0,0.03142473325952739
10.0,implicit,1.0,0.07142857142857142,0.03142473325952739
10.0,implicit,1.0,0.14285714285714285,0.03142473325952739
10.0,implicit,1.0,0.21428571428571427,0.03142473325952739
10.0,implicit,1.0,0.2857142857142857,0.03142473325952739
10.0,implicit,1.0,0.3571428571428571,0.03142473325952739
10.0,implicit,1.0,0.42857142857142855,0.03142473325952739
10.0,implicit,1.0,0.5,0.03142473325952739
10.0,implicit,1.0,0.5714285714285714,0.03142473325952739
10.0,implicit,1.0,0.6428571428571428,0.03142473325952739
10.0,implicit,1.0,0.7142857142857142,0.03142473325952739
10.0,implicit,1.0,0.7857142857142857,0.03142473325952739
10.0,implicit,1.0,0.8571428571428571,0.03142473325952739
10.0,implicit,1.0,0.9285714285714285,0.03142473325952739
10.0,implicit,1.0,1.0,0.03142473325952739
11.0,implicit,0.0,0.0,-0.0908024075521211
11.0,implicit,0.0,0.07142857142857142,-0.0908024075521211
11.0,implicit,0.0,0.14285714285714285,-0.0908024075521211
11.0,implicit,0.0,0.21428571428571427,-0.0908024075521211
11.0,implicit,0.0,0.2857142857142857,-0.0908024075521211
11.0,implicit,0.0,0.3571428571428571,-0.0908024075521211
11.0,implicit,0.0,0.42857142857142855,-0.0908024075521211
11.0,implicit,0.0,0.5,-0.0908024075521211
11.0,implicit,0.0,0.5714285714285714,-0.0908024075521211
11.0,implicit,0.0,0.6428571428571428,-0.0908024075521211
11.0,implicit,0.0,0.7142857142857142,-0.0908024075521211
11.0,implicit,0.0,0.7857142857142857,-0.0908024075521211
11.0,implicit,0.0,0.8571428571428571,-0.0908024075521211
11.0,implicit,0.0,0.9285714285714285,-0.0908024075521211
11.0,implicit,0.0,1.0,-0.0908024075521211
11.0,implicit,0.07142857142857142,0.0,-0.0908024075521211
11.0,implicit,0.07142857142857142,0.07142857142857142,0.012790878353555891
11.0,implicit,0.07142857142857142,0.14285714285714285,0.03738742721434508
11.0,implicit,0.07142857142857142,0.21428571428571427,0.05767415134027047
11.0,implicit,0.07142857142857142,0.2857142857142857,0.07803475579610258
11.0,implicit,0.07142857142857142,0.3571428571428571,0.09835409761322321
11.0,implicit,0.07142857142857142,0.42857142857142855,0.11782985208845957
11.0,implicit,0.07142857142857142,0.5,0.13088548155209154
11.0,implicit,0.07142857142857142,0.5714285714285714,0.11782985208845956
11.0,implicit,0.07142857142857142,0.6428571428571428,0.09835409761322322
11.0,implicit,0.07142857142857142,0.7142857142857142,0.07803475579610263
11.0,implicit,0.07142857142857142,0.7857142857142857,0.05767415134027047
11.0,implicit,0.07142857142857142,0.8571428571428571,0.037387427214345084
11.0,implicit,0.07142857142857142,0.9285714285714285,0.012790878353555909
11.0,implicit,0.07142857142857142,1.0,-0.0908024075521211
11.0,implicit,0.14285714285714285,0.0,-0.0908024075521211
11.0,implicit,0.14285714285714285,0.07142857142857142,0.0373874272143451
11.0,implicit,0.14285714285714285,0.14285714285714285,0.08223054610425766
11.0,implicit,0.14285714285714285,0.21428571428571427,0.12282033859094336
11.0,implicit,0.14285714285714285,0.2857142857142857,0.16356924504763812
11.0,implicit,0.14285714285714285,0.3571428571428571,0.20421077829644077
11.0,implicit,0.14285714285714285,0.42857142857142855,0.24316246600429714
11.0,implicit,0.14285714285714285,0.5,0.26927372442825537
11.0,implicit,0.14285714285714285,0.5714285714285714,0.2431624660042969
11.0,implicit,0.14285714285714285,0.6428571428571428,0.20421077829644044
11.0,implicit,0.14285714285714285,0.7142857142857142,0.16356924504763815
11.0,implicit,0.14285714285714285,0.7857142857142857,0.12282033859094339
11.0,implicit,0.14285714285714285,0.8571428571428571,0.08223054610425769
11.0,implicit,0.14285714285714285,0.9285714285714285,0.03738742721434515
11.0,implicit,0.14285714285714285,1.0,-0.0908024075521211
11.0,implicit,0.21428571428571427,0.0,-0.0908024075521211
11.0,implicit,0.21428571428571427,0.07142857142857142,0.057674151340270326
11.0,implicit,0.21428571428571427,0.14285714285714285,0.12282033859094335
11.0,implicit,0.21428571428571427,0.21428571428571427,0.18379762814250813
11.0,implicit,0.21428571428571427,0.2857142857142857,0.24494598940028178
11.0,implicit,0.21428571428571427,0.3571428571428571,0.3059103416395888
11.0,implicit,0.21428571428571427,0.42857142857142855,0.3643376969602145
11.0,implicit,0.21428571428571427,0.5,0.40350438117426046
11.0,implicit,0.21428571428571427,0.5714285714285714,0.36433769696021356
11.0,implicit,0.21428571428571427,0.6428571428571428,0.30591034163958863
11.0,implicit,0.21428571428571427,0.7142857142857142,0.24494598940028187
11.0,implicit,0.21428571428571427,0.7857142857142857,0.18379762814250816
11.0,implicit,0.21428571428571427,0.8571428571428571,0.1228203385909434
11.0,implicit,0.21428571428571427,0.9285714285714285,0.05767415134027038
11.0,implicit,0.21428571428571427,1.0,-0.0908024075521211
11.0,implicit,0.2857142857142857,0.0,-0.0908024075521211
11.0,implicit,0.2857142857142857,0.07142857142857142,0.07803475579610236
11.0,implicit,0.2857142857142857,0.14285714285714285,0.16356924504763806
11.0,implicit,0.2857142857142857,0.21428571428571427,0.24494598940028167
11.0,implicit,0.2857142857142857,0.2857142857142857,0.32649003471985844
11.0,implicit,0.2857142857142857,0.3571428571428571,0.4077716520802262
11.0,implicit,0.2857142857142857,0.42857142857142855,0.48566927428568984
11.0,implicit,0.2857142857142857,0.5,0.5378879469599712
11.0,implicit,0.2857142857142857,0.5714285714285714,0.48566927428569
11.0,implicit,0.2857142857142857,0.6428571428571428,0.40777165208022603
11.0,implicit,0.2857142857142857,0.7142857142857142,0.3264900347198585
11.0,implicit,0.2857142857142857,0.7857142857142857,0.24494598940028173
11.0,implicit,0.2857142857142857,0.8571428571428571,0.16356924504763812
11.0,implicit,0.2857142857142857,0.9285714285714285,0.0780347557961024
11.0,implicit,0.2857142857142857,1.0,-0.0908024075521211
11.0,implicit,0.3571428571428571,0.0,-0.0908024075521211
11.0,implicit,0.3571428571428571,0.07142857142857142,0.09835409761322302
11.0,implicit,0.3571428571428571,0.14285714285714285,0.20421077829643985
11.0,implicit,0.3571428571428571,0.21428571428571427,0.30591034163958836
11.0,implicit,0.3571428571428571,0.2857142857142857,0.407771652080224
11.0,implicit,0.3571428571428571,0.3571428571428571,0.5092923187249767
11.0,implicit,0.3571428571428571,0.42857142857142855,0.6065858765802575
11.0,implicit,0.3571428571428571,0.5,0.6718086169494396
11.0,implicit,0.3571428571428571,0.5714285714285714,0.6065858765802584
11.0,implicit,0.3571428571428571,0.6428571428571428,0.5092923187249765
11.0,implicit,0.3571428571428571,0.7142857142857142,0.40777165208022387
11.0,implicit,0.3571428571428571,0.7857142857142857,0.30591034163958836
11.0,implicit,0.3571428571428571,0.8571428571428571,0.20421077829643972
11.0,implicit,0.3571428571428571,0.9285714285714285,0.09835409761322317
11.0,implicit,0.3571428571428571,1.0,-0.0908024075521211
11.0,implicit,0.42857142857142855,0.0,-0.0908024075521211
11.0,implicit,0.42857142857142855,0.07142857142857142,0.1178298520884598
11.0,implicit,0.42857142857142855,0.14285714285714285,0.24316246600429692
11.0,implicit,0.42857142857142855,0.21428571428571427,0.3643376969602132
11.0,implicit,0.42857142857142855,0.2857142857142857,0.48566927428569046
11.0,implicit,0.42857142857142855,0.3571428571428571,0.6065858765802589
11.0,implicit,0.42857142857142855,0.42857142857142855,0.7224715709322417
11.0,implicit,0.42857142857142855,0.5,0.8001723743787391
11.0,implicit,0.42857142857142855,0.5714285714285714,0.7224715709322393
11.0,implicit,0.42857142857142855,0.6428571428571428,0.6065858765802573
11.0,implicit,0.42857142857142855,0.7142857142857142,0.4856692742856898
11.0,implicit,0.42857142857142855,0.7857142857142857,0.36433769696021323
11.0,implicit,0.42857142857142855,0.8571428571428571,0.2431624660042973
11.0,implicit,0.42857142857142855,0.9285714285714285,0.11782985208845993
11.0,implicit,0.42857142857142855,1.0,-0.0908024075521211
11.0,implicit,0.5,0.0,-0.0908024075521211
11.0,implicit,0.5,0.07142857142857142,0.13088548155209154
11.0,implicit,0.5,0.14285714285714285,0.26927372442825553
11.0,implicit,0.5,0.21428571428571427,0.4035043811742623
11.0,implicit,0.5,0.2857142857142857,0.537887946959971
11.0,implicit,0.5,0.3571428571428571,0.67180861694944
11.0,implicit,0.5,0.42857142857142855,0.8001723743787389
11.0,implicit,0.5,0.5,0.8862889657820388
11.0,implicit,0.5,0.5714285714285714,0.8001723743787398
11.0,implicit,0.5,0.6428571428571428,0.6718086169494382
11.0,implicit,0.5,0.7142857142857142,0.5378879469599697
11.0,implicit,0.5,0.7857142857142857,0.4035043811742625
11.0,implicit,0.5,0.8571428571428571,0.26927372442825565
11.0,implicit,0.5,0.9285714285714285,0.13088548155209156
11.0,implicit,0.5,1.0,-0.0908024075521211
11.0,implicit,0.5714285714285714,0.0,-0.0908024075521211
11.0,implicit,0.5714285714285714,0.07142857142857142,0.11782985208845949
11.0,implicit,0.5714285714285714,0.14285714285714285,0.24316246600429717
11.0,implicit,0.5714285714285714,0.21428571428571427,0.36433769696021473
11.0,implicit,0.5714285714285714,0.2857142857142857,0.4856692742856904
11.0,implicit,0.5714285714285714,0.3571428571428571,0.6065858765802598
11.0,implicit,0.5714285714285714,0.42857142857142855,0.7224715709322405
11.0,implicit,0.5714285714285714,0.5,0.800172374378741
11.0,implicit,0.5714285714285714,0.5714285714285714,0.7224715709322412
11.0,implicit,0.5714285714285714,0.6428571428571428,0.60658587658026
11.0,implicit,0.5714285714285714,0.7142857142857142,0.48566927428569195
11.0,implicit,0.5714285714285714,0.7857142857142857,0.3643376969602143
11.0,implicit,0.5714285714285714,0.8571428571428571,0.24316246600429725
11.0,implicit,0.5714285714285714,0.9285714285714285,0.1178298520884597
11.0,implicit,0.5714285714285714,1.0,-0.0908024075521211
11.0,implicit,0.6428571428571428,0.0,-0.0908024075521211
11.0,implicit,0.6428571428571428,0.07142857142857142,0.09835409761322317
11.0,implicit,0.6428571428571428,0.14285714285714285,0.20421077829644116
11.0,implicit,0.6428571428571428,0.21428571428571427,0.30591034163958886
11.0,implicit,0.6428571428571428,0.2857142857142857,0.40777165208022614
11.0,implicit,0.6428571428571428,0.3571428571428571,0.5092923187249766
11.0,implicit,0.6428571428571428,0.42857142857142855,0.6065858765802581
11.0,implicit,0.6428571428571428,0.5,0.6718086169494392
11.0,implicit,0.6428571428571428,0.5714285714285714,0.6065858765802602
11.0,implicit,0.6428571428571428,0.6428571428571428,0.5092923187249777
11.0,implicit,0.6428571428571428,0.7142857142857142,0.40777165208022637
11.0,implicit,0.6428571428571428,0.7857142857142857,0.3059103416395888
11.0,implicit,0.6428571428571428,0.8571428571428571,0.2042107782964403
11.0,implicit,0.6428571428571428,0.9285714285714285,0.09835409761322308
11.0,implicit,0.6428571428571428,1.0,-0.0908024075521211
11.0,implicit,0.7142857142857142,0.0,-0.0908024075521211
11.0,implicit,0.7142857142857142,0.07142857142857142,0.07803475579610261
11.0,implicit,0.7142857142857142,0.14285714285714285,0.16356924504763817
11.0,implicit,0.7142857142857142,0.21428571428571427,0.24494598940028187
11.0,implicit,0.7142857142857142,0.2857142857142857,0.32649003471985866
11.0,implicit,0.7142857142857142,0.3571428571428571,0.40777165208022476
11.0,implicit,0.7142857142857142,0.42857142857142855,0.4856692742856898
11.0,implicit,0.7142857142857142,0.5,0.5378879469599712
11.0,implicit,0.7142857142857142,0.5714285714285714,0.4856692742856895
11.0,implicit,0.7142857142857142,0.6428571428571428,0.407771652080225
11.0,implicit,0.7142857142857142,0.7142857142857142,0.32649003471985877
11.0,implicit,0.7142857142857142,0.7857142857142857,0.24494598940028187
11.0,implicit,0.7142857142857142,0.8571428571428571,0.16356924504763817
11.0,implicit,0.7142857142857142,0.9285714285714285,0.07803475579610265
11.0,implicit,0.7142857142857142,1.0,-0.0908024075521211
11.0,implicit,0.7857142857142857,0.0,-0.0908024075521211
11.0,implicit,0.7857142857142857,0.07142857142857142,0.05767415134027047
11.0,implicit,0.7857142857142857,0.14285714285714285,0.12282033859094339
11.0,implicit,0.7857142857142857,0.21428571428571427,0.18379762814250816
11.0,implicit,0.7857142857142857,0.2857142857142857,0.2449459894002818
11.0,implicit,0.7857142857142857,0.3571428571428571,0.3059103416395886
11.0,implicit,0.7857142857142857,0.42857142857142855,0.36433769696021334
11.0,implicit,0.7857142857142857,0.5,0.4035043811742622
11.0,implicit,0.7857142857142857,0.5714285714285714,0.364337696960213
11.0,implicit,0.7857142857142857,0.6428571428571428,0.3059103416395885
11.0,implicit,0.7857142857142857,0.7142857142857142,0.24494598940028187
11.0,implicit,0.7857142857142857,0.7857142857142857,0.18379762814250825
11.0,implicit,0.7857142857142857,0.8571428571428571,0.12282033859094343
11.0,implicit,0.7857142857142857,0.9285714285714285,0.05767415134027052
11.0,implicit,0.7857142857142857,1.0,-0.0908024075521211
11.0,implicit,0.8571428571428571,0.0,-0.0908024075521211
11.0,implicit,0.8571428571428571,0.07142857142857142,0.037387427214345084
11.0,implicit,0.8571428571428571,0.14285714285714285,0.08223054610425769
11.0,implicit,0.8571428571428571,0.21428571428571427,0.1228203385909434
11.0,implicit,0.8571428571428571,0.2857142857142857,0.16356924504763812
11.0,implicit,0.8571428571428571,0.3571428571428571,0.20421077829643977
11.0,implicit,0.8571428571428571,0.42857142857142855,0.24316246600429714
11.0,implicit,0.8571428571428571,0.5,0.2692737244282555
11.0,implicit,0.8571428571428571,0.5714285714285714,0.24316246600429653
11.0,implicit,0.8571428571428571,0.6428571428571428,0.2042107782964402
11.0,implicit,0.8571428571428571,0.7142857142857142,0.1635692450476383
11.0,implicit,0.8571428571428571,0.7857142857142857,0.12282033859094346
11.0,implicit,0.8571428571428571,0.8571428571428571,0.0822305461042577
11.0,implicit,0.8571428571428571,0.9285714285714285,0.037387427214345126
11.0,implicit,0.8571428571428571,1.0,-0.0908024075521211
11.0,implicit,0.9285714285714285,0.0,-0.0908024075521211
11.0,implicit,0.9285714285714285,0.07142857142857142,0.012790878353555909
11.0,implicit,0.9285714285714285,0.14285714285714285,0.03738742721434515
11.0,implicit,0.9285714285714285,0.21428571428571427,0.05767415134027038
11.0,implicit,0.9285714285714285,0.2857142857142857,0.07803475579610242
11.0,implicit,0.9285714285714285,0.3571428571428571,0.09835409761322324
11.0,implicit,0.9285714285714285,0.42857142857142855,0.1178298520884599
11.0,implicit,0.9285714285714285,0.5,0.13088548155209156
11.0,implicit,0.9285714285714285,0.5714285714285714,0.11782985208845971
11.0,implicit,0.9285714285714285,0.6428571428571428,0.09835409761322304
11.0,implicit,0.9285714285714285,0.7142857142857142,0.07803475579610242
11.0,implicit,0.9285714285714285,0.7857142857142857,0.05767415134027039
11.0,implicit,0.9285714285714285,0.8571428571428571,0.037387427214345154
11.0,implicit,0.9285714285714285,0.9285714285714285,0.012790878353555924
11.0,implicit,0.9285714285714285,1.0,-0.0908024075521211
11.0,implicit,1.0,0.0,-0.0908024075521211
11.0,implicit,1.0,0.07142857142857142,-0.0908024075521211
11.0,implicit,1.0,0.14285714285714285,-0.0908024075521211
11.0,implicit,1.0,0.21428571428571427,-0.0908024075521211
11.0,implicit,1.0,0.2857142857142857,-0.0908024075521211
11.0,implicit,1.0,0.3571428571428571,-0.0908024075521211
11.0,implicit,1.0,0.42857142857142855,-0.0908024075521211
11.0,implicit,1.0,0.5,-0.0908024075521211
11.0,implicit,1.0,0.5714285714285714,-0.0908024075521211
11.0,implicit,1.0,0.6428571428571428,-0.0908024075521211
11.0,implicit,1.0,0.7142857142857142,-0.0908024075521211
11.0,implicit,1.0,0.7857142857142857,-0.0908024075521211
11.0,implicit,1.0,0.8571428571428571,-0.0908024075521211
11.0,implicit,1.0,0.9285714285714285,-0.0908024075521211
11.0,implicit,1.0,1.0,-0.0908024075521211
12.0,implicit,0.0,0.0,0.14656487689215542
12.0,implicit,0.0,0.07142857142857142,0.14656487689215542
12.0,implicit,0.0,0.14285714285714285,0.14656487689215542
12.0,implicit,0.0,0.21428571428571427,0.14656487689215542
12.0,implicit,0.0,0.2857142857142857,0.14656487689215542
12.0,implicit,0.0,0.3571428571428571,0.14656487689215542
12.0,implicit,0.0,0.42857142857142855,0.14656487689215542
12.0,implicit,0.0,0.5,0.14656487689215542
12.0,implicit,0.0,0.5714285714285714,0.14656487689215542
12.0,implicit,0.0,0.6428571428571428,0.14656487689215542
12.0,implicit,0.0,0.7142857142857142,0.14656487689215542
12.0,implicit,0.0,0.7857142857142857,0.14656487689215542
12.0,implicit,0.0,0.8571428571428571,0.14656487689215542
12.0,implicit,0.0,0.9285714285714285,0.14656487689215542
12.0,implicit,0.0,1.0,0.14656487689215542
12.0,implicit,0.07142857142857142,0.0,0.14656487689215542
12.0,implicit,0.07142857142857142,0.07142857142857142,0.013676050857736047
12.0,implicit,0.07142857142857142,0.14285714285714285,0.037577742001853875
12.0,implicit,0.07142857142857142,0.21428571428571427,0.05798850894018897
12.0,implicit,0.07142857142857142,0.2857142857142857,0.07834892428532357
12.0,implicit,0.07142857142857142,0.3571428571428571,0.09864413164041272
12.0,implicit,0.07142857142857142,0.42857142857142855,0.11796256610971127
12.0,implicit,0.07142857142857142,0.5,0.1305073656970609
12.0,implicit,0.07142857142857142,0.5714285714285714,0.11796256610971122
12.0,implicit,0.07142857142857142,0.6428571428571428,0.09864413164041273
12.0,implicit,0.07142857142857142,0.7142857142857142,0.07834892428532363
12.0,implicit,0.07142857142857142,0.7857142857142857,0.057988508940188976
12.0,implicit,0.07142857142857142,0.8571428571428571,0.03757774200185388
12.0,implicit,0.07142857142857142,0.9285714285714285,0.013676050857736063
12.0,implicit,0.07142857142857142,1.0,0.14656487689215542
12.0,implicit,0.14285714285714285,0.0,0.14656487689215542
12.0,implicit,0.14285714285714285,0.07142857142857142,0.037577742001853896
12.0,implicit,0.14285714285714285,0.14285714285714285,0.08196927894836782
12.0,implicit,0.14285714285714285,0.21428571428571427,0.12269304401679577
12.0,implicit,0.14285714285714285,0.2857142857142857,0.16343717750298403
12.0,implicit,0.14285714285714285,0.3571428571428571,0.20403079645954575
12.0,implicit,0.14285714285714285,0.42857142857142855,0.24266789599474323
12.0,implicit,0.14285714285714285,0.5,0.2677574934373011
12.0,implicit,0.14285714285714285,0.5714285714285714,0.24266789599474292
12.0,implicit,0.14285714285714285,0.6428571428571428,0.20403079645954542
12.0,implicit,0.14285714285714285,0.7142857142857142,0.16343717750298406
12.0,implicit,0.14285714285714285,0.7857142857142857,0.1226930440167958
12.0,implicit,0.14285714285714285,0.8571428571428571,0.08196927894836786
12.0,implicit,0.14285714285714285,0.9285714285714285,0.037577742001853945
12.0,implicit,0.14285714285714285,1.0,0.14656487689215542
12.0,implicit,0.21428571428571427,0.0,0.14656487689215542
12.0,implicit,0.21428571428571427,0.07142857142857142,0.05798850894018882
12.0,implicit,0.21428571428571427,0.14285714285714285,0.12269304401679575
12.0,implicit,0.21428571428571427,0.21428571428571427,0.18380087763639252
12.0,implicit,0.21428571428571427,0.2857142857142857,0.24494115409876552
12.0,implicit,0.21428571428571427,0.3571428571428571,0.3058339463978964
12.0,implicit,0.21428571428571427,0.42857142857142855,0.36378931534427894
12.0,implicit,0.21428571428571427,0.5,0.40142341726977676
12.0,implicit,0.21428571428571427,0.5714285714285714,0.3637893153442779
12.0,implicit,0.21428571428571427,0.6428571428571428,0.30583394639789624
12.0,implicit,0.21428571428571427,0.7142857142857142,0.24494115409876557
12.0,implicit,0.21428571428571427,0.7857142857142857,0.18380087763639258
12.0,implicit,0.21428571428571427,0.8571428571428571,0.1226930440167958
12.0,implicit,0.21428571428571427,0.9285714285714285,0.05798850894018888
12.0,implicit,0.21428571428571427,1.0,0.14656487689215542
12.0,implicit,0.2857142857142857,0.0,0.14656487689215542
12.0,implicit,0.2857142857142857,0.07142857142857142,0.07834892428532335
12.0,implicit,0.2857142857142857,0.14285714285714285,0.16343717750298398
12.0,implicit,0.2857142857142857,0.21428571428571427,0.24494115409876532
12.0,implicit,0.2857142857142857,0.2857142857142857,0.3264722402624841
12.0,implicit,0.2857142857142857,0.3571428571428571,0.40765656266327094
12.0,implicit,0.2857142857142857,0.42857142857142855,0.48492280807126475
12.0,implicit,0.2857142857142857,0.5,0.535096839644857
12.0,implicit,0.2857142857142857,0.5714285714285714,0.48492280807126503
12.0,implicit,0.2857142857142857,0.6428571428571428,0.40765656266327077
12.0,implicit,0.2857142857142857,0.7142857142857142,0.32647224026248417
12.0,implicit,0.2857142857142857,0.7857142857142857,0.24494115409876538
12.0,implicit,0.2857142857142857,0.8571428571428571,0.16343717750298403
12.0,implicit,0.2857142857142857,0.9285714285714285,0.07834892428532338
12.0,implicit,0.2857142857142857,1.0,0.14656487689215542
12.0,implicit,0.3571428571428571,0.0,0.14656487689215542
12.0,implicit,0.3571428571428571,0.07142857142857142,0.0986441316404125
12.0,implicit,0.3571428571428571,0.14285714285714285,0.20403079645954483
12.0,implicit,0.3571428571428571,0.21428571428571427,0.3058339463978959
12.0,implicit,0.3571428571428571,0.2857142857142857,0.4076565626632685
12.0,implicit,0.3571428571428571,0.3571428571428571,0.5090334673237278
12.0,implicit,0.3571428571428571,0.42857142857142855,0.6055172068175284
12.0,implicit,0.3571428571428571,0.5,0.6681726964985679
12.0,implicit,0.3571428571428571,0.5714285714285714,0.6055172068175292
12.0,implicit,0.3571428571428571,0.6428571428571428,0.5090334673237278
12.0,implicit,0.3571428571428571,0.7142857142857142,0.4076565626632684
12.0,implicit,0.3571428571428571,0.7857142857142857,0.3058339463978959
12.0,implicit,0.3571428571428571,0.8571428571428571,0.20403079645954475
12.0,implicit,0.3571428571428571,0.9285714285714285,0.09864413164041266
12.0,implicit,0.3571428571428571,1.0,0.14656487689215542
12.0,implicit,0.42857142857142855,0.0,0.14656487689215542
12.0,implicit,0.42857142857142855,0.07142857142857142,0.11796256610971147
12.0,implicit,0.42857142857142855,0.14285714285714285,0.24266789599474292
12.0,implicit,0.42857142857142855,0.21428571428571427,0.36378931534427744
12.0,implicit,0.42857142857142855,0.2857142857142857,0.4849228080712654
12.0,implicit,0.42857142857142855,0.3571428571428571,0.6055172068175303
12.0,implicit,0.42857142857142855,0.42857142857142855,0.7202952515336056
12.0,implicit,0.42857142857142855,0.5,0.794845897184649
12.0,implicit,0.42857142857142855,0.5714285714285714,0.7202952515336034
12.0,implicit,0.42857142857142855,0.6428571428571428,0.6055172068175283
12.0,implicit,0.42857142857142855,0.7142857142857142,0.48492280807126464
12.0,implicit,0.42857142857142855,0.7857142857142857,0.3637893153442775
12.0,implicit,0.42857142857142855,0.8571428571428571,0.24266789599474328
12.0,implicit,0.42857142857142855,0.9285714285714285,0.11796256610971159
12.0,implicit,0.42857142857142855,1.0,0.14656487689215542
12.0,implicit,0.5,0.0,0.14656487689215542
12.0,implicit,0.5,0.07142857142857142,0.1305073656970609
12.0,implicit,0.5,0.14285714285714285,0.2677574934373013
12.0,implicit,0.5,0.21428571428571427,0.40142341726977854
12.0,implicit,0.5,0.2857142857142857,0.5350968396448571
12.0,implicit,0.5,0.3571428571428571,0.6681726964985685
12.0,implicit,0.5,0.42857142857142855,0.7948458971846488
12.0,implicit,0.5,0.5,0.8771688673488985
12.0,implicit,0.5,0.5714285714285714,0.7948458971846498
12.0,implicit,0.5,0.6428571428571428,0.6681726964985665
12.0,implicit,0.5,0.7142857142857142,0.5350968396448558
12.0,implicit,0.5,0.7857142857142857,0.40142341726977876
12.0,implicit,0.5,0.8571428571428571,0.26775749343730143
12.0,implicit,0.5,0.9285714285714285,0.13050736569706092
12.0,implicit,0.5,1.0,0.14656487689215542
12.0,implicit,0.5714285714285714,0.0,0.14656487689215542
12.0,implicit,0.5714285714285714,0.07142857142857142,0.11796256610971115
12.0,implicit,0.5714285714285714,0.14285714285714285,0.24266789599474317
12.0,implicit,0.5714285714285714,0.21428571428571427,0.363789315344279
12.0,implicit,0.5714285714285714,0.2857142857142857,0.4849228080712655
12.0,implicit,0.5714285714285714,0.3571428571428571,0.6055172068175309
12.0,implicit,0.5714285714285714,0.42857142857142855,0.7202952515336043
12.0,implicit,0.5714285714285714,0.5,0.7948458971846513
12.0,implicit,0.5714285714285714,0.5714285714285714,0.7202952515336051
12.0,implicit,0.5714285714285714,0.6428571428571428,0.605517206817531
12.0,implicit,0.5714285714285714,0.7142857142857142,0.484922808071267
12.0,implicit,0.5714285714285714,0.7857142857142857,0.3637893153442785
12.0,implicit,0.5714285714285714,0.8571428571428571,0.2426678959947433
12.0,implicit,0.5714285714285714,0.9285714285714285,0.11796256610971134
12.0,implicit,0.5714285714285714,1.0,0.14656487689215542
12.0,implicit,0.6428571428571428,0.0,0.14656487689215542
12.0,implicit,0.6428571428571428,0.07142857142857142,0.09864413164041268
12.0,implicit,0.6428571428571428,0.14285714285714285,0.2040307964595462
12.0,implicit,0.6428571428571428,0.21428571428571427,0.30583394639789646
12.0,implicit,0.6428571428571428,0.2857142857142857,0.4076565626632709
12.0,implicit,0.6428571428571428,0.3571428571428571,0.5090334673237278
12.0,implicit,0.6428571428571428,0.42857142857142855,0.6055172068175292
12.0,implicit,0.6428571428571428,0.5,0.6681726964985671
12.0,implicit,0.6428571428571428,0.5714285714285714,0.6055172068175314
12.0,implicit,0.6428571428571428,0.6428571428571428,0.5090334673237289
12.0,implicit,0.6428571428571428,0.7142857142857142,0.4076565626632711
12.0,implicit,0.6428571428571428,0.7857142857142857,0.3058339463978964
12.0,implicit,0.6428571428571428,0.8571428571428571,0.20403079645954536
12.0,implicit,0.6428571428571428,0.9285714285714285,0.09864413164041257
12.0,implicit,0.6428571428571428,1.0,0.14656487689215542
12.0,implicit,0.7142857142857142,0.0,0.14656487689215542
12.0,implicit,0.7142857142857142,0.07142857142857142,0.0783489242853236
12.0,implicit,0.7142857142857142,0.14285714285714285,0.1634371775029841
12.0,implicit,0.7142857142857142,0.21428571428571427,0.24494115409876557
12.0,implicit,0.7142857142857142,0.2857142857142857,0.32647224026248434
12.0,implicit,0.7142857142857142,0.3571428571428571,0.4076565626632694
12.0,implicit,0.7142857142857142,0.42857142857142855,0.4849228080712648
12.0,implicit,0.7142857142857142,0.5,0.5350968396448575
12.0,implicit,0.7142857142857142,0.5714285714285714,0.4849228080712643
12.0,implicit,0.7142857142857142,0.6428571428571428,0.4076565626632696
12.0,implicit,0.7142857142857142,0.7142857142857142,0.32647224026248445
12.0,implicit,0.7142857142857142,0.7857142857142857,0.24494115409876557
12.0,implicit,0.7142857142857142,0.8571428571428571,0.16343717750298406
12.0,implicit,0.7142857142857142,0.9285714285714285,0.07834892428532365
12.0,implicit,0.7142857142857142,1.0,0.14656487689215542
12.0,implicit,0.7857142857142857,0.0,0.14656487689215542
12.0,implicit,0.7857142857142857,0.07142857142857142,0.057988508940188976
12.0,implicit,0.7857142857142857,0.14285714285714285,0.1226930440167958
12.0,implicit,0.7857142857142857,0.21428571428571427,0.18380087763639258
12.0,implicit,0.7857142857142857,0.2857142857142857,0.2449411540987655
12.0,implicit,0.7857142857142857,0.3571428571428571,0.3058339463978961
12.0,implicit,0.7857142857142857,0.42857142857142855,0.36378931534427755
12.0,implicit,0.7857142857142857,0.5,0.40142341726977826
12.0,implicit,0.7857142857142857,0.5714285714285714,0.3637893153442773
12.0,implicit,0.7857142857142857,0.6428571428571428,0.305833946397896
12.0,implicit,0.7857142857142857,0.7142857142857142,0.24494115409876555
12.0,implicit,0.7857142857142857,0.7857142857142857,0.18380087763639263
12.0,implicit,0.7857142857142857,0.8571428571428571,0.12269304401679584
12.0,implicit,0.7857142857142857,0.9285714285714285,0.057988508940189025
12.0,implicit,0.7857142857142857,1.0,0.14656487689215542
12.0,implicit,0.8571428571428571,0.0,0.14656487689215542
12.0,implicit,0.8571428571428571,0.07142857142857142,0.03757774200185388
12.0,implicit,0.8571428571428571,0.14285714285714285,0.08196927894836786
12.0,implicit,0.8571428571428571,0.21428571428571427,0.1226930440167958
12.0,implicit,0.8571428571428571,0.2857142857142857,0.16343717750298406
12.0,implicit,0.8571428571428571,0.3571428571428571,0.2040307964595448
12.0,implicit,0.8571428571428571,0.42857142857142855,0.2426678959947431
12.0,implicit,0.8571428571428571,0.5,0.26775749343730126
12.0,implicit,0.8571428571428571,0.5714285714285714,0.24266789599474256
12.0,implicit,0.8571428571428571,0.6428571428571428,0.20403079645954517
12.0,implicit,0.8571428571428571,0.7142857142857142,0.16343717750298425
12.0,implicit,0.8571428571428571,0.7857142857142857,0.12269304401679587
12.0,implicit,0.8571428571428571,0.8571428571428571,0.08196927894836788
12.0,implicit,0.8571428571428571,0.9285714285714285,0.03757774200185393
12.0,implicit,0.8571428571428571,1.0,0.14656487689215542
12.0,implicit,0.9285714285714285,0.0,0.14656487689215542
12.0,implicit,0.9285714285714285,0.07142857142857142,0.013676050857736063
12.0,implicit,0.9285714285714285,0.14285714285714285,0.037577742001853945
12.0,implicit,0.9285714285714285,0.21428571428571427,0.05798850894018888
12.0,implicit,0.9285714285714285,0.2857142857142857,0.0783489242853234
12.0,implicit,0.9285714285714285,0.3571428571428571,0.0986441316404127
12.0,implicit,0.9285714285714285,0.42857142857142855,0.11796256610971156
12.0,implicit,0.9285714285714285,0.5,0.13050736569706092
12.0,implicit,0.9285714285714285,0.5714285714285714,0.1179625661097114
12.0,implicit,0.9285714285714285,0.6428571428571428,0.09864413164041251
12.0,implicit,0.9285714285714285,0.7142857142857142,0.0783489242853234
12.0,implicit,0.9285714285714285,0.7857142857142857,0.057988508940188886
12.0,implicit,0.9285714285714285,0.8571428571428571,0.03757774200185395
12.0,implicit,0.9285714285714285,0.9285714285714285,0.013676050857736079
12.0,implicit,0.9285714285714285,1.0,0.14656487689215542
12.0,implicit,1.0,0.0,0.14656487689215542
12.0,implicit,1.0,0.07142857142857142,0.14656487689215542
12.0,implicit,1.0,0.14285714285714285,0.14656487689215542
12.0,implicit,1.0,0.21428571428571427,0.14656487689215542
12.0,implicit,1.0,0.2857142857142857,0.14656487689215542
12.0,implicit,1.0,0.3571428571428571,0.14656487689215542
12.0,implicit,1.0,0.42857142857142855,0.14656487689215542
12.0,implicit,1.0,0.5,0.14656487689215542
12.0,implicit,1.0,0.5714285714285714,0.14656487689215542
12.0,implicit,1.0,0.6428571428571428,0.14656487689215542
12.0,implicit,1.0,0.7142857142857142,0.14656487689215542
12.0,implicit,1.0,0.7857142857142857,0.14656487689215542
12.0,implicit,1.0,0.8571428571428571,0.14656487689215542
12.0,implicit,1.0,0.9285714285714285,0.14656487689215542
12.0,implicit,1.0,1.0,0.14656487689215542
13.0,implicit,0.0,0.0,0.006752820468792384
13.0,implicit,0.0,0.07142857142857142,0.006752820468792384
13.0,implicit,0.0,0.14285714285714285,0.006752820468792384
13.0,implicit,0.0,0.21428571428571427,0.006752820468792384
13.0,implicit,0.0,0.2857142857142857,0.006752820468792384
13.0,implicit,0.0,0.3571428571428571,0.006752820468792384
13.0,implicit,0.0,0.42857142857142855,0.006752820468792384
13.0,implicit,0.0,0.5,0.006752820468792384
13.0,implicit,0.0,0.5714285714285714,0.006752820468792384
13.0,implicit,0.0,0.6428571428571428,0.006752820468792384
13.0,implicit,0.0,0.7142857142857142,0.006752820468792384
13.0,implicit,0.0,0.7857142857142857,0.006752820468792384
13.0,implicit,0.0,0.8571428571428571,0.006752820468792384
13.0,implicit,0.0,0.9285714285714285,0.006752820468792384
13.0,implicit,0.0,1.0,0.006752820468792384
13.0,implicit,0.07142857142857142,0.0,0.006752820468792384
13.0,implicit,0.07142857142857142,0.07142857142857142,0.013803472765171524
13.0,implicit,0.07142857142857142,0.14285714285714285,0.03746229940056423
13.0,implicit,0.07142857142857142,0.21428571428571427,0.05795725770299133
13.0,implicit,0.07142857142857142,0.2857142857142857,0.07831895612655848
13.0,implicit,0.07142857142857142,0.3571428571428571,0.09858708806484462
13.0,implicit,0.07142857142857142,0.42857142857142855,0.11774305609817065
13.0,implicit,0.07142857142857142,0.5,0.12981238530050607
13.0,implicit,0.07142857142857142,0.5714285714285714,0.11774305609817057
13.0,implicit,0.07142857142857142,0.6428571428571428,0.09858708806484465
13.0,implicit,0.07142857142857142,0.7142857142857142,0.07831895612655852
13.0,implicit,0.07142857142857142,0.7857142857142857,0.057957257702991344
13.0,implicit,0.07142857142857142,0.8571428571428571,0.03746229940056424
13.0,implicit,0.07142857142857142,0.9285714285714285,0.01380347276517154
13.0,implicit,0.07142857142857142,1.0,0.006752820468792384
13.0,implicit,0.14285714285714285,0.0,0.006752820468792384
13.0,implicit,0.14285714285714285,0.07142857142857142,0.037462299400564246
13.0,implicit,0.14285714285714285,0.14285714285714285,0.08177056290978658
13.0,implicit,0.14285714285714285,0.21428571428571427,0.12259369022007778
13.0,implicit,0.14285714285714285,0.2857142857142857,0.16333460762949653
13.0,implicit,0.14285714285714285,0.3571428571428571,0.2038742595192399
13.0,implicit,0.14285714285714285,0.42857142857142855,0.24218647432464074
13.0,implicit,0.14285714285714285,0.5,0.266325128446534
13.0,implicit,0.14285714285714285,0.5714285714285714,0.2421864743246404
13.0,implicit,0.14285714285714285,0.6428571428571428,0.20387425951923951
13.0,implicit,0.14285714285714285,0.7142857142857142,0.16333460762949656
13.0,implicit,0.14285714285714285,0.7857142857142857,0.12259369022007781
13.0,implicit,0.14285714285714285,0.8571428571428571,0.08177056290978664
13.0,implicit,0.14285714285714285,0.9285714285714285,0.0374622994005643
13.0,implicit,0.14285714285714285,1.0,0.006752820468792384
13.0,implicit,0.21428571428571427,0.0,0.006752820468792384
13.0,implicit,0.21428571428571427,0.07142857142857142,0.05795725770299116
13.0,implicit,0.21428571428571427,0.14285714285714285,0.12259369022007777
13.0,implicit,0.21428571428571427,0.21428571428571427,0.18379831995890225
13.0,implicit,0.21428571428571427,0.2857142857142857,0.2449314151970878
13.0,implicit,0.21428571428571427,0.3571428571428571,0.30574342749028005
13.0,implicit,0.21428571428571427,0.42857142857142855,0.3632113190926811
13.0,implicit,0.21428571428571427,0.5,0.3994188897949173
13.0,implicit,0.21428571428571427,0.5714285714285714,0.3632113190926799
13.0,implicit,0.21428571428571427,0.6428571428571428,0.30574342749027994
13.0,implicit,0.21428571428571427,0.7142857142857142,0.2449314151970879
13.0,implicit,0.21428571428571427,0.7857142857142857,0.1837983199589023
13.0,implicit,0.21428571428571427,0.8571428571428571,0.12259369022007784
13.0,implicit,0.21428571428571427,0.9285714285714285,0.057957257702991226
13.0,implicit,0.21428571428571427,1.0,0.006752820468792384
13.0,implicit,0.2857142857142857,0.0,0.006752820468792384
13.0,implicit,0.2857142857142857,0.07142857142857142,0.07831895612655826
13.0,implicit,0.2857142857142857,0.14285714285714285,0.16333460762949645
13.0,implicit,0.2857142857142857,0.21428571428571427,0.2449314151970876
13.0,implicit,0.2857142857142857,0.2857142857142857,0.32644930582817716
13.0,implicit,0.2857142857142857,0.3571428571428571,0.4075234816957111
13.0,implicit,0.2857142857142857,0.42857142857142855,0.48413724800274976
13.0,implicit,0.2857142857142857,0.5,0.532407829612539
13.0,implicit,0.2857142857142857,0.5714285714285714,0.4841372480027502
13.0,implicit,0.2857142857142857,0.6428571428571428,0.40752348169571095
13.0,implicit,0.2857142857142857,0.7142857142857142,0.3264493058281772
13.0,implicit,0.2857142857142857,0.7857142857142857,0.24493141519708767
13.0,implicit,0.2857142857142857,0.8571428571428571,0.1633346076294965
13.0,implicit,0.2857142857142857,0.9285714285714285,0.07831895612655829
13.0,implicit,0.2857142857142857,1.0,0.006752820468792384
13.0,implicit,0.3571428571428571,0.0,0.006752820468792384
13.0,implicit,0.3571428571428571,0.07142857142857142,0.09858708806484441
13.0,implicit,0.3571428571428571,0.14285714285714285,0.20387425951923893
13.0,implicit,0.3571428571428571,0.21428571428571427,0.3057434274902794
13.0,implicit,0.3571428571428571,0.2857142857142857,0.4075234816957086
13.0,implicit,0.3571428571428571,0.3571428571428571,0.5087377122549964
13.0,implicit,0.3571428571428571,0.42857142857142855,0.60438292414999
13.0,implicit,0.3571428571428571,0.5,0.6646468266612316
13.0,implicit,0.3571428571428571,0.5714285714285714,0.6043829241499907
13.0,implicit,0.3571428571428571,0.6428571428571428,0.5087377122549968
13.0,implicit,0.3571428571428571,0.7142857142857142,0.4075234816957085
13.0,implicit,0.3571428571428571,0.7857142857142857,0.3057434274902794
13.0,implicit,0.3571428571428571,0.8571428571428571,0.20387425951923885
13.0,implicit,0.3571428571428571,0.9285714285714285,0.09858708806484455
13.0,implicit,0.3571428571428571,1.0,0.006752820468792384
13.0,implicit,0.42857142857142855,0.0,0.006752820468792384
13.0,implicit,0.42857142857142855,0.07142857142857142,0.11774305609817083
13.0,implicit,0.42857142857142855,0.14285714285714285,0.24218647432464038
13.0,implicit,0.42857142857142855,0.21428571428571427,0.36321131909267973
13.0,implicit,0.42857142857142855,0.2857142857142857,0.4841372480027506
13.0,implicit,0.42857142857142855,0.3571428571428571,0.6043829241499915
13.0,implicit,0.42857142857142855,0.42857142857142855,0.71801738830677
13.0,implicit,0.42857142857142855,0.5,0.7896313178095655
13.0,implicit,0.42857142857142855,0.5714285714285714,0.7180173883067679
13.0,implicit,0.42857142857142855,0.6428571428571428,0.6043829241499896
13.0,implicit,0.42857142857142855,0.7142857142857142,0.4841372480027497
13.0,implicit,0.42857142857142855,0.7857142857142857,0.36321131909267973
13.0,implicit,0.42857142857142855,0.8571428571428571,0.2421864743246407
13.0,implicit,0.42857142857142855,0.9285714285714285,0.11774305609817098
13.0,implicit,0.42857142857142855,1.0,0.006752820468792384
13.0,implicit,0.5,0.0,0.006752820468792384
13.0,implicit,0.5,0.07142857142857142,0.12981238530050607
13.0,implicit,0.5,0.14285714285714285,0.2663251284465342
13.0,implicit,0.5,0.21428571428571427,0.3994188897949194
13.0,implicit,0.5,0.2857142857142857,0.532407829612539
13.0,implicit,0.5,0.3571428571428571,0.6646468266612323
13.0,implicit,0.5,0.42857142857142855,0.7896313178095649
13.0,implicit,0.5,0.5,0.8684411273088822
13.0,implicit,0.5,0.5714285714285714,0.7896313178095661
13.0,implicit,0.5,0.6428571428571428,0.6646468266612303
13.0,implicit,0.5,0.7142857142857142,0.5324078296125375
13.0,implicit,0.5,0.7857142857142857,0.3994188897949195
13.0,implicit,0.5,0.8571428571428571,0.26632512844653433
13.0,implicit,0.5,0.9285714285714285,0.1298123853005061
13.0,implicit,0.5,1.0,0.006752820468792384
13.0,implicit,0.5714285714285714,0.0,0.006752820468792384
13.0,implicit,0.5714285714285714,0.07142857142857142,0.11774305609817053
13.0,implicit,0.5714285714285714,0.14285714285714285,0.2421864743246406
13.0,implicit,0.5714285714285714,0.21428571428571427,0.3632113190926813
13.0,implicit,0.5714285714285714,0.2857142857142857,0.4841372480027508
13.0,implicit,0.5714285714285714,0.3571428571428571,0.6043829241499924
13.0,implicit,0.5714285714285714,0.42857142857142855,0.7180173883067685
13.0,implicit,0.5714285714285714,0.5,0.7896313178095677
13.0,implicit,0.5714285714285714,0.5714285714285714,0.7180173883067695
13.0,implicit,0.5714285714285714,0.6428571428571428,0.6043829241499923
13.0,implicit,0.5714285714285714,0.7142857142857142,0.4841372480027522
13.0,implicit,0.5714285714285714,0.7857142857142857,0.3632113190926807
13.0,implicit,0.5714285714285714,0.8571428571428571,0.2421864743246408
13.0,implicit,0.5714285714285714,0.9285714285714285,0.11774305609817068
13.0,implicit,0.5714285714285714,1.0,0.006752820468792384
13.0,implicit,0.6428571428571428,0.0,0.006752820468792384
13.0,implicit,0.6428571428571428,0.07142857142857142,0.09858708806484458
13.0,implicit,0.6428571428571428,0.14285714285714285,0.20387425951924035
13.0,implicit,0.6428571428571428,0.21428571428571427,0.3057434274902801
13.0,implicit,0.6428571428571428,0.2857142857142857,0.4075234816957111
13.0,implicit,0.6428571428571428,0.3571428571428571,0.5087377122549971
13.0,implicit,0.6428571428571428,0.42857142857142855,0.6043829241499907
13.0,implicit,0.6428571428571428,0.5,0.664646826661231
13.0,implicit,0.6428571428571428,0.5714285714285714,0.6043829241499927
13.0,implicit,0.6428571428571428,0.6428571428571428,0.5087377122549978
13.0,implicit,0.6428571428571428,0.7142857142857142,0.4075234816957114
13.0,implicit,0.6428571428571428,0.7857142857142857,0.30574342749028005
13.0,implicit,0.6428571428571428,0.8571428571428571,0.20387425951923946
13.0,implicit,0.6428571428571428,0.9285714285714285,0.09858708806484442
13.0,implicit,0.6428571428571428,1.0,0.006752820468792384
13.0,implicit,0.7142857142857142,0.0,0.006752820468792384
13.0,implicit,0.7142857142857142,0.07142857142857142,0.07831895612655851
13.0,implicit,0.7142857142857142,0.14285714285714285,0.1633346076294966
13.0,implicit,0.7142857142857142,0.21428571428571427,0.2449314151970879
13.0,implicit,0.7142857142857142,0.2857142857142857,0.3264493058281774
13.0,implicit,0.7142857142857142,0.3571428571428571,0.4075234816957096
13.0,implicit,0.7142857142857142,0.42857142857142855,0.48413724800275015
13.0,implicit,0.7142857142857142,0.5,0.5324078296125399
13.0,implicit,0.7142857142857142,0.5714285714285714,0.4841372480027495
13.0,implicit,0.7142857142857142,0.6428571428571428,0.4075234816957099
13.0,implicit,0.7142857142857142,0.7142857142857142,0.3264493058281775
13.0,implicit,0.7142857142857142,0.7857142857142857,0.2449314151970879
13.0,implicit,0.7142857142857142,0.8571428571428571,0.16333460762949656
13.0,implicit,0.7142857142857142,0.9285714285714285,0.07831895612655855
13.0,implicit,0.7142857142857142,1.0,0.006752820468792384
13.0,implicit,0.7857142857142857,0.0,0.006752820468792384
13.0,implicit,0.7857142857142857,0.07142857142857142,0.05795725770299134
13.0,implicit,0.7857142857142857,0.14285714285714285,0.12259369022007781
13.0,implicit,0.7857142857142857,0.21428571428571427,0.1837983199589023
13.0,implicit,0.7857142857142857,0.2857142857142857,0.24493141519708775
13.0,implicit,0.7857142857142857,0.3571428571428571,0.3057434274902796
13.0,implicit,0.7857142857142857,0.42857142857142855,0.36321131909267984
13.0,implicit,0.7857142857142857,0.5,0.399418889794919
13.0,implicit,0.7857142857142857,0.5714285714285714,0.3632113190926793
13.0,implicit,0.7857142857142857,0.6428571428571428,0.3057434274902796
13.0,implicit,0.7857142857142857,0.7142857142857142,0.2449314151970878
13.0,implicit,0.7857142857142857,0.7857142857142857,0.18379831995890233
13.0,implicit,0.7857142857142857,0.8571428571428571,0.12259369022007785
13.0,implicit,0.7857142857142857,0.9285714285714285,0.057957257702991385
13.0,implicit,0.7857142857142857,1.0,0.006752820468792384
13.0,implicit,0.8571428571428571,0.0,0.006752820468792384
13.0,implicit,0.8571428571428571,0.07142857142857142,0.03746229940056424
13.0,implicit,0.8571428571428571,0.14285714285714285,0.08177056290978664
13.0,implicit,0.8571428571428571,0.21428571428571427,0.12259369022007784
13.0,implicit,0.8571428571428571,0.2857142857142857,0.1633346076294965
13.0,implicit,0.8571428571428571,0.3571428571428571,0.2038742595192389
13.0,implicit,0.8571428571428571,0.42857142857142855,0.24218647432464052
13.0,implicit,0.8571428571428571,0.5,0.26632512844653417
13.0,implicit,0.8571428571428571,0.5714285714285714,0.24218647432463994
13.0,implicit,0.8571428571428571,0.6428571428571428,0.2038742595192392
13.0,implicit,0.8571428571428571,0.7142857142857142,0.1633346076294967
13.0,implicit,0.8571428571428571,0.7857142857142857,0.1225936902200779
13.0,implicit,0.8571428571428571,0.8571428571428571,0.08177056290978667
13.0,implicit,0.8571428571428571,0.9285714285714285,0.03746229940056428
13.0,implicit,0.8571428571428571,1.0,0.006752820468792384
13.0,implicit,0.9285714285714285,0.0,0.006752820468792384
13.0,implicit,0.9285714285714285,0.07142857142857142,0.01380347276517154
13.0,implicit,0.9285714285714285,0.14285714285714285,0.0374622994005643
13.0,implicit,0.9285714285714285,0.21428571428571427,0.057957257702991226
13.0,implicit,0.9285714285714285,0.2857142857142857,0.07831895612655831
13.0,implicit,0.9285714285714285,0.3571428571428571,0.09858708806484462
13.0,implicit,0.9285714285714285,0.42857142857142855,0.11774305609817096
13.0,implicit,0.9285714285714285,0.5,0.1298123853005061
13.0,implicit,0.9285714285714285,0.5714285714285714,0.11774305609817072
13.0,implicit,0.9285714285714285,0.6428571428571428,0.0985870880648444
13.0,implicit,0.9285714285714285,0.7142857142857142,0.07831895612655831
13.0,implicit,0.9285714285714285,0.7857142857142857,0.05795725770299124
13.0,implicit,0.9285714285714285,0.8571428571428571,0.03746229940056431
13.0,implicit,0.9285714285714285,0.9285714285714285,0.013803472765171555
13.0,implicit,0.9285714285714285,1.0,0.006752820468792384
13.0,implicit,1.0,0.0,0.006752820468792384
13.0,implicit,1.0,0.07142857142857142,0.006752820468792384
13.0,implicit,1.0,0.14285714285714285,0.006752820468792384
13.0,implicit,1.0,0.21428571428571427,0.006752820468792384
13.0,implicit,1.0,0.2857142857142857,0.006752820468792384
13.0,implicit,1.0,0.3571428571428571,0.006752820468792384
13.0,implicit,1.0,0.42857142857142855,0.006752820468792384
13.0,implicit,1.0,0.5,0.006752820468792384
13.0,implicit,1.0,0.5714285714285714,0.006752820468792384
13.0,implicit,1.0,0.6428571428571428,0.006752820468792384
13.0,implicit,1.0,0.7142857142857142,0.006752820468792384
13.0,implicit,1.0,0.7857142857142857,0.006752820468792384
13.0,implicit,1.0,0.8571428571428571,0.006752820468792384
13.0,implicit,1.0,0.9285714285714285,0.006752820468792384
13.0,implicit,1.0,1.0,0.006752820468792384
14.0,implicit,0.0,0.0,-0.14247481862134567
14.0,implicit,0.0,0.07142857142857142,-0.14247481862134567
14.0,implicit,0.0,0.14285714285714285,-0.14247481862134567
14.0,implicit,0.0,0.21428571428571427,-0.14247481862134567
14.0,implicit,0.0,0.2857142857142857,-0.14247481862134567
14.0,implicit,0.0,0.3571428571428571,-0.14247481862134567
14.0,implicit,0.0,0.42857142857142855,-0.14247481862134567
14.0,implicit,0.0,0.5,-0.14247481862134567
14.0,implicit,0.0,0.5714285714285714,-0.14247481862134567
14.0,implicit,0.0,0.6428571428571428,-0.14247481862134567
14.0,implicit,0.0,0.7142857142857142,-0.14247481862134567
14.0,implicit,0.0,0.7857142857142857,-0.14247481862134567
14.0,implicit,0.0,0.8571428571428571,-0.14247481862134567
14.0,implicit,0.0,0.9285714285714285,-0.14247481862134567
14.0,implicit,0.0,1.0,-0.14247481862134567
14.0,implicit,0.07142857142857142,0.0,-0.14247481862134567
14.0,implicit,0.07142857142857142,0.07142857142857142,0.010311451688701451
14.0,implicit,0.07142857142857142,0.14285714285714285,0.035589748910871986
14.0,implicit,0.07142857142857142,0.21428571428571427,0.05614382308852988
14.0,implicit,0.07142857142857142,0.2857142857142857,0.0765068304893434
14.0,implicit,0.07142857142857142,0.3571428571428571,0.09676034520105267
14.0,implicit,0.07142857142857142,0.42857142857142855,0.11583348878857326
14.0,implicit,0.07142857142857142,0.5,0.1276774430032212
14.0,implicit,0.07142857142857142,0.5714285714285714,0.11583348878857316
14.0,implicit,0.07142857142857142,0.6428571428571428,0.09676034520105273
14.0,implicit,0.07142857142857142,0.7142857142857142,0.07650683048934344
14.0,implicit,0.07142857142857142,0.7857142857142857,0.056143823088529894
14.0,implicit,0.07142857142857142,0.8571428571428571,0.03558974891087199
14.0,implicit,0.07142857142857142,0.9285714285714285,0.010311451688701468
14.0,implicit,0.07142857142857142,1.0,-0.14247481862134567
14.0,implicit,0.14285714285714285,0.0,-0.14247481862134567
14.0,implicit,0.14285714285714285,0.07142857142857142,0.035589748910872
14.0,implicit,0.14285714285714285,0.14285714285714285,0.08162958395911728
14.0,implicit,0.14285714285714285,0.21428571428571427,0.12252170086527486
14.0,implicit,0.14285714285714285,0.2857142857142857,0.16326173380603853
14.0,implicit,0.14285714285714285,0.3571428571428571,0.20377217220077848
14.0,implicit,0.14285714285714285,0.42857142857142855,0.2419187590299624
14.0,implicit,0.14285714285714285,0.5,0.26560666118989473
14.0,implicit,0.14285714285714285,0.5714285714285714,0.24191875902996207
14.0,implicit,0.14285714285714285,0.6428571428571428,0.20377217220077806
14.0,implicit,0.14285714285714285,0.7142857142857142,0.16326173380603856
14.0,implicit,0.14285714285714285,0.7857142857142857,0.12252170086527489
14.0,implicit,0.14285714285714285,0.8571428571428571,0.08162958395911733
14.0,implicit,0.14285714285714285,0.9285714285714285,0.035589748910872056
14.0,implicit,0.14285714285714285,1.0,-0.14247481862134567
14.0,implicit,0.21428571428571427,0.0,-0.14247481862134567
14.0,implicit,0.21428571428571427,0.07142857142857142,0.05614382308852971
14.0,implicit,0.21428571428571427,0.14285714285714285,0.12252170086527484
14.0,implicit,0.21428571428571427,0.21428571428571427,0.18379441099649138
14.0,implicit,0.21428571428571427,0.2857142857142857,0.24492438892106555
14.0,implicit,0.21428571428571427,0.3571428571428571,0.30569259962642426
14.0,implicit,0.21428571428571427,0.42857142857142855,0.36291195302505613
14.0,implicit,0.21428571428571427,0.5,0.3984433270525638
14.0,implicit,0.21428571428571427,0.5714285714285714,0.36291195302505497
14.0,implicit,0.21428571428571427,0.6428571428571428,0.30569259962642414
14.0,implicit,0.21428571428571427,0.7142857142857142,0.24492438892106563
14.0,implicit,0.21428571428571427,0.7857142857142857,0.18379441099649144
14.0,implicit,0.21428571428571427,0.8571428571428571,0.12252170086527492
14.0,implicit,0.21428571428571427,0.9285714285714285,0.056143823088529776
14.0,implicit,0.21428571428571427,1.0,-0.14247481862134567
14.0,implicit,0.2857142857142857,0.0,-0.14247481862134567
14.0,implicit,0.2857142857142857,0.07142857142857142,0.07650683048934317
14.0,implicit,0.2857142857142857,0.14285714285714285,0.16326173380603842
14.0,implicit,0.2857142857142857,0.21428571428571427,0.24492438892106536
14.0,implicit,0.2857142857142857,0.2857142857142857,0.32643569510031306
14.0,implicit,0.2857142857142857,0.3571428571428571,0.40745001793261326
14.0,implicit,0.2857142857142857,0.42857142857142855,0.483730967109723
14.0,implicit,0.2857142857142857,0.5,0.5310991687388431
14.0,implicit,0.2857142857142857,0.5714285714285714,0.4837309671097235
14.0,implicit,0.2857142857142857,0.6428571428571428,0.40745001793261315
14.0,implicit,0.2857142857142857,0.7142857142857142,0.3264356951003131
14.0,implicit,0.2857142857142857,0.7857142857142857,0.24492438892106538
14.0,implicit,0.2857142857142857,0.8571428571428571,0.16326173380603848
14.0,implicit,0.2857142857142857,0.9285714285714285,0.07650683048934319
14.0,implicit,0.2857142857142857,1.0,-0.14247481862134567
14.0,implicit,0.3571428571428571,0.0,-0.14247481862134567
14.0,implicit,0.3571428571428571,0.07142857142857142,0.09676034520105248
14.0,implicit,0.3571428571428571,0.14285714285714285,0.20377217220077748
14.0,implicit,0.3571428571428571,0.21428571428571427,0.3056925996264236
14.0,implicit,0.3571428571428571,0.2857142857142857,0.4074500179326109
14.0,implicit,0.3571428571428571,0.3571428571428571,0.5085758849276777
14.0,implicit,0.3571428571428571,0.42857142857142855,0.6037927742720433
14.0,implicit,0.3571428571428571,0.5,0.662922290925938
14.0,implicit,0.3571428571428571,0.5714285714285714,0.6037927742720443
14.0,implicit,0.3571428571428571,0.6428571428571428,0.508575884927678
14.0,implicit,0.3571428571428571,0.7142857142857142,0.40745001793261076
14.0,implicit,0.3571428571428571,0.7857142857142857,0.3056925996264236
14.0,implicit,0.3571428571428571,0.8571428571428571,0.2037721722007774
14.0,implicit,0.3571428571428571,0.9285714285714285,0.09676034520105264
14.0,implicit,0.3571428571428571,1.0,-0.14247481862134567
14.0,implicit,0.42857142857142855,0.0,-0.14247481862134567
14.0,implicit,0.42857142857142855,0.07142857142857142,0.11583348878857345
14.0,implicit,0.42857142857142855,0.14285714285714285,0.24191875902996204
14.0,implicit,0.42857142857142855,0.21428571428571427,0.36291195302505475
14.0,implicit,0.42857142857142855,0.2857142857142857,0.4837309671097239
14.0,implicit,0.42857142857142855,0.3571428571428571,0.6037927742720449
14.0,implicit,0.42857142857142855,0.42857142857142855,0.7168443821988973
14.0,implicit,0.42857142857142855,0.5,0.7870647391226128
14.0,implicit,0.42857142857142855,0.5714285714285714,0.7168443821988955
14.0,implicit,0.42857142857142855,0.6428571428571428,0.6037927742720429
14.0,implicit,0.42857142857142855,0.7142857142857142,0.48373096710972296
14.0,implicit,0.42857142857142855,0.7857142857142857,0.36291195302505475
14.0,implicit,0.42857142857142855,0.8571428571428571,0.24191875902996232
14.0,implicit,0.42857142857142855,0.9285714285714285,0.1158334887885736
14.0,implicit,0.42857142857142855,1.0,-0.14247481862134567
14.0,implicit,0.5,0.0,-0.14247481862134567
14.0,implicit,0.5,0.07142857142857142,0.1276774430032212
14.0,implicit,0.5,0.14285714285714285,0.265606661189895
14.0,implicit,0.5,0.21428571428571427,0.398443327052566
14.0,implicit,0.5,0.2857142857142857,0.5310991687388433
14.0,implicit,0.5,0.3571428571428571,0.6629222909259386
14.0,implicit,0.5,0.42857142857142855,0.7870647391226123
14.0,implicit,0.5,0.5,0.8642153290387821
14.0,implicit,0.5,0.5714285714285714,0.7870647391226134
14.0,implicit,0.5,0.6428571428571428,0.6629222909259366
14.0,implicit,0.5,0.7142857142857142,0.5310991687388417
14.0,implicit,0.5,0.7857142857142857,0.398443327052566
14.0,implicit,0.5,0.8571428571428571,0.2656066611898951
14.0,implicit,0.5,0.9285714285714285,0.12767744300322123
14.0,implicit,0.5,1.0,-0.14247481862134567
14.0,implicit,0.5714285714285714,0.0,-0.14247481862134567
14.0,implicit,0.5714285714285714,0.07142857142857142,0.11583348878857314
14.0,implicit,0.5714285714285714,0.14285714285714285,0.24191875902996227
14.0,implicit,0.5714285714285714,0.21428571428571427,0.3629119530250563
14.0,implicit,0.5714285714285714,0.2857142857142857,0.48373096710972413
14.0,implicit,0.5714285714285714,0.3571428571428571,0.6037927742720457
14.0,implicit,0.5714285714285714,0.42857142857142855,0.716844382198896
14.0,implicit,0.5714285714285714,0.5,0.7870647391226151
14.0,implicit,0.5714285714285714,0.5714285714285714,0.7168443821988971
14.0,implicit,0.5714285714285714,0.6428571428571428,0.6037927742720457
14.0,implicit,0.5714285714285714,0.7142857142857142,0.4837309671097256
14.0,implicit,0.5714285714285714,0.7857142857142857,0.36291195302505574
14.0,implicit,0.5714285714285714,0.8571428571428571,0.2419187590299624
14.0,implicit,0.5714285714285714,0.9285714285714285,0.11583348878857329
14.0,implicit,0.5714285714285714,1.0,-0.14247481862134567
14.0,implicit,0.6428571428571428,0.0,-0.14247481862134567
14.0,implicit,0.6428571428571428,0.07142857142857142,0.09676034520105266
14.0,implicit,0.6428571428571428,0.14285714285714285,0.20377217220077895
14.0,implicit,0.6428571428571428,0.21428571428571427,0.30569259962642437
14.0,implicit,0.6428571428571428,0.2857142857142857,0.40745001793261326
14.0,implicit,0.6428571428571428,0.3571428571428571,0.5085758849276785
14.0,implicit,0.6428571428571428,0.42857142857142855,0.603792774272044
14.0,implicit,0.6428571428571428,0.5,0.6629222909259372
14.0,implicit,0.6428571428571428,0.5714285714285714,0.6037927742720461
14.0,implicit,0.6428571428571428,0.6428571428571428,0.5085758849276792
14.0,implicit,0.6428571428571428,0.7142857142857142,0.40745001793261365
14.0,implicit,0.6428571428571428,0.7857142857142857,0.3056925996264243
14.0,implicit,0.6428571428571428,0.8571428571428571,0.20377217220077806
14.0,implicit,0.6428571428571428,0.9285714285714285,0.09676034520105249
14.0,implicit,0.6428571428571428,1.0,-0.14247481862134567
14.0,implicit,0.7142857142857142,0.0,-0.14247481862134567
14.0,implicit,0.7142857142857142,0.07142857142857142,0.07650683048934342
14.0,implicit,0.7142857142857142,0.14285714285714285,0.1632617338060386
14.0,implicit,0.7142857142857142,0.21428571428571427,0.24492438892106563
14.0,implicit,0.7142857142857142,0.2857142857142857,0.3264356951003133
14.0,implicit,0.7142857142857142,0.3571428571428571,0.407450017932612
14.0,implicit,0.7142857142857142,0.42857142857142855,0.4837309671097236
14.0,implicit,0.7142857142857142,0.5,0.5310991687388442
14.0,implicit,0.7142857142857142,0.5714285714285714,0.4837309671097228
14.0,implicit,0.7142857142857142,0.6428571428571428,0.407450017932612
14.0,implicit,0.7142857142857142,0.7142857142857142,0.3264356951003134
14.0,implicit,0.7142857142857142,0.7857142857142857,0.24492438892106563
14.0,implicit,0.7142857142857142,0.8571428571428571,0.16326173380603856
14.0,implicit,0.7142857142857142,0.9285714285714285,0.07650683048934347
14.0,implicit,0.7142857142857142,1.0,-0.14247481862134567
14.0,implicit,0.7857142857142857,0.0,-0.14247481862134567
14.0,implicit,0.7857142857142857,0.07142857142857142,0.05614382308852989
14.0,implicit,0.7857142857142857,0.14285714285714285,0.12252170086527489
14.0,implicit,0.7857142857142857,0.21428571428571427,0.18379441099649144
14.0,implicit,0.7857142857142857,0.2857142857142857,0.24492438892106547
14.0,implicit,0.7857142857142857,0.3571428571428571,0.30569259962642387
14.0,implicit,0.7857142857142857,0.42857142857142855,0.3629119530250548
14.0,implicit,0.7857142857142857,0.5,0.39844332705256563
14.0,implicit,0.7857142857142857,0.5714285714285714,0.36291195302505436
14.0,implicit,0.7857142857142857,0.6428571428571428,0.30569259962642387
14.0,implicit,0.7857142857142857,0.7142857142857142,0.24492438892106552
14.0,implicit,0.7857142857142857,0.7857142857142857,0.18379441099649146
14.0,implicit,0.7857142857142857,0.8571428571428571,0.12252170086527493
14.0,implicit,0.7857142857142857,0.9285714285714285,0.056143823088529936
14.0,implicit,0.7857142857142857,1.0,-0.14247481862134567
14.0,implicit,0.8571428571428571,0.0,-0.14247481862134567
14.0,implicit,0.8571428571428571,0.07142857142857142,0.03558974891087199
14.0,implicit,0.8571428571428571,0.14285714285714285,0.08162958395911733
14.0,implicit,0.8571428571428571,0.21428571428571427,0.12252170086527492
14.0,implicit,0.8571428571428571,0.2857142857142857,0.16326173380603848
14.0,implicit,0.8571428571428571,0.3571428571428571,0.20377217220077745
14.0,implicit,0.8571428571428571,0.42857142857142855,0.24191875902996218
14.0,implicit,0.8571428571428571,0.5,0.26560666118989495
14.0,implicit,0.8571428571428571,0.5714285714285714,0.2419187590299616
14.0,implicit,0.8571428571428571,0.6428571428571428,0.20377217220077778
14.0,implicit,0.8571428571428571,0.7142857142857142,0.16326173380603864
14.0,implicit,0.8571428571428571,0.7857142857142857,0.12252170086527499
14.0,implicit,0.8571428571428571,0.8571428571428571,0.08162958395911737
14.0,implicit,0.8571428571428571,0.9285714285714285,0.03558974891087203
14.0,implicit,0.8571428571428571,1.0,-0.14247481862134567
14.0,implicit,0.9285714285714285,0.0,-0.14247481862134567
14.0,implicit,0.9285714285714285,0.07142857142857142,0.010311451688701468
14.0,implicit,0.9285714285714285,0.14285714285714285,0.035589748910872056
14.0,implicit,0.9285714285714285,0.21428571428571427,0.056143823088529776
14.0,implicit,0.9285714285714285,0.2857142857142857,0.07650683048934322
14.0,implicit,0.9285714285714285,0.3571428571428571,0.0967603452010527
14.0,implicit,0.9285714285714285,0.42857142857142855,0.11583348878857357
14.0,implicit,0.9285714285714285,0.5,0.12767744300322123
14.0,implicit,0.9285714285714285,0.5714285714285714,0.11583348878857334
14.0,implicit,0.9285714285714285,0.6428571428571428,0.0967603452010525
14.0,implicit,0.9285714285714285,0.7142857142857142,0.07650683048934322
14.0,implicit,0.9285714285714285,0.7857142857142857,0.0561438230885298
14.0,implicit,0.9285714285714285,0.8571428571428571,0.03558974891087206
14.0,implicit,0.9285714285714285,0.9285714285714285,0.010311451688701482
14.0,implicit,0.9285714285714285,1.0,-0.14247481862134567
14.0,implicit,1.0,0.0,-0.14247481862134567
14.0,implicit,1.0,0.07142857142857142,-0.14247481862134567
14.0,implicit,1.0,0.14285714285714285,-0.14247481862134567
14.0,implicit,1.0,0.21428571428571427,-0.14247481862134567
14.0,implicit,1.0,0.2857142857142857,-0.14247481862134567
14.0,implicit,1.0,0.3571428571428571,-0.14247481862134567
14.0,implicit,1.0,0.42857142857142855,-0.14247481862134567
14.0,implicit,1.0,0.5,-0.14247481862134567
14.0,implicit,1.0,0.5714285714285714,-0.14247481862134567
14.0,implicit,1.0,0.6428571428571428,-0.14247481862134567
14.0,implicit,1.0,0.7142857142857142,-0.14247481862134567
14.0,implicit,1.0,0.7857142857142857,-0.14247481862134567
14.0,implicit,1.0,0.8571428571428571,-0.14247481862134567
14.0,implicit,1.0,0.9285714285714285,-0.14247481862134567
14.0,implicit,1.0,1.0,-0.14247481862134567
15.0,implicit,0.0,0.0,0.01109225897098661
15.0,implicit,0.0,0.07142857142857142,0.01109225897098661
15.0,implicit,0.0,0.14285714285714285,0.01109225897098661
15.0,implicit,0.0,0.21428571428571427,0.01109225897098661
15.0,implicit,0.0,0.2857142857142857,0.01109225897098661
15.0,implicit,0.0,0.3571428571428571,0.01109225897098661
15.0,implicit,0.0,0.42857142857142855,0.01109225897098661
15.0,implicit,0.0,0.5,0.01109225897098661
15.0,implicit,0.0,0.5714285714285714,0.01109225897098661
15.0,implicit,0.0,0.6428571428571428,0.01109225897098661
15.0,implicit,0.0,0.7142857142857142,0.01109225897098661
15.0,implicit,0.0,0.7857142857142857,0.01109225897098661
15.0,implicit,0.0,0.8571428571428571,0.01109225897098661
15.0,implicit,0.0,0.9285714285714285,0.01109225897098661
15.0,implicit,0.0,1.0,0.01109225897098661
15.0,implicit,0.07142857142857142,0.0,0.01109225897098661
15.0,implicit,0.07142857142857142,0.07142857142857142,0.00998951029175038
15.0,implicit,0.07142857142857142,0.14285714285714285,0.035174644308400664
15.0,implicit,0.07142857142857142,0.21428571428571427,0.05584424702863807
15.0,implicit,0.07142857142857142,0.2857142857142857,0.07621133498425899
15.0,implicit,0.07142857142857142,0.3571428571428571,0.09643352187083325
15.0,implicit,0.07142857142857142,0.42857142857142855,0.1153384424160933
15.0,implicit,0.07142857142857142,0.5,0.12675470451544354
15.0,implicit,0.07142857142857142,0.5714285714285714,0.1153384424160932
15.0,implicit,0.07142857142857142,0.6428571428571428,0.09643352187083329
15.0,implicit,0.07142857142857142,0.7142857142857142,0.07621133498425903
15.0,implicit,0.07142857142857142,0.7857142857142857,0.055844247028638085
15.0,implicit,0.07142857142857142,0.8571428571428571,0.03517464430840067
15.0,implicit,0.07142857142857142,0.9285714285714285,0.009989510291750396
15.0,implicit,0.07142857142857142,1.0,0.01109225897098661
15.0,implicit,0.14285714285714285,0.0,0.01109225897098661
15.0,implicit,0.14285714285714285,0.07142857142857142,0.035174644308400685
15.0,implicit,0.14285714285714285,0.14285714285714285,0.08133637200723244
15.0,implicit,0.14285714285714285,0.21428571428571427,0.12236864320366386
15.0,implicit,0.14285714285714285,0.2857142857142857,0.16310855299880747
15.0,implicit,0.14285714285714285,0.3571428571428571,0.20355621745873734
15.0,implicit,0.14285714285714285,0.42857142857142855,0.24136638994433687
15.0,implicit,0.14285714285714285,0.5,0.2641989019709353
15.0,implicit,0.14285714285714285,0.5714285714285714,0.24136638994433654
15.0,implicit,0.14285714285714285,0.6428571428571428,0.20355621745873692
15.0,implicit,0.14285714285714285,0.7142857142857142,0.16310855299880747
15.0,implicit,0.14285714285714285,0.7857142857142857,0.12236864320366388
15.0,implicit,0.14285714285714285,0.8571428571428571,0.08133637200723248
15.0,implicit,0.14285714285714285,0.9285714285714285,0.03517464430840073
15.0,implicit,0.14285714285714285,1.0,0.01109225897098661
15.0,implicit,0.21428571428571427,0.0,0.01109225897098661
15.0,implicit,0.21428571428571427,0.07142857142857142,0.0558442470286379
15.0,implicit,0.21428571428571427,0.14285714285714285,0.12236864320366382
15.0,implicit,0.21428571428571427,0.21428571428571427,0.18378056623185487
15.0,implicit,0.21428571428571427,0.2857142857142857,0.24490544874626113
15.0,implicit,0.21428571428571427,0.3571428571428571,0.3055793717120203
15.0,implicit,0.21428571428571427,0.42857142857142855,0.36229386075875325
15.0,implicit,0.21428571428571427,0.5,0.3965419887720265
15.0,implicit,0.21428571428571427,0.5714285714285714,0.362293860758752
15.0,implicit,0.21428571428571427,0.6428571428571428,0.3055793717120202
15.0,implicit,0.21428571428571427,0.7142857142857142,0.24490544874626125
15.0,implicit,0.21428571428571427,0.7857142857142857,0.18378056623185493
15.0,implicit,0.21428571428571427,0.8571428571428571,0.1223686432036639
15.0,implicit,0.21428571428571427,0.9285714285714285,0.05584424702863796
15.0,implicit,0.21428571428571427,1.0,0.01109225897098661
15.0,implicit,0.2857142857142857,0.0,0.01109225897098661
15.0,implicit,0.2857142857142857,0.07142857142857142,0.07621133498425876
15.0,implicit,0.2857142857142857,0.14285714285714285,0.1631085529988073
15.0,implicit,0.2857142857142857,0.21428571428571427,0.24490544874626102
15.0,implicit,0.2857142857142857,0.2857142857142857,0.3264037457149901
15.0,implicit,0.2857142857142857,0.3571428571428571,0.40728894410327665
15.0,implicit,0.2857142857142857,0.42857142857142855,0.4828935005808417
15.0,implicit,0.2857142857142857,0.5,0.5285489768039064
15.0,implicit,0.2857142857142857,0.5714285714285714,0.48289350058084224
15.0,implicit,0.2857142857142857,0.6428571428571428,0.40728894410327665
15.0,implicit,0.2857142857142857,0.7142857142857142,0.32640374571499015
15.0,implicit,0.2857142857142857,0.7857142857142857,0.24490544874626105
15.0,implicit,0.2857142857142857,0.8571428571428571,0.16310855299880736
15.0,implicit,0.2857142857142857,0.9285714285714285,0.07621133498425878
15.0,implicit,0.2857142857142857,1.0,0.01109225897098661
15.0,implicit,0.3571428571428571,0.0,0.01109225897098661
15.0,implicit,0.3571428571428571,0.07142857142857142,0.09643352187083302
15.0,implicit,0.3571428571428571,0.14285714285714285,0.2035562174587363
15.0,implicit,0.3571428571428571,0.21428571428571427,0.3055793717120196
15.0,implicit,0.3571428571428571,0.2857142857142857,0.4072889441032742
15.0,implicit,0.3571428571428571,0.3571428571428571,0.5082242504407509
15.0,implicit,0.3571428571428571,0.42857142857142855,0.6025694577079551
15.0,implicit,0.3571428571428571,0.5,0.6595447679108823
15.0,implicit,0.3571428571428571,0.5714285714285714,0.602569457707956
15.0,implicit,0.3571428571428571,0.6428571428571428,0.508224250440751
15.0,implicit,0.3571428571428571,0.7142857142857142,0.4072889441032741
15.0,implicit,0.3571428571428571,0.7857142857142857,0.30557937171201954
15.0,implicit,0.3571428571428571,0.8571428571428571,0.20355621745873623
15.0,implicit,0.3571428571428571,0.9285714285714285,0.09643352187083315
15.0,implicit,0.3571428571428571,1.0,0.01109225897098661
15.0,implicit,0.42857142857142855,0.0,0.01109225897098661
15.0,implicit,0.42857142857142855,0.07142857142857142,0.1153384424160935
15.0,implicit,0.42857142857142855,0.14285714285714285,0.24136638994433657
15.0,implicit,0.42857142857142855,0.21428571428571427,0.362293860758752
15.0,implicit,0.42857142857142855,0.2857142857142857,0.4828935005808426
15.0,implicit,0.42857142857142855,0.3571428571428571,0.6025694577079572
15.0,implicit,0.42857142857142855,0.42857142857142855,0.7144375414752504
15.0,implicit,0.42857142857142855,0.5,0.7820105594298741
15.0,implicit,0.42857142857142855,0.5714285714285714,0.7144375414752482
15.0,implicit,0.42857142857142855,0.6428571428571428,0.6025694577079549
15.0,implicit,0.42857142857142855,0.7142857142857142,0.48289350058084174
15.0,implicit,0.42857142857142855,0.7857142857142857,0.36229386075875186
15.0,implicit,0.42857142857142855,0.8571428571428571,0.24136638994433676
15.0,implicit,0.42857142857142855,0.9285714285714285,0.11533844241609362
15.0,implicit,0.42857142857142855,1.0,0.01109225897098661
15.0,implicit,0.5,0.0,0.01109225897098661
15.0,implicit,0.5,0.07142857142857142,0.12675470451544354
15.0,implicit,0.5,0.14285714285714285,0.2641989019709356
15.0,implicit,0.5,0.21428571428571427,0.39654198877202873
15.0,implicit,0.5,0.2857142857142857,0.5285489768039068
15.0,implicit,0.5,0.3571428571428571,0.6595447679108828
15.0,implicit,0.5,0.42857142857142855,0.7820105594298734
15.0,implicit,0.5,0.5,0.8560231485095582
15.0,implicit,0.5,0.5714285714285714,0.7820105594298747
15.0,implicit,0.5,0.6428571428571428,0.6595447679108808
15.0,implicit,0.5,0.7142857142857142,0.528548976803905
15.0,implicit,0.5,0.7857142857142857,0.3965419887720286
15.0,implicit,0.5,0.8571428571428571,0.2641989019709357
15.0,implicit,0.5,0.9285714285714285,0.12675470451544357
15.0,implicit,0.5,1.0,0.01109225897098661
15.0,implicit,0.5714285714285714,0.0,0.01109225897098661
15.0,implicit,0.5714285714285714,0.07142857142857142,0.11533844241609315
15.0,implicit,0.5714285714285714,0.14285714285714285,0.24136638994433676
15.0,implicit,0.5714285714285714,0.21428571428571427,0.3622938607587535
15.0,implicit,0.5714285714285714,0.2857142857142857,0.482893500580843
15.0,implicit,0.5714285714285714,0.3571428571428571,0.6025694577079577
15.0,implicit,0.5714285714285714,0.42857142857142855,0.7144375414752491
15.0,implicit,0.5714285714285714,0.5,0.7820105594298766
15.0,implicit,0.5714285714285714,0.5714285714285714,0.7144375414752503
15.0,implicit,0.5714285714285714,0.6428571428571428,0.6025694577079579
15.0,implicit,0.5714285714285714,0.7142857142857142,0.48289350058084435
15.0,implicit,0.5714285714285714,0.7857142857142857,0.36229386075875314
15.0,implicit,0.5714285714285714,0.8571428571428571,0.24136638994433698
15.0,implicit,0.5714285714285714,0.9285714285714285,0.11533844241609333
15.0,implicit,0.5714285714285714,1.0,0.01109225897098661
15.0,implicit,0.6428571428571428,0.0,0.01109225897098661
15.0,implicit,0.6428571428571428,0.07142857142857142,0.09643352187083323
15.0,implicit,0.6428571428571428,0.14285714285714285,0.2035562174587378
15.0,implicit,0.6428571428571428,0.21428571428571427,0.3055793717120204
15.0,implicit,0.6428571428571428,0.2857142857142857,0.40728894410327676
15.0,implicit,0.6428571428571428,0.3571428571428571,0.5082242504407515
15.0,implicit,0.6428571428571428,0.42857142857142855,0.6025694577079561
15.0,implicit,0.6428571428571428,0.5,0.6595447679108813
15.0,implicit,0.6428571428571428,0.5714285714285714,0.6025694577079581
15.0,implicit,0.6428571428571428,0.6428571428571428,0.508224250440752
15.0,implicit,0.6428571428571428,0.7142857142857142,0.4072889441032771
15.0,implicit,0.6428571428571428,0.7857142857142857,0.3055793717120204
15.0,implicit,0.6428571428571428,0.8571428571428571,0.2035562174587369
15.0,implicit,0.6428571428571428,0.9285714285714285,0.09643352187083305
15.0,implicit,0.6428571428571428,1.0,0.01109225897098661
15.0,implicit,0.7142857142857142,0.0,0.01109225897098661
15.0,implicit,0.7142857142857142,0.07142857142857142,0.07621133498425903
15.0,implicit,0.7142857142857142,0.14285714285714285,0.16310855299880755
15.0,implicit,0.7142857142857142,0.21428571428571427,0.24490544874626127
15.0,implicit,0.7142857142857142,0.2857142857142857,0.3264037457149903
15.0,implicit,0.7142857142857142,0.3571428571428571,0.4072889441032753
15.0,implicit,0.7142857142857142,0.42857142857142855,0.4828935005808423
15.0,implicit,0.7142857142857142,0.5,0.5285489768039073
15.0,implicit,0.7142857142857142,0.5714285714285714,0.4828935005808414
15.0,implicit,0.7142857142857142,0.6428571428571428,0.4072889441032752
15.0,implicit,0.7142857142857142,0.7142857142857142,0.3264037457149904
15.0,implicit,0.7142857142857142,0.7857142857142857,0.24490544874626125
15.0,implicit,0.7142857142857142,0.8571428571428571,0.16310855299880747
15.0,implicit,0.7142857142857142,0.9285714285714285,0.07621133498425904
15.0,implicit,0.7142857142857142,1.0,0.01109225897098661
15.0,implicit,0.7857142857142857,0.0,0.01109225897098661
15.0,implicit,0.7857142857142857,0.07142857142857142,0.05584424702863808
15.0,implicit,0.7857142857142857,0.14285714285714285,0.12236864320366388
15.0,implicit,0.7857142857142857,0.21428571428571427,0.18378056623185493
15.0,implicit,0.7857142857142857,0.2857142857142857,0.24490544874626113
15.0,implicit,0.7857142857142857,0.3571428571428571,0.3055793717120198
15.0,implicit,0.7857142857142857,0.42857142857142855,0.362293860758752
15.0,implicit,0.7857142857142857,0.5,0.3965419887720281
15.0,implicit,0.7857142857142857,0.5714285714285714,0.3622938607587515
15.0,implicit,0.7857142857142857,0.6428571428571428,0.30557937171201977
15.0,implicit,0.7857142857142857,0.7142857142857142,0.24490544874626122
15.0,implicit,0.7857142857142857,0.7857142857142857,0.18378056623185496
15.0,implicit,0.7857142857142857,0.8571428571428571,0.12236864320366392
15.0,implicit,0.7857142857142857,0.9285714285714285,0.05584424702863812
15.0,implicit,0.7857142857142857,1.0,0.01109225897098661
15.0,implicit,0.8571428571428571,0.0,0.01109225897098661
15.0,implicit,0.8571428571428571,0.07142857142857142,0.03517464430840067
15.0,implicit,0.8571428571428571,0.14285714285714285,0.08133637200723248
15.0,implicit,0.8571428571428571,0.21428571428571427,0.1223686432036639
15.0,implicit,0.8571428571428571,0.2857142857142857,0.16310855299880736
15.0,implicit,0.8571428571428571,0.3571428571428571,0.20355621745873625
15.0,implicit,0.8571428571428571,0.42857142857142855,0.2413663899443367
15.0,implicit,0.8571428571428571,0.5,0.26419890197093554
15.0,implicit,0.8571428571428571,0.5714285714285714,0.24136638994433607
15.0,implicit,0.8571428571428571,0.6428571428571428,0.20355621745873675
15.0,implicit,0.8571428571428571,0.7142857142857142,0.16310855299880753
15.0,implicit,0.8571428571428571,0.7857142857142857,0.12236864320366397
15.0,implicit,0.8571428571428571,0.8571428571428571,0.08133637200723252
15.0,implicit,0.8571428571428571,0.9285714285714285,0.0351746443084007
15.0,implicit,0.8571428571428571,1.0,0.01109225897098661
15.0,implicit,0.9285714285714285,0.0,0.01109225897098661
15.0,implicit,0.9285714285714285,0.07142857142857142,0.009989510291750396
15.0,implicit,0.9285714285714285,0.14285714285714285,0.03517464430840073
15.0,implicit,0.9285714285714285,0.21428571428571427,0.05584424702863796
15.0,implicit,0.9285714285714285,0.2857142857142857,0.0762113349842588
15.0,implicit,0.9285714285714285,0.3571428571428571,0.09643352187083322
15.0,implicit,0.9285714285714285,0.42857142857142855,0.11533844241609359
15.0,implicit,0.9285714285714285,0.5,0.12675470451544357
15.0,implicit,0.9285714285714285,0.5714285714285714,0.11533844241609338
15.0,implicit,0.9285714285714285,0.6428571428571428,0.09643352187083305
15.0,implicit,0.9285714285714285,0.7142857142857142,0.0762113349842588
15.0,implicit,0.9285714285714285,0.7857142857142857,0.05584424702863798
15.0,implicit,0.9285714285714285,0.8571428571428571,0.03517464430840074
15.0,implicit,0.9285714285714285,0.9285714285714285,0.00998951029175041
15.0,implicit,0.9285714285714285,1.0,0.01109225897098661
15.0,implicit,1.0,0.0,0.01109225897098661
15.0,implicit,1.0,0.07142857142857142,0.01109225897098661
15.0,implicit,1.0,0.14285714285714285,0.01109225897098661
15.0,implicit,1.0,0.21428571428571427,0.01109225897098661
15.0,implicit,1.0,0.2857142857142857,0.01109225897098661
15.0,implicit,1.0,0.3571428571428571,0.01109225897098661
15.0,implicit,1.0,0.42857142857142855,0.01109225897098661
15.0,implicit,1.0,0.5,0.01109225897098661
15.0,implicit,1.0,0.5714285714285714,0.01109225897098661
15.0,implicit,1.0,0.6428571428571428,0.01109225897098661
15.0,implicit,1.0,0.7142857142857142,0.01109225897098661
15.0,implicit,1.0,0.7857142857142857,0.01109225897098661
15.0,implicit,1.0,0.8571428571428571,0.01109225897098661
15.0,implicit,1.0,0.9285714285714285,0.01109225897098661
15.0,implicit,1.0,1.0,0.01109225897098661
16.0,implicit,0.0,0.0,0.0375698018345672
16.0,implicit,0.0,0.07142857142857142,0.0375698018345672
16.0,implicit,0.0,0.14285714285714285,0.0375698018345672
16.0,implicit,0.0,0.21428571428571427,0.0375698018345672
16.0,implicit,0.0,0.2857142857142857,0.0375698018345672
16.0,implicit,0.0,0.3571428571428571,0.0375698018345672
16.0,implicit,0.0,0.42857142857142855,0.0375698018345672
16.0,implicit,0.0,0.5,0.0375698018345672
16.0,implicit,0.0,0.5714285714285714,0.0375698018345672
16.0,implicit,0.0,0.6428571428571428,0.0375698018345672
16.0,implicit,0.0,0.7142857142857142,0.0375698018345672
16.0,implicit,0.0,0.7857142857142857,0.0375698018345672
16.0,implicit,0.0,0.8571428571428571,0.0375698018345672
16.0,implicit,0.0,0.9285714285714285,0.0375698018345672
16.0,implicit,0.0,1.0,0.0375698018345672
16.0,implicit,0.07142857142857142,0.0,0.0375698018345672
16.0,implicit,0.07142857142857142,0.07142857142857142,0.008842277079198187
16.0,implicit,0.07142857142857142,0.14285714285714285,0.034329142251622945
16.0,implicit,0.07142857142857142,0.21428571428571427,0.05511888874166361
16.0,implicit,0.07142857142857142,0.2857142857142857,0.07549188061435597
16.0,implicit,0.07142857142857142,0.3571428571428571,0.09568004433353743
16.0,implicit,0.07142857142857142,0.42857142857142855,0.11441403728418682
16.0,implicit,0.07142857142857142,0.5,0.12543130183483028
16.0,implicit,0.07142857142857142,0.5714285714285714,0.11441403728418673
16.0,implicit,0.07142857142857142,0.6428571428571428,0.09568004433353744
16.0,implicit,0.07142857142857142,0.7142857142857142,0.07549188061435602
16.0,implicit,0.07142857142857142,0.7857142857142857,0.055118888741663624
16.0,implicit,0.07142857142857142,0.8571428571428571,0.03432914225162295
16.0,implicit,0.07142857142857142,0.9285714285714285,0.008842277079198203
16.0,implicit,0.07142857142857142,1.0,0.0375698018345672
16.0,implicit,0.14285714285714285,0.0,0.0375698018345672
16.0,implicit,0.14285714285714285,0.07142857142857142,0.03432914225162296
16.0,implicit,0.14285714285714285,0.14285714285714285,0.08101214482798073
16.0,implicit,0.14285714285714285,0.21428571428571427,0.12219522524156423
16.0,implicit,0.14285714285714285,0.2857142857142857,0.1629371483301229
16.0,implicit,0.14285714285714285,0.3571428571428571,0.20331641735531647
16.0,implicit,0.14285714285714285,0.42857142857142855,0.2407847477402826
16.0,implicit,0.14285714285714285,0.5,0.26281925542583345
16.0,implicit,0.14285714285714285,0.5714285714285714,0.2407847477402822
16.0,implicit,0.14285714285714285,0.6428571428571428,0.20331641735531603
16.0,implicit,0.14285714285714285,0.7142857142857142,0.1629371483301229
16.0,implicit,0.14285714285714285,0.7857142857142857,0.12219522524156425
16.0,implicit,0.14285714285714285,0.8571428571428571,0.08101214482798076
16.0,implicit,0.14285714285714285,0.9285714285714285,0.034329142251623
16.0,implicit,0.14285714285714285,1.0,0.0375698018345672
16.0,implicit,0.21428571428571427,0.0,0.0375698018345672
16.0,implicit,0.21428571428571427,0.07142857142857142,0.05511888874166345
16.0,implicit,0.21428571428571427,0.14285714285714285,0.12219522524156415
16.0,implicit,0.21428571428571427,0.21428571428571427,0.1837583129691089
16.0,implicit,0.21428571428571427,0.2857142857142857,0.24487955769619318
16.0,implicit,0.21428571428571427,0.3571428571428571,0.30545050394825984
16.0,implicit,0.21428571428571427,0.42857142857142855,0.36165190855831936
16.0,implicit,0.21428571428571427,0.5,0.3947028353232614
16.0,implicit,0.21428571428571427,0.5714285714285714,0.3616519085583179
16.0,implicit,0.21428571428571427,0.6428571428571428,0.3054505039482596
16.0,implicit,0.21428571428571427,0.7142857142857142,0.2448795576961933
16.0,implicit,0.21428571428571427,0.7857142857142857,0.183758312969109
16.0,implicit,0.21428571428571427,0.8571428571428571,0.12219522524156423
16.0,implicit,0.21428571428571427,0.9285714285714285,0.0551188887416635
16.0,implicit,0.21428571428571427,1.0,0.0375698018345672
16.0,implicit,0.2857142857142857,0.0,0.0375698018345672
16.0,implicit,0.2857142857142857,0.07142857142857142,0.07549188061435572
16.0,implicit,0.2857142857142857,0.14285714285714285,0.1629371483301227
16.0,implicit,0.2857142857142857,0.21428571428571427,0.2448795576961931
16.0,implicit,0.2857142857142857,0.2857142857142857,0.3263649253112488
16.0,implicit,0.2857142857142857,0.3571428571428571,0.40710868649544435
16.0,implicit,0.2857142857142857,0.42857142857142855,0.48202537009848495
16.0,implicit,0.2857142857142857,0.5,0.5260826311637062
16.0,implicit,0.2857142857142857,0.5714285714285714,0.4820253700984855
16.0,implicit,0.2857142857142857,0.6428571428571428,0.40710868649544435
16.0,implicit,0.2857142857142857,0.7142857142857142,0.32636492531124883
16.0,implicit,0.2857142857142857,0.7857142857142857,0.24487955769619313
16.0,implicit,0.2857142857142857,0.8571428571428571,0.16293714833012277
16.0,implicit,0.2857142857142857,0.9285714285714285,0.07549188061435574
16.0,implicit,0.2857142857142857,1.0,0.0375698018345672
16.0,implicit,0.3571428571428571,0.0,0.0375698018345672
16.0,implicit,0.3571428571428571,0.07142857142857142,0.09568004433353722
16.0,implicit,0.3571428571428571,0.14285714285714285,0.2033164173553154
16.0,implicit,0.3571428571428571,0.21428571428571427,0.30545050394825923
16.0,implicit,0.3571428571428571,0.2857142857142857,0.4071086864954418
16.0,implicit,0.3571428571428571,0.3571428571428571,0.5078353664145673
16.0,implicit,0.3571428571428571,0.42857142857142855,0.6012925449781619
16.0,implicit,0.3571428571428571,0.5,0.6562562364919331
16.0,implicit,0.3571428571428571,0.5714285714285714,0.6012925449781628
16.0,implicit,0.3571428571428571,0.6428571428571428,0.5078353664145672
16.0,implicit,0.3571428571428571,0.7142857142857142,0.4071086864954417
16.0,implicit,0.3571428571428571,0.7857142857142857,0.3054505039482592
16.0,implicit,0.3571428571428571,0.8571428571428571,0.20331641735531533
16.0,implicit,0.3571428571428571,0.9285714285714285,0.0956800443335373
16.0,implicit,0.3571428571428571,1.0,0.0375698018345672
16.0,implicit,0.42857142857142855,0.0,0.0375698018345672
16.0,implicit,0.42857142857142855,0.07142857142857142,0.11441403728418703
16.0,implicit,0.42857142857142855,0.14285714285714285,0.2407847477402822
16.0,implicit,0.42857142857142855,0.21428571428571427,0.361651908558318
16.0,implicit,0.42857142857142855,0.2857142857142857,0.48202537009848595
16.0,implicit,0.42857142857142855,0.3571428571428571,0.6012925449781639
16.0,implicit,0.42857142857142855,0.42857142857142855,0.7119585154351614
16.0,implicit,0.42857142857142855,0.5,0.7770585076429584
16.0,implicit,0.42857142857142855,0.5714285714285714,0.711958515435159
16.0,implicit,0.42857142857142855,0.6428571428571428,0.6012925449781615
16.0,implicit,0.42857142857142855,0.7142857142857142,0.4820253700984849
16.0,implicit,0.42857142857142855,0.7857142857142857,0.36165190855831786
16.0,implicit,0.42857142857142855,0.8571428571428571,0.24078474774028236
16.0,implicit,0.42857142857142855,0.9285714285714285,0.11441403728418713
16.0,implicit,0.42857142857142855,1.0,0.0375698018345672
16.0,implicit,0.5,0.0,0.0375698018345672
16.0,implicit,0.5,0.07142857142857142,0.12543130183483028
16.0,implicit,0.5,0.14285714285714285,0.2628192554258338
16.0,implicit,0.5,0.21428571428571427,0.39470283532326333
16.0,implicit,0.5,0.2857142857142857,0.5260826311637066
16.0,implicit,0.5,0.3571428571428571,0.6562562364919335
16.0,implicit,0.5,0.42857142857142855,0.7770585076429576
16.0,implicit,0.5,0.5,0.8481562533342802
16.0,implicit,0.5,0.5714285714285714,0.7770585076429589
16.0,implicit,0.5,0.6428571428571428,0.6562562364919312
16.0,implicit,0.5,0.7142857142857142,0.526082631163705
16.0,implicit,0.5,0.7857142857142857,0.3947028353232634
16.0,implicit,0.5,0.8571428571428571,0.2628192554258339
16.0,implicit,0.5,0.9285714285714285,0.12543130183483034
16.0,implicit,0.5,1.0,0.0375698018345672
16.0,implicit,0.5714285714285714,0.0,0.0375698018345672
16.0,implicit,0.5714285714285714,0.07142857142857142,0.1144140372841867
16.0,implicit,0.5714285714285714,0.14285714285714285,0.24078474774028247
16.0,implicit,0.5714285714285714,0.21428571428571427,0.3616519085583195
16.0,implicit,0.5714285714285714,0.2857142857142857,0.48202537009848645
16.0,implicit,0.5714285714285714,0.3571428571428571,0.6012925449781644
16.0,implicit,0.5714285714285714,0.42857142857142855,0.7119585154351602
16.0,implicit,0.5714285714285714,0.5,0.7770585076429608
16.0,implicit,0.5714285714285714,0.5714285714285714,0.7119585154351613
16.0,implicit,0.5714285714285714,0.6428571428571428,0.6012925449781645
16.0,implicit,0.5714285714285714,0.7142857142857142,0.4820253700984877
16.0,implicit,0.5714285714285714,0.7857142857142857,0.3616519085583193
16.0,implicit,0.5714285714285714,0.8571428571428571,0.2407847477402827
16.0,implicit,0.5714285714285714,0.9285714285714285,0.11441403728418688
16.0,implicit,0.5714285714285714,1.0,0.0375698018345672
16.0,implicit,0.6428571428571428,0.0,0.0375698018345672
16.0,implicit,0.6428571428571428,0.07142857142857142,0.09568004433353738
16.0,implicit,0.6428571428571428,0.14285714285714285,0.20331641735531705
16.0,implicit,0.6428571428571428,0.21428571428571427,0.30545050394825995
16.0,implicit,0.6428571428571428,0.2857142857142857,0.40710868649544446
16.0,implicit,0.6428571428571428,0.3571428571428571,0.5078353664145681
16.0,implicit,0.6428571428571428,0.42857142857142855,0.6012925449781628
16.0,implicit,0.6428571428571428,0.5,0.6562562364919322
16.0,implicit,0.6428571428571428,0.5714285714285714,0.6012925449781646
16.0,implicit,0.6428571428571428,0.6428571428571428,0.5078353664145684
16.0,implicit,0.6428571428571428,0.7142857142857142,0.4071086864954448
16.0,implicit,0.6428571428571428,0.7857142857142857,0.30545050394825995
16.0,implicit,0.6428571428571428,0.8571428571428571,0.20331641735531608
16.0,implicit,0.6428571428571428,0.9285714285714285,0.0956800443335372
16.0,implicit,0.6428571428571428,1.0,0.0375698018345672
16.0,implicit,0.7142857142857142,0.0,0.0375698018345672
16.0,implicit,0.7142857142857142,0.07142857142857142,0.07549188061435601
16.0,implicit,0.7142857142857142,0.14285714285714285,0.162937148330123
16.0,implicit,0.7142857142857142,0.21428571428571427,0.24487955769619335
16.0,implicit,0.7142857142857142,0.2857142857142857,0.326364925311249
16.0,implicit,0.7142857142857142,0.3571428571428571,0.40710868649544296
16.0,implicit,0.7142857142857142,0.42857142857142855,0.4820253700984854
16.0,implicit,0.7142857142857142,0.5,0.5260826311637073
16.0,implicit,0.7142857142857142,0.5714285714285714,0.48202537009848473
16.0,implicit,0.7142857142857142,0.6428571428571428,0.4071086864954428
16.0,implicit,0.7142857142857142,0.7142857142857142,0.3263649253112491
16.0,implicit,0.7142857142857142,0.7857142857142857,0.24487955769619332
16.0,implicit,0.7142857142857142,0.8571428571428571,0.16293714833012293
16.0,implicit,0.7142857142857142,0.9285714285714285,0.07549188061435602
16.0,implicit,0.7142857142857142,1.0,0.0375698018345672
16.0,implicit,0.7857142857142857,0.0,0.0375698018345672
16.0,implicit,0.7857142857142857,0.07142857142857142,0.05511888874166362
16.0,implicit,0.7857142857142857,0.14285714285714285,0.12219522524156425
16.0,implicit,0.7857142857142857,0.21428571428571427,0.183758312969109
16.0,implicit,0.7857142857142857,0.2857142857142857,0.2448795576961932
16.0,implicit,0.7857142857142857,0.3571428571428571,0.3054505039482595
16.0,implicit,0.7857142857142857,0.42857142857142855,0.36165190855831797
16.0,implicit,0.7857142857142857,0.5,0.39470283532326267
16.0,implicit,0.7857142857142857,0.5714285714285714,0.3616519085583175
16.0,implicit,0.7857142857142857,0.6428571428571428,0.3054505039482594
16.0,implicit,0.7857142857142857,0.7142857142857142,0.2448795576961933
16.0,implicit,0.7857142857142857,0.7857142857142857,0.18375831296910905
16.0,implicit,0.7857142857142857,0.8571428571428571,0.12219522524156426
16.0,implicit,0.7857142857142857,0.9285714285714285,0.055118888741663666
16.0,implicit,0.7857142857142857,1.0,0.0375698018345672
16.0,implicit,0.8571428571428571,0.0,0.0375698018345672
16.0,implicit,0.8571428571428571,0.07142857142857142,0.03432914225162295
16.0,implicit,0.8571428571428571,0.14285714285714285,0.08101214482798076
16.0,implicit,0.8571428571428571,0.21428571428571427,0.12219522524156423
16.0,implicit,0.8571428571428571,0.2857142857142857,0.16293714833012277
16.0,implicit,0.8571428571428571,0.3571428571428571,0.20331641735531536
16.0,implicit,0.8571428571428571,0.42857142857142855,0.24078474774028244
16.0,implicit,0.8571428571428571,0.5,0.2628192554258337
16.0,implicit,0.8571428571428571,0.5714285714285714,0.24078474774028175
16.0,implicit,0.8571428571428571,0.6428571428571428,0.20331641735531597
16.0,implicit,0.8571428571428571,0.7142857142857142,0.16293714833012288
16.0,implicit,0.8571428571428571,0.7857142857142857,0.1221952252415643
16.0,implicit,0.8571428571428571,0.8571428571428571,0.0810121448279808
16.0,implicit,0.8571428571428571,0.9285714285714285,0.03432914225162298
16.0,implicit,0.8571428571428571,1.0,0.0375698018345672
16.0,implicit,0.9285714285714285,0.0,0.0375698018345672
16.0,implicit,0.9285714285714285,0.07142857142857142,0.008842277079198203
16.0,implicit,0.9285714285714285,0.14285714285714285,0.034329142251623
16.0,implicit,0.9285714285714285,0.21428571428571427,0.0551188887416635
16.0,implicit,0.9285714285714285,0.2857142857142857,0.07549188061435577
16.0,implicit,0.9285714285714285,0.3571428571428571,0.0956800443335374
16.0,implicit,0.9285714285714285,0.42857142857142855,0.11441403728418713
16.0,implicit,0.9285714285714285,0.5,0.1254313018348303
16.0,implicit,0.9285714285714285,0.5714285714285714,0.1144140372841869
16.0,implicit,0.9285714285714285,0.6428571428571428,0.09568004433353725
16.0,implicit,0.9285714285714285,0.7142857142857142,0.07549188061435576
16.0,implicit,0.9285714285714285,0.7857142857142857,0.05511888874166352
16.0,implicit,0.9285714285714285,0.8571428571428571,0.034329142251623014
16.0,implicit,0.9285714285714285,0.9285714285714285,0.008842277079198217
16.0,implicit,0.9285714285714285,1.0,0.0375698018345672
16.0,implicit,1.0,0.0,0.0375698018345672
16.0,implicit,1.0,0.07142857142857142,0.0375698018345672
16.0,implicit,1.0,0.14285714285714285,0.0375698018345672
16.0,implicit,1.0,0.21428571428571427,0.0375698018345672
16.0,implicit,1.0,0.2857142857142857,0.0375698018345672
16.0,implicit,1.0,0.3571428571428571,0.0375698018345672
16.0,implicit,1.0,0.42857142857142855,0.0375698018345672
16.0,implicit,1.0,0.5,0.0375698018345672
16.0,implicit,1.0,0.5714285714285714,0.0375698018345672
16.0,implicit,1.0,0.6428571428571428,0.0375698018345672
16.0,implicit,1.0,0.7142857142857142,0.0375698018345672
16.0,implicit,1.0,0.7857142857142857,0.0375698018345672
16.0,implicit,1.0,0.8571428571428571,0.0375698018345672
16.0,implicit,1.0,0.9285714285714285,0.0375698018345672
16.0,implicit,1.0,1.0,0.0375698018345672
17.0,implicit,0.0,0.0,-0.0600638689918805
17.0,implicit,0.0,0.07142857142857142,-0.0600638689918805
17.0,implicit,0.0,0.14285714285714285,-0.0600638689918805
17.0,implicit,0.0,0.21428571428571427,-0.0600638689918805
17.0,implicit,0.0,0.2857142857142857,-0.0600638689918805
17.0,implicit,0.0,0.3571428571428571,-0.0600638689918805
17.0,implicit,0.0,0.42857142857142855,-0.0600638689918805
17.0,implicit,0.0,0.5,-0.0600638689918805
17.0,implicit,0.0,0.5714285714285714,-0.0600638689918805
17.0,implicit,0.0,0.6428571428571428,-0.0600638689918805
17.0,implicit,0.0,0.7142857142857142,-0.0600638689918805
17.0,implicit,0.0,0.7857142857142857,-0.0600638689918805
17.0,implicit,0.0,0.8571428571428571,-0.0600638689918805
17.0,implicit,0.0,0.9285714285714285,-0.0600638689918805
17.0,implicit,0.0,1.0,-0.0600638689918805
17.0,implicit,0.07142857142857142,0.0,-0.0600638689918805
17.0,implicit,0.07142857142857142,0.07142857142857142,0.007696590922120965
17.0,implicit,0.07142857142857142,0.14285714285714285,0.03362336298466624
17.0,implicit,0.07142857142857142,0.21428571428571427,0.054470252529476584
17.0,implicit,0.07142857142857142,0.2857142857142857,0.07484673271640996
17.0,implicit,0.07142857142857142,0.3571428571428571,0.09501691109966938
17.0,implicit,0.07142857142857142,0.42857142857142855,0.1136646743476456
17.0,implicit,0.07142857142857142,0.5,0.12449248206956715
17.0,implicit,0.07142857142857142,0.5714285714285714,0.11366467434764549
17.0,implicit,0.07142857142857142,0.6428571428571428,0.09501691109966941
17.0,implicit,0.07142857142857142,0.7142857142857142,0.07484673271641001
17.0,implicit,0.07142857142857142,0.7857142857142857,0.0544702525294766
17.0,implicit,0.07142857142857142,0.8571428571428571,0.03362336298466625
17.0,implicit,0.07142857142857142,0.9285714285714285,0.007696590922120981
17.0,implicit,0.07142857142857142,1.0,-0.0600638689918805
17.0,implicit,0.14285714285714285,0.0,-0.0600638689918805
17.0,implicit,0.14285714285714285,0.07142857142857142,0.033623362984666255
17.0,implicit,0.14285714285714285,0.14285714285714285,0.08084870163831324
17.0,implicit,0.14285714285714285,0.21428571428571427,0.12210606089746452
17.0,implicit,0.14285714285714285,0.2857142857142857,0.1628496589598548
17.0,implicit,0.14285714285714285,0.3571428571428571,0.20319269269634527
17.0,implicit,0.14285714285714285,0.42857142857142855,0.24048856127466528
17.0,implicit,0.14285714285714285,0.5,0.2621441491138102
17.0,implicit,0.14285714285714285,0.5714285714285714,0.24048856127466484
17.0,implicit,0.14285714285714285,0.6428571428571428,0.20319269269634477
17.0,implicit,0.14285714285714285,0.7142857142857142,0.1628496589598548
17.0,implicit,0.14285714285714285,0.7857142857142857,0.12210606089746454
17.0,implicit,0.14285714285714285,0.8571428571428571,0.08084870163831327
17.0,implicit,0.14285714285714285,0.9285714285714285,0.0336233629846663
17.0,implicit,0.14285714285714285,1.0,-0.0600638689918805
17.0,implicit,0.21428571428571427,0.0,-0.0600638689918805
17.0,implicit,0.21428571428571427,0.07142857142857142,0.05447025252947642
17.0,implicit,0.21428571428571427,0.14285714285714285,0.12210606089746445
17.0,implicit,0.21428571428571427,0.21428571428571427,0.1837441206294289
17.0,implicit,0.21428571428571427,0.2857142857142857,0.2448639599880507
17.0,implicit,0.21428571428571427,0.3571428571428571,0.3053802526989674
17.0,implicit,0.21428571428571427,0.42857142857142855,0.36132277020927794
17.0,implicit,0.21428571428571427,0.5,0.39380520609115033
17.0,implicit,0.21428571428571427,0.5714285714285714,0.3613227702092765
17.0,implicit,0.21428571428571427,0.6428571428571428,0.30538025269896724
17.0,implicit,0.21428571428571427,0.7142857142857142,0.24486395998805077
17.0,implicit,0.21428571428571427,0.7857142857142857,0.183744120629429
17.0,implicit,0.21428571428571427,0.8571428571428571,0.12210606089746452
17.0,implicit,0.21428571428571427,0.9285714285714285,0.054470252529476466
17.0,implicit,0.21428571428571427,1.0,-0.0600638689918805
17.0,implicit,0.2857142857142857,0.0,-0.0600638689918805
17.0,implicit,0.2857142857142857,0.07142857142857142,0.0748467327164097
17.0,implicit,0.2857142857142857,0.14285714285714285,0.16284965895985457
17.0,implicit,0.2857142857142857,0.21428571428571427,0.2448639599880506
17.0,implicit,0.2857142857142857,0.2857142857142857,0.3263427354152358
17.0,implicit,0.2857142857142857,0.3571428571428571,0.40701126697456536
17.0,implicit,0.2857142857142857,0.42857142857142855,0.4815806859436913
17.0,implicit,0.2857142857142857,0.5,0.524878905069298
17.0,implicit,0.2857142857142857,0.5714285714285714,0.4815806859436919
17.0,implicit,0.2857142857142857,0.6428571428571428,0.4070112669745654
17.0,implicit,0.2857142857142857,0.7142857142857142,0.32634273541523584
17.0,implicit,0.2857142857142857,0.7857142857142857,0.24486395998805063
17.0,implicit,0.2857142857142857,0.8571428571428571,0.16284965895985465
17.0,implicit,0.2857142857142857,0.9285714285714285,0.07484673271640974
17.0,implicit,0.2857142857142857,1.0,-0.0600638689918805
17.0,implicit,0.3571428571428571,0.0,-0.0600638689918805
17.0,implicit,0.3571428571428571,0.07142857142857142,0.09501691109966917
17.0,implicit,0.3571428571428571,0.14285714285714285,0.20319269269634416
17.0,implicit,0.3571428571428571,0.21428571428571427,0.3053802526989668
17.0,implicit,0.3571428571428571,0.2857142857142857,0.40701126697456286
17.0,implicit,0.3571428571428571,0.3571428571428571,0.5076270234660452
17.0,implicit,0.3571428571428571,0.42857142857142855,0.6006353267115545
17.0,implicit,0.3571428571428571,0.5,0.6546431155646063
17.0,implicit,0.3571428571428571,0.5714285714285714,0.6006353267115554
17.0,implicit,0.3571428571428571,0.6428571428571428,0.5076270234660452
17.0,implicit,0.3571428571428571,0.7142857142857142,0.4070112669745627
17.0,implicit,0.3571428571428571,0.7857142857142857,0.3053802526989667
17.0,implicit,0.3571428571428571,0.8571428571428571,0.20319269269634405
17.0,implicit,0.3571428571428571,0.9285714285714285,0.09501691109966925
17.0,implicit,0.3571428571428571,1.0,-0.0600638689918805
17.0,implicit,0.42857142857142855,0.0,-0.0600638689918805
17.0,implicit,0.42857142857142855,0.07142857142857142,0.11366467434764577
17.0,implicit,0.42857142857142855,0.14285714285714285,0.2404885612746648
17.0,implicit,0.42857142857142855,0.21428571428571427,0.3613227702092766
17.0,implicit,0.42857142857142855,0.2857142857142857,0.4815806859436924
17.0,implicit,0.42857142857142855,0.3571428571428571,0.6006353267115567
17.0,implicit,0.42857142857142855,0.42857142857142855,0.7106950275396687
17.0,implicit,0.42857142857142855,0.5,0.7746196171965147
17.0,implicit,0.42857142857142855,0.5714285714285714,0.7106950275396663
17.0,implicit,0.42857142857142855,0.6428571428571428,0.6006353267115544
17.0,implicit,0.42857142857142855,0.7142857142857142,0.4815806859436912
17.0,implicit,0.42857142857142855,0.7857142857142857,0.3613227702092764
17.0,implicit,0.42857142857142855,0.8571428571428571,0.240488561274665
17.0,implicit,0.42857142857142855,0.9285714285714285,0.11366467434764588
17.0,implicit,0.42857142857142855,1.0,-0.0600638689918805
17.0,implicit,0.5,0.0,-0.0600638689918805
17.0,implicit,0.5,0.07142857142857142,0.12449248206956716
17.0,implicit,0.5,0.14285714285714285,0.2621441491138105
17.0,implicit,0.5,0.21428571428571427,0.3938052060911523
17.0,implicit,0.5,0.2857142857142857,0.5248789050692985
17.0,implicit,0.5,0.3571428571428571,0.6546431155646067
17.0,implicit,0.5,0.42857142857142855,0.7746196171965138
17.0,implicit,0.5,0.5,0.8443375659151653
17.0,implicit,0.5,0.5714285714285714,0.7746196171965153
17.0,implicit,0.5,0.6428571428571428,0.6546431155646045
17.0,implicit,0.5,0.7142857142857142,0.5248789050692967
17.0,implicit,0.5,0.7857142857142857,0.3938052060911524
17.0,implicit,0.5,0.8571428571428571,0.2621441491138106
17.0,implicit,0.5,0.9285714285714285,0.12449248206956721
17.0,implicit,0.5,1.0,-0.0600638689918805
17.0,implicit,0.5714285714285714,0.0,-0.0600638689918805
17.0,implicit,0.5714285714285714,0.07142857142857142,0.11366467434764546
17.0,implicit,0.5714285714285714,0.14285714285714285,0.24048856127466506
17.0,implicit,0.5714285714285714,0.21428571428571427,0.361322770209278
17.0,implicit,0.5714285714285714,0.2857142857142857,0.4815806859436928
17.0,implicit,0.5714285714285714,0.3571428571428571,0.6006353267115571
17.0,implicit,0.5714285714285714,0.42857142857142855,0.7106950275396675
17.0,implicit,0.5714285714285714,0.5,0.7746196171965174
17.0,implicit,0.5714285714285714,0.5714285714285714,0.7106950275396688
17.0,implicit,0.5714285714285714,0.6428571428571428,0.6006353267115572
17.0,implicit,0.5714285714285714,0.7142857142857142,0.4815806859436941
17.0,implicit,0.5714285714285714,0.7857142857142857,0.36132277020927794
17.0,implicit,0.5714285714285714,0.8571428571428571,0.24048856127466534
17.0,implicit,0.5714285714285714,0.9285714285714285,0.11366467434764564
17.0,implicit,0.5714285714285714,1.0,-0.0600638689918805
17.0,implicit,0.6428571428571428,0.0,-0.0600638689918805
17.0,implicit,0.6428571428571428,0.07142857142857142,0.09501691109966937
17.0,implicit,0.6428571428571428,0.14285714285714285,0.2031926926963458
17.0,implicit,0.6428571428571428,0.21428571428571427,0.30538025269896757
17.0,implicit,0.6428571428571428,0.2857142857142857,0.4070112669745655
17.0,implicit,0.6428571428571428,0.3571428571428571,0.5076270234660459
17.0,implicit,0.6428571428571428,0.42857142857142855,0.6006353267115554
17.0,implicit,0.6428571428571428,0.5,0.6546431155646054
17.0,implicit,0.6428571428571428,0.5714285714285714,0.6006353267115575
17.0,implicit,0.6428571428571428,0.6428571428571428,0.5076270234660464
17.0,implicit,0.6428571428571428,0.7142857142857142,0.4070112669745658
17.0,implicit,0.6428571428571428,0.7857142857142857,0.3053802526989675
17.0,implicit,0.6428571428571428,0.8571428571428571,0.20319269269634482
17.0,implicit,0.6428571428571428,0.9285714285714285,0.09501691109966917
17.0,implicit,0.6428571428571428,1.0,-0.0600638689918805
17.0,implicit,0.7142857142857142,0.0,-0.0600638689918805
17.0,implicit,0.7142857142857142,0.07142857142857142,0.07484673271641
17.0,implicit,0.7142857142857142,0.14285714285714285,0.1628496589598549
17.0,implicit,0.7142857142857142,0.21428571428571427,0.24486395998805083
17.0,implicit,0.7142857142857142,0.2857142857142857,0.326342735415236
17.0,implicit,0.7142857142857142,0.3571428571428571,0.4070112669745641
17.0,implicit,0.7142857142857142,0.42857142857142855,0.48158068594369163
17.0,implicit,0.7142857142857142,0.5,0.524878905069299
17.0,implicit,0.7142857142857142,0.5714285714285714,0.48158068594369097
17.0,implicit,0.7142857142857142,0.6428571428571428,0.40701126697456375
17.0,implicit,0.7142857142857142,0.7142857142857142,0.3263427354152361
17.0,implicit,0.7142857142857142,0.7857142857142857,0.2448639599880508
17.0,implicit,0.7142857142857142,0.8571428571428571,0.16284965895985481
17.0,implicit,0.7142857142857142,0.9285714285714285,0.07484673271641001
17.0,implicit,0.7142857142857142,1.0,-0.0600638689918805
17.0,implicit,0.7857142857142857,0.0,-0.0600638689918805
17.0,implicit,0.7857142857142857,0.07142857142857142,0.05447025252947659
17.0,implicit,0.7857142857142857,0.14285714285714285,0.12210606089746454
17.0,implicit,0.7857142857142857,0.21428571428571427,0.183744120629429
17.0,implicit,0.7857142857142857,0.2857142857142857,0.24486395998805072
17.0,implicit,0.7857142857142857,0.3571428571428571,0.30538025269896707
17.0,implicit,0.7857142857142857,0.42857142857142855,0.3613227702092765
17.0,implicit,0.7857142857142857,0.5,0.3938052060911518
17.0,implicit,0.7857142857142857,0.5714285714285714,0.3613227702092761
17.0,implicit,0.7857142857142857,0.6428571428571428,0.3053802526989669
17.0,implicit,0.7857142857142857,0.7142857142857142,0.2448639599880508
17.0,implicit,0.7857142857142857,0.7857142857142857,0.18374412062942905
17.0,implicit,0.7857142857142857,0.8571428571428571,0.12210606089746455
17.0,implicit,0.7857142857142857,0.9285714285714285,0.05447025252947663
17.0,implicit,0.7857142857142857,1.0,-0.0600638689918805
17.0,implicit,0.8571428571428571,0.0,-0.0600638689918805
17.0,implicit,0.8571428571428571,0.07142857142857142,0.03362336298466625
17.0,implicit,0.8571428571428571,0.14285714285714285,0.08084870163831327
17.0,implicit,0.8571428571428571,0.21428571428571427,0.12210606089746452
17.0,implicit,0.8571428571428571,0.2857142857142857,0.16284965895985465
17.0,implicit,0.8571428571428571,0.3571428571428571,0.2031926926963441
17.0,implicit,0.8571428571428571,0.42857142857142855,0.24048856127466506
17.0,implicit,0.8571428571428571,0.5,0.2621441491138104
17.0,implicit,0.8571428571428571,0.5714285714285714,0.24048856127466436
17.0,implicit,0.8571428571428571,0.6428571428571428,0.2031926926963447
17.0,implicit,0.8571428571428571,0.7142857142857142,0.16284965895985476
17.0,implicit,0.8571428571428571,0.7857142857142857,0.1221060608974646
17.0,implicit,0.8571428571428571,0.8571428571428571,0.08084870163831331
17.0,implicit,0.8571428571428571,0.9285714285714285,0.033623362984666276
17.0,implicit,0.8571428571428571,1.0,-0.0600638689918805
17.0,implicit,0.9285714285714285,0.0,-0.0600638689918805
17.0,implicit,0.9285714285714285,0.07142857142857142,0.007696590922120981
17.0,implicit,0.9285714285714285,0.14285714285714285,0.0336233629846663
17.0,implicit,0.9285714285714285,0.21428571428571427,0.054470252529476466
17.0,implicit,0.9285714285714285,0.2857142857142857,0.07484673271640976
17.0,implicit,0.9285714285714285,0.3571428571428571,0.09501691109966937
17.0,implicit,0.9285714285714285,0.42857142857142855,0.11366467434764588
17.0,implicit,0.9285714285714285,0.5,0.12449248206956719
17.0,implicit,0.9285714285714285,0.5714285714285714,0.11366467434764564
17.0,implicit,0.9285714285714285,0.6428571428571428,0.09501691109966919
17.0,implicit,0.9285714285714285,0.7142857142857142,0.07484673271640974
17.0,implicit,0.9285714285714285,0.7857142857142857,0.05447025252947649
17.0,implicit,0.9285714285714285,0.8571428571428571,0.03362336298466631
17.0,implicit,0.9285714285714285,0.9285714285714285,0.007696590922120995
17.0,implicit,0.9285714285714285,1.0,-0.0600638689918805
17.0,implicit,1.0,0.0,-0.0600638689918805
17.0,implicit,1.0,0.07142857142857142,-0.0600638689918805
17.0,implicit,1.0,0.14285714285714285,-0.0600638689918805
17.0,implicit,1.0,0.21428571428571427,-0.0600638689918805
17.0,implicit,1.0,0.2857142857142857,-0.0600638689918805
17.0,implicit,1.0,0.3571428571428571,-0.0600638689918805
17.0,implicit,1.0,0.42857142857142855,-0.0600638689918805
17.0,implicit,1.0,0.5,-0.0600638689918805
17.0,implicit,1.0,0.5714285714285714,-0.0600638689918805
17.0,implicit,1.0,0.6428571428571428,-0.0600638689918805
17.0,implicit,1.0,0.7142857142857142,-0.0600638689918805
17.0,implicit,1.0,0.7857142857142857,-0.0600638689918805
17.0,implicit,1.0,0.8571428571428571,-0.0600638689918805
17.0,implicit,1.0,0.9285714285714285,-0.0600638689918805
17.0,implicit,1.0,1.0,-0.0600638689918805
18.0,implicit,0.0,0.0,-0.060170661222939695
18.0,implicit,0.0,0.07142857142857142,-0.060170661222939695
18.0,implicit,0.0,0.14285714285714285,-0.060170661222939695
18.0,implicit,0.0,0.21428571428571427,-0.060170661222939695
18.0,implicit,0.0,0.2857142857142857,-0.060170661222939695
18.0,implicit,0.0,0.3571428571428571,-0.060170661222939695
18.0,implicit,0.0,0.42857142857142855,-0.060170661222939695
18.0,implicit,0.0,0.5,-0.060170661222939695
18.0,implicit,0.0,0.5714285714285714,-0.060170661222939695
18.0,implicit,0.0,0.6428571428571428,-0.060170661222939695
18.0,implicit,0.0,0.7142857142857142,-0.060170661222939695
18.0,implicit,0.0,0.7857142857142857,-0.060170661222939695
18.0,implicit,0.0,0.8571428571428571,-0.060170661222939695
18.0,implicit,0.0,0.9285714285714285,-0.060170661222939695
18.0,implicit,0.0,1.0,-0.060170661222939695
18.0,implicit,0.07142857142857142,0.0,-0.060170661222939695
18.0,implicit,0.07142857142857142,0.07142857142857142,0.006306434947232606
18.0,implicit,0.07142857142857142,0.14285714285714285,0.032656846095864875
18.0,implicit,0.07142857142857142,0.21428571428571427,0.05361797821672713
18.0,implicit,0.07142857142857142,0.2857142857142857,0.0740024310365641
18.0,implicit,0.07142857142857142,0.3571428571428571,0.09413476941517537
18.0,implicit,0.07142857142857142,0.42857142857142855,0.11260898553215934
18.0,implicit,0.07142857142857142,0.5,0.12307663463679747
18.0,implicit,0.07142857142857142,0.5714285714285714,0.11260898553215926
18.0,implicit,0.07142857142857142,0.6428571428571428,0.09413476941517535
18.0,implicit,0.07142857142857142,0.7142857142857142,0.07400243103656416
18.0,implicit,0.07142857142857142,0.7857142857142857,0.053617978216727154
18.0,implicit,0.07142857142857142,0.8571428571428571,0.03265684609586488
18.0,implicit,0.07142857142857142,0.9285714285714285,0.006306434947232622
18.0,implicit,0.07142857142857142,1.0,-0.060170661222939695
18.0,implicit,0.14285714285714285,0.0,-0.060170661222939695
18.0,implicit,0.14285714285714285,0.07142857142857142,0.03265684609586489
18.0,implicit,0.14285714285714285,0.14285714285714285,0.08050778031032324
18.0,implicit,0.14285714285714285,0.21428571428571427,0.12191700259720213
18.0,implicit,0.14285714285714285,0.2857142857142857,0.16266522717622725
18.0,implicit,0.14285714285714285,0.3571428571428571,0.20293186772371027
18.0,implicit,0.14285714285714285,0.42857142857142855,0.23988061553194637
18.0,implicit,0.14285714285714285,0.5,0.26081586994398814
18.0,implicit,0.14285714285714285,0.5714285714285714,0.23988061553194587
18.0,implicit,0.14285714285714285,0.6428571428571428,0.20293186772370975
18.0,implicit,0.14285714285714285,0.7142857142857142,0.1626652271762272
18.0,implicit,0.14285714285714285,0.7857142857142857,0.12191700259720215
18.0,implicit,0.14285714285714285,0.8571428571428571,0.08050778031032325
18.0,implicit,0.14285714285714285,0.9285714285714285,0.03265684609586493
18.0,implicit,0.14285714285714285,1.0,-0.060170661222939695
18.0,implicit,0.21428571428571427,0.0,-0.060170661222939695
18.0,implicit,0.21428571428571427,0.07142857142857142,0.05361797821672697
18.0,implicit,0.21428571428571427,0.14285714285714285,0.12191700259720206
18.0,implicit,0.21428571428571427,0.21428571428571427,0.1837093778839242
18.0,implicit,0.21428571428571427,0.2857142857142857,0.24482717446018692
18.0,implicit,0.21428571428571427,0.3571428571428571,0.30522803591177383
18.0,implicit,0.21428571428571427,0.42857142857142855,0.3606494072659024
18.0,implicit,0.21428571428571427,0.5,0.39205109130285504
18.0,implicit,0.21428571428571427,0.5714285714285714,0.3606494072659009
18.0,implicit,0.21428571428571427,0.6428571428571428,0.3052280359117737
18.0,implicit,0.21428571428571427,0.7142857142857142,0.24482717446018698
18.0,implicit,0.21428571428571427,0.7857142857142857,0.18370937788392427
18.0,implicit,0.21428571428571427,0.8571428571428571,0.1219170025972021
18.0,implicit,0.21428571428571427,0.9285714285714285,0.053617978216727015
18.0,implicit,0.21428571428571427,1.0,-0.060170661222939695
18.0,implicit,0.2857142857142857,0.0,-0.060170661222939695
18.0,implicit,0.2857142857142857,0.07142857142857142,0.07400243103656383
18.0,implicit,0.2857142857142857,0.14285714285714285,0.162665227176227
18.0,implicit,0.2857142857142857,0.21428571428571427,0.2448271744601867
18.0,implicit,0.2857142857142857,0.2857142857142857,0.3262924085588799
18.0,implicit,0.2857142857142857,0.3571428571428571,0.40680170168286295
18.0,implicit,0.2857142857142857,0.42857142857142855,0.4806716812686212
18.0,implicit,0.2857142857142857,0.5,0.5225266300048984
18.0,implicit,0.2857142857142857,0.5714285714285714,0.48067168126862175
18.0,implicit,0.2857142857142857,0.6428571428571428,0.40680170168286295
18.0,implicit,0.2857142857142857,0.7142857142857142,0.32629240855888
18.0,implicit,0.2857142857142857,0.7857142857142857,0.24482717446018673
18.0,implicit,0.2857142857142857,0.8571428571428571,0.16266522717622706
18.0,implicit,0.2857142857142857,0.9285714285714285,0.07400243103656387
18.0,implicit,0.2857142857142857,1.0,-0.060170661222939695
18.0,implicit,0.3571428571428571,0.0,-0.060170661222939695
18.0,implicit,0.3571428571428571,0.07142857142857142,0.09413476941517514
18.0,implicit,0.3571428571428571,0.14285714285714285,0.2029318677237091
18.0,implicit,0.3571428571428571,0.21428571428571427,0.3052280359117732
18.0,implicit,0.3571428571428571,0.2857142857142857,0.40680170168286045
18.0,implicit,0.3571428571428571,0.3571428571428571,0.5071827656258519
18.0,implicit,0.3571428571428571,0.42857142857142855,0.5992858782177868
18.0,implicit,0.3571428571428571,0.5,0.6514750852505887
18.0,implicit,0.3571428571428571,0.5714285714285714,0.5992858782177876
18.0,implicit,0.3571428571428571,0.6428571428571428,0.5071827656258519
18.0,implicit,0.3571428571428571,0.7142857142857142,0.40680170168286023
18.0,implicit,0.3571428571428571,0.7857142857142857,0.30522803591177317
18.0,implicit,0.3571428571428571,0.8571428571428571,0.202931867723709
18.0,implicit,0.3571428571428571,0.9285714285714285,0.09413476941517523
18.0,implicit,0.3571428571428571,1.0,-0.060170661222939695
18.0,implicit,0.42857142857142855,0.0,-0.060170661222939695
18.0,implicit,0.42857142857142855,0.07142857142857142,0.11260898553215955
18.0,implicit,0.42857142857142855,0.14285714285714285,0.2398806155319459
18.0,implicit,0.42857142857142855,0.21428571428571427,0.3606494072659011
18.0,implicit,0.42857142857142855,0.2857142857142857,0.48067168126862236
18.0,implicit,0.42857142857142855,0.3571428571428571,0.5992858782177887
18.0,implicit,0.42857142857142855,0.42857142857142855,0.7081257513585063
18.0,implicit,0.42857142857142855,0.5,0.7698138508456848
18.0,implicit,0.42857142857142855,0.5714285714285714,0.7081257513585041
18.0,implicit,0.42857142857142855,0.6428571428571428,0.5992858782177868
18.0,implicit,0.42857142857142855,0.7142857142857142,0.480671681268621
18.0,implicit,0.42857142857142855,0.7857142857142857,0.3606494072659008
18.0,implicit,0.42857142857142855,0.8571428571428571,0.23988061553194606
18.0,implicit,0.42857142857142855,0.9285714285714285,0.11260898553215963
18.0,implicit,0.42857142857142855,1.0,-0.060170661222939695
18.0,implicit,0.5,0.0,-0.060170661222939695
18.0,implicit,0.5,0.07142857142857142,0.12307663463679748
18.0,implicit,0.5,0.14285714285714285,0.26081586994398853
18.0,implicit,0.5,0.21428571428571427,0.39205109130285704
18.0,implicit,0.5,0.2857142857142857,0.5225266300048987
18.0,implicit,0.5,0.3571428571428571,0.6514750852505894
18.0,implicit,0.5,0.42857142857142855,0.7698138508456838
18.0,implicit,0.5,0.5,0.8369163536429225
18.0,implicit,0.5,0.5714285714285714,0.7698138508456853
18.0,implicit,0.5,0.6428571428571428,0.6514750852505871
18.0,implicit,0.5,0.7142857142857142,0.5225266300048967
18.0,implicit,0.5,0.7857142857142857,0.39205109130285715
18.0,implicit,0.5,0.8571428571428571,0.26081586994398864
18.0,implicit,0.5,0.9285714285714285,0.12307663463679754
18.0,implicit,0.5,1.0,-0.060170661222939695
18.0,implicit,0.5714285714285714,0.0,-0.060170661222939695
18.0,implicit,0.5714285714285714,0.07142857142857142,0.11260898553215924
18.0,implicit,0.5714285714285714,0.14285714285714285,0.23988061553194612
18.0,implicit,0.5714285714285714,0.21428571428571427,0.3606494072659025
18.0,implicit,0.5714285714285714,0.2857142857142857,0.48067168126862286
18.0,implicit,0.5714285714285714,0.3571428571428571,0.5992858782177893
18.0,implicit,0.5714285714285714,0.42857142857142855,0.7081257513585054
18.0,implicit,0.5714285714285714,0.5,0.7698138508456874
18.0,implicit,0.5714285714285714,0.5714285714285714,0.7081257513585067
18.0,implicit,0.5714285714285714,0.6428571428571428,0.5992858782177892
18.0,implicit,0.5714285714285714,0.7142857142857142,0.480671681268624
18.0,implicit,0.5714285714285714,0.7857142857142857,0.36064940726590256
18.0,implicit,0.5714285714285714,0.8571428571428571,0.2398806155319465
18.0,implicit,0.5714285714285714,0.9285714285714285,0.11260898553215941
18.0,implicit,0.5714285714285714,1.0,-0.060170661222939695
18.0,implicit,0.6428571428571428,0.0,-0.060170661222939695
18.0,implicit,0.6428571428571428,0.07142857142857142,0.09413476941517532
18.0,implicit,0.6428571428571428,0.14285714285714285,0.2029318677237108
18.0,implicit,0.6428571428571428,0.21428571428571427,0.305228035911774
18.0,implicit,0.6428571428571428,0.2857142857142857,0.4068017016828631
18.0,implicit,0.6428571428571428,0.3571428571428571,0.5071827656258527
18.0,implicit,0.6428571428571428,0.42857142857142855,0.5992858782177882
18.0,implicit,0.6428571428571428,0.5,0.651475085250588
18.0,implicit,0.6428571428571428,0.5714285714285714,0.5992858782177894
18.0,implicit,0.6428571428571428,0.6428571428571428,0.5071827656258532
18.0,implicit,0.6428571428571428,0.7142857142857142,0.4068017016828634
18.0,implicit,0.6428571428571428,0.7857142857142857,0.30522803591177394
18.0,implicit,0.6428571428571428,0.8571428571428571,0.2029318677237098
18.0,implicit,0.6428571428571428,0.9285714285714285,0.09413476941517514
18.0,implicit,0.6428571428571428,1.0,-0.060170661222939695
18.0,implicit,0.7142857142857142,0.0,-0.060170661222939695
18.0,implicit,0.7142857142857142,0.07142857142857142,0.07400243103656415
18.0,implicit,0.7142857142857142,0.14285714285714285,0.16266522717622733
18.0,implicit,0.7142857142857142,0.21428571428571427,0.24482717446018704
18.0,implicit,0.7142857142857142,0.2857142857142857,0.3262924085588802
18.0,implicit,0.7142857142857142,0.3571428571428571,0.4068017016828617
18.0,implicit,0.7142857142857142,0.42857142857142855,0.48067168126862136
18.0,implicit,0.7142857142857142,0.5,0.5225266300048991
18.0,implicit,0.7142857142857142,0.5714285714285714,0.48067168126862087
18.0,implicit,0.7142857142857142,0.6428571428571428,0.4068017016828613
18.0,implicit,0.7142857142857142,0.7142857142857142,0.3262924085588802
18.0,implicit,0.7142857142857142,0.7857142857142857,0.244827174460187
18.0,implicit,0.7142857142857142,0.8571428571428571,0.16266522717622722
18.0,implicit,0.7142857142857142,0.9285714285714285,0.07400243103656415
18.0,implicit,0.7142857142857142,1.0,-0.060170661222939695
18.0,implicit,0.7857142857142857,0.0,-0.060170661222939695
18.0,implicit,0.7857142857142857,0.07142857142857142,0.05361797821672715
18.0,implicit,0.7857142857142857,0.14285714285714285,0.12191700259720215
18.0,implicit,0.7857142857142857,0.21428571428571427,0.18370937788392427
18.0,implicit,0.7857142857142857,0.2857142857142857,0.24482717446018684
18.0,implicit,0.7857142857142857,0.3571428571428571,0.3052280359117735
18.0,implicit,0.7857142857142857,0.42857142857142855,0.3606494072659009
18.0,implicit,0.7857142857142857,0.5,0.39205109130285637
18.0,implicit,0.7857142857142857,0.5714285714285714,0.3606494072659005
18.0,implicit,0.7857142857142857,0.6428571428571428,0.3052280359117734
18.0,implicit,0.7857142857142857,0.7142857142857142,0.24482717446018692
18.0,implicit,0.7857142857142857,0.7857142857142857,0.1837093778839243
18.0,implicit,0.7857142857142857,0.8571428571428571,0.12191700259720216
18.0,implicit,0.7857142857142857,0.9285714285714285,0.05361797821672718
18.0,implicit,0.7857142857142857,1.0,-0.060170661222939695
18.0,implicit,0.8571428571428571,0.0,-0.060170661222939695
18.0,implicit,0.8571428571428571,0.07142857142857142,0.03265684609586488
18.0,implicit,0.8571428571428571,0.14285714285714285,0.08050778031032325
18.0,implicit,0.8571428571428571,0.21428571428571427,0.1219170025972021
18.0,implicit,0.8571428571428571,0.2857142857142857,0.16266522717622706
18.0,implicit,0.8571428571428571,0.3571428571428571,0.20293186772370905
18.0,implicit,0.8571428571428571,0.42857142857142855,0.23988061553194612
18.0,implicit,0.8571428571428571,0.5,0.2608158699439884
18.0,implicit,0.8571428571428571,0.5714285714285714,0.2398806155319455
18.0,implicit,0.8571428571428571,0.6428571428571428,0.20293186772370964
18.0,implicit,0.8571428571428571,0.7142857142857142,0.16266522717622717
18.0,implicit,0.8571428571428571,0.7857142857142857,0.12191700259720219
18.0,implicit,0.8571428571428571,0.8571428571428571,0.08050778031032328
18.0,implicit,0.8571428571428571,0.9285714285714285,0.03265684609586491
18.0,implicit,0.8571428571428571,1.0,-0.060170661222939695
18.0,implicit,0.9285714285714285,0.0,-0.060170661222939695
18.0,implicit,0.9285714285714285,0.07142857142857142,0.006306434947232622
18.0,implicit,0.9285714285714285,0.14285714285714285,0.03265684609586493
18.0,implicit,0.9285714285714285,0.21428571428571427,0.053617978216727015
18.0,implicit,0.9285714285714285,0.2857142857142857,0.0740024310365639
18.0,implicit,0.9285714285714285,0.3571428571428571,0.09413476941517535
18.0,implicit,0.9285714285714285,0.42857142857142855,0.11260898553215963
18.0,implicit,0.9285714285714285,0.5,0.12307663463679751
18.0,implicit,0.9285714285714285,0.5714285714285714,0.1126089855321594
18.0,implicit,0.9285714285714285,0.6428571428571428,0.09413476941517517
18.0,implicit,0.9285714285714285,0.7142857142857142,0.07400243103656388
18.0,implicit,0.9285714285714285,0.7857142857142857,0.053617978216727036
18.0,implicit,0.9285714285714285,0.8571428571428571,0.03265684609586495
18.0,implicit,0.9285714285714285,0.9285714285714285,0.006306434947232635
18.0,implicit,0.9285714285714285,1.0,-0.060170661222939695
18.0,implicit,1.0,0.0,-0.060170661222939695
18.0,implicit,1.0,0.07142857142857142,-0.060170661222939695
18.0,implicit,1.0,0.14285714285714285,-0.060170661222939695
18.0,implicit,1.0,0.21428571428571427,-0.060170661222939695
18.0,implicit,1.0,0.2857142857142857,-0.060170661222939695
18.0,implicit,1.0,0.3571428571428571,-0.060170661222939695
18.0,implicit,1.0,0.42857142857142855,-0.060170661222939695
18.0,implicit,1.0,0.5,-0.060170661222939695
18.0,implicit,1.0,0.5714285714285714,-0.060170661222939695
18.0,implicit,1.0,0.6428571428571428,-0.060170661222939695
18.0,implicit,1.0,0.7142857142857142,-0.060170661222939695
18.0,implicit,1.0,0.7857142857142857,-0.060170661222939695
18.0,implicit,1.0,0.8571428571428571,-0.060170661222939695
18.0,implicit,1.0,0.9285714285714285,-0.060170661222939695
18.0,implicit,1.0,1.0,-0.060170661222939695
19.0,implicit,0.0,0.0,-0.0013497224737933921
19.0,implicit,0.0,0.07142857142857142,-0.0013497224737933921
19.0,implicit,0.0,0.14285714285714285,-0.0013497224737933921
19.0,implicit,0.0,0.21428571428571427,-0.0013497224737933921
19.0,implicit,0.0,0.2857142857142857,-0.0013497224737933921
19.0,implicit,0.0,0.3571428571428571,-0.0013497224737933921
19.0,implicit,0.0,0.42857142857142855,-0.0013497224737933921
19.0,implicit,0.0,0.5,-0.0013497224737933921
19.0,implicit,0.0,0.5714285714285714,-0.0013497224737933921
19.0,implicit,0.0,0.6428571428571428,-0.0013497224737933921
19.0,implicit,0.0,0.7142857142857142,-0.0013497224737933921
19.0,implicit,0.0,0.7857142857142857,-0.0013497224737933921
19.0,implicit,0.0,0.8571428571428571,-0.0013497224737933921
19.0,implicit,0.0,0.9285714285714285,-0.0013497224737933921
19.0,implicit,0.0,1.0,-0.0013497224737933921
19.0,implicit,0.07142857142857142,0.0,-0.0013497224737933921
19.0,implicit,0.07142857142857142,0.07142857142857142,0.011980198990868692
19.0,implicit,0.07142857142857142,0.14285714285714285,0.03537185243046245
19.0,implicit,0.07142857142857142,0.21428571428571427,0.05637091947521335
19.0,implicit,0.07142857142857142,0.2857142857142857,0.07676312701807447
19.0,implicit,0.07142857142857142,0.3571428571428571,0.09685521785923154
19.0,implicit,0.07142857142857142,0.42857142857142855,0.11515496490886033
19.0,implicit,0.07142857142857142,0.5,0.12528582295843718
19.0,implicit,0.07142857142857142,0.5714285714285714,0.11515496490886021
19.0,implicit,0.07142857142857142,0.6428571428571428,0.0968552178592315
19.0,implicit,0.07142857142857142,0.7142857142857142,0.07676312701807453
19.0,implicit,0.07142857142857142,0.7857142857142857,0.056370919475213374
19.0,implicit,0.07142857142857142,0.8571428571428571,0.03537185243046246
19.0,implicit,0.07142857142857142,0.9285714285714285,0.011980198990868707
19.0,implicit,0.07142857142857142,1.0,-0.0013497224737933921
19.0,implicit,0.14285714285714285,0.0,-0.0013497224737933921
19.0,implicit,0.14285714285714285,0.07142857142857142,0.035371852430462467
19.0,implicit,0.14285714285714285,0.14285714285714285,0.08031271269408902
19.0,implicit,0.14285714285714285,0.21428571428571427,0.1217974116789034
19.0,implicit,0.14285714285714285,0.2857142857142857,0.1625503370866183
19.0,implicit,0.14285714285714285,0.3571428571428571,0.2027355440575278
19.0,implicit,0.14285714285714285,0.42857142857142855,0.2393352937144216
19.0,implicit,0.14285714285714285,0.5,0.25959694378088
19.0,implicit,0.14285714285714285,0.5714285714285714,0.2393352937144211
19.0,implicit,0.14285714285714285,0.6428571428571428,0.20273554405752728
19.0,implicit,0.14285714285714285,0.7142857142857142,0.16255033708661823
19.0,implicit,0.14285714285714285,0.7857142857142857,0.1217974116789034
19.0,implicit,0.14285714285714285,0.8571428571428571,0.08031271269408903
19.0,implicit,0.14285714285714285,0.9285714285714285,0.03537185243046251
19.0,implicit,0.14285714285714285,1.0,-0.0013497224737933921
19.0,implicit,0.21428571428571427,0.0,-0.0013497224737933921
19.0,implicit,0.21428571428571427,0.07142857142857142,0.056370919475213194
19.0,implicit,0.21428571428571427,0.14285714285714285,0.12179741167890333
19.0,implicit,0.21428571428571427,0.21428571428571427,0.1836690248514185
19.0,implicit,0.21428571428571427,0.2857142857142857,0.24478417392714738
19.0,implicit,0.21428571428571427,0.3571428571428571,0.3050617088317443
19.0,implicit,0.21428571428571427,0.42857142857142855,0.3599590049587569
19.0,implicit,0.21428571428571427,0.5,0.39034998891887945
19.0,implicit,0.21428571428571427,0.5714285714285714,0.3599590049587554
19.0,implicit,0.21428571428571427,0.6428571428571428,0.3050617088317441
19.0,implicit,0.21428571428571427,0.7142857142857142,0.24478417392714744
19.0,implicit,0.21428571428571427,0.7857142857142857,0.1836690248514186
19.0,implicit,0.21428571428571427,0.8571428571428571,0.12179741167890337
19.0,implicit,0.21428571428571427,0.9285714285714285,0.05637091947521323
19.0,implicit,0.21428571428571427,1.0,-0.0013497224737933921
19.0,implicit,0.2857142857142857,0.0,-0.0013497224737933921
19.0,implicit,0.2857142857142857,0.07142857142857142,0.0767631270180742
19.0,implicit,0.2857142857142857,0.14285714285714285,0.16255033708661804
19.0,implicit,0.2857142857142857,0.21428571428571427,0.2447841739271472
19.0,implicit,0.2857142857142857,0.2857142857142857,0.32623371268555923
19.0,implicit,0.2857142857142857,0.3571428571428571,0.4065723930792378
19.0,implicit,0.2857142857142857,0.42857142857142855,0.47973846462261005
19.0,implicit,0.2857142857142857,0.5,0.5202433355281063
19.0,implicit,0.2857142857142857,0.5714285714285714,0.4797384646226106
19.0,implicit,0.2857142857142857,0.6428571428571428,0.4065723930792378
19.0,implicit,0.2857142857142857,0.7142857142857142,0.3262337126855593
19.0,implicit,0.2857142857142857,0.7857142857142857,0.2447841739271472
19.0,implicit,0.2857142857142857,0.8571428571428571,0.1625503370866181
19.0,implicit,0.2857142857142857,0.9285714285714285,0.07676312701807424
19.0,implicit,0.2857142857142857,1.0,-0.0013497224737933921
19.0,implicit,0.3571428571428571,0.0,-0.0013497224737933921
19.0,implicit,0.3571428571428571,0.07142857142857142,0.09685521785923135
19.0,implicit,0.3571428571428571,0.14285714285714285,0.20273554405752656
19.0,implicit,0.3571428571428571,0.21428571428571427,0.3050617088317438
19.0,implicit,0.3571428571428571,0.2857142857142857,0.40657239307923526
19.0,implicit,0.3571428571428571,0.3571428571428571,0.506702160582123
19.0,implicit,0.3571428571428571,0.42857142857142855,0.5978928944174465
19.0,implicit,0.3571428571428571,0.5,0.6483796896205537
19.0,implicit,0.3571428571428571,0.5714285714285714,0.5978928944174475
19.0,implicit,0.3571428571428571,0.6428571428571428,0.5067021605821231
19.0,implicit,0.3571428571428571,0.7142857142857142,0.4065723930792351
19.0,implicit,0.3571428571428571,0.7857142857142857,0.30506170883174377
19.0,implicit,0.3571428571428571,0.8571428571428571,0.20273554405752642
19.0,implicit,0.3571428571428571,0.9285714285714285,0.09685521785923143
19.0,implicit,0.3571428571428571,1.0,-0.0013497224737933921
19.0,implicit,0.42857142857142855,0.0,-0.0013497224737933921
19.0,implicit,0.42857142857142855,0.07142857142857142,0.11515496490886051
19.0,implicit,0.42857142857142855,0.14285714285714285,0.2393352937144212
19.0,implicit,0.42857142857142855,0.21428571428571427,0.35995900495875544
19.0,implicit,0.42857142857142855,0.2857142857142857,0.47973846462261105
19.0,implicit,0.42857142857142855,0.3571428571428571,0.5978928944174488
19.0,implicit,0.42857142857142855,0.42857142857142855,0.7055069480991247
19.0,implicit,0.42857142857142855,0.5,0.7651011894195956
19.0,implicit,0.42857142857142855,0.5714285714285714,0.7055069480991225
19.0,implicit,0.42857142857142855,0.6428571428571428,0.597892894417447
19.0,implicit,0.42857142857142855,0.7142857142857142,0.47973846462260966
19.0,implicit,0.42857142857142855,0.7857142857142857,0.3599590049587551
19.0,implicit,0.42857142857142855,0.8571428571428571,0.23933529371442136
19.0,implicit,0.42857142857142855,0.9285714285714285,0.1151549649088606
19.0,implicit,0.42857142857142855,1.0,-0.0013497224737933921
19.0,implicit,0.5,0.0,-0.0013497224737933921
19.0,implicit,0.5,0.07142857142857142,0.12528582295843718
19.0,implicit,0.5,0.14285714285714285,0.25959694378088044
19.0,implicit,0.5,0.21428571428571427,0.39034998891888145
19.0,implicit,0.5,0.2857142857142857,0.5202433355281066
19.0,implicit,0.5,0.3571428571428571,0.6483796896205544
19.0,implicit,0.5,0.42857142857142855,0.7651011894195945
19.0,implicit,0.5,0.5,0.8297668716816362
19.0,implicit,0.5,0.5714285714285714,0.765101189419596
19.0,implicit,0.5,0.6428571428571428,0.648379689620552
19.0,implicit,0.5,0.7142857142857142,0.5202433355281048
19.0,implicit,0.5,0.7857142857142857,0.3903499889188814
19.0,implicit,0.5,0.8571428571428571,0.2595969437808805
19.0,implicit,0.5,0.9285714285714285,0.12528582295843727
19.0,implicit,0.5,1.0,-0.0013497224737933921
19.0,implicit,0.5714285714285714,0.0,-0.0013497224737933921
19.0,implicit,0.5714285714285714,0.07142857142857142,0.11515496490886018
19.0,implicit,0.5714285714285714,0.14285714285714285,0.23933529371442142
19.0,implicit,0.5714285714285714,0.21428571428571427,0.359959004958757
19.0,implicit,0.5714285714285714,0.2857142857142857,0.4797384646226116
19.0,implicit,0.5714285714285714,0.3571428571428571,0.5978928944174492
19.0,implicit,0.5714285714285714,0.42857142857142855,0.705506948099124
19.0,implicit,0.5714285714285714,0.5,0.765101189419598
19.0,implicit,0.5714285714285714,0.5714285714285714,0.7055069480991252
19.0,implicit,0.5714285714285714,0.6428571428571428,0.5978928944174491
19.0,implicit,0.5714285714285714,0.7142857142857142,0.47973846462261277
19.0,implicit,0.5714285714285714,0.7857142857142857,0.35995900495875677
19.0,implicit,0.5714285714285714,0.8571428571428571,0.23933529371442178
19.0,implicit,0.5714285714285714,0.9285714285714285,0.11515496490886035
19.0,implicit,0.5714285714285714,1.0,-0.0013497224737933921
19.0,implicit,0.6428571428571428,0.0,-0.0013497224737933921
19.0,implicit,0.6428571428571428,0.07142857142857142,0.09685521785923146
19.0,implicit,0.6428571428571428,0.14285714285714285,0.20273554405752847
19.0,implicit,0.6428571428571428,0.21428571428571427,0.30506170883174455
19.0,implicit,0.6428571428571428,0.2857142857142857,0.4065723930792381
19.0,implicit,0.6428571428571428,0.3571428571428571,0.5067021605821237
19.0,implicit,0.6428571428571428,0.42857142857142855,0.5978928944174481
19.0,implicit,0.6428571428571428,0.5,0.6483796896205527
19.0,implicit,0.6428571428571428,0.5714285714285714,0.5978928944174493
19.0,implicit,0.6428571428571428,0.6428571428571428,0.5067021605821245
19.0,implicit,0.6428571428571428,0.7142857142857142,0.40657239307923826
19.0,implicit,0.6428571428571428,0.7857142857142857,0.3050617088317444
19.0,implicit,0.6428571428571428,0.8571428571428571,0.20273554405752733
19.0,implicit,0.6428571428571428,0.9285714285714285,0.09685521785923135
19.0,implicit,0.6428571428571428,1.0,-0.0013497224737933921
19.0,implicit,0.7142857142857142,0.0,-0.0013497224737933921
19.0,implicit,0.7142857142857142,0.07142857142857142,0.07676312701807451
19.0,implicit,0.7142857142857142,0.14285714285714285,0.1625503370866184
19.0,implicit,0.7142857142857142,0.21428571428571427,0.2447841739271475
19.0,implicit,0.7142857142857142,0.2857142857142857,0.32623371268555956
19.0,implicit,0.7142857142857142,0.3571428571428571,0.4065723930792366
19.0,implicit,0.7142857142857142,0.42857142857142855,0.47973846462261016
19.0,implicit,0.7142857142857142,0.5,0.5202433355281071
19.0,implicit,0.7142857142857142,0.5714285714285714,0.47973846462260983
19.0,implicit,0.7142857142857142,0.6428571428571428,0.4065723930792362
19.0,implicit,0.7142857142857142,0.7142857142857142,0.3262337126855596
19.0,implicit,0.7142857142857142,0.7857142857142857,0.24478417392714746
19.0,implicit,0.7142857142857142,0.8571428571428571,0.16255033708661826
19.0,implicit,0.7142857142857142,0.9285714285714285,0.07676312701807451
19.0,implicit,0.7142857142857142,1.0,-0.0013497224737933921
19.0,implicit,0.7857142857142857,0.0,-0.0013497224737933921
19.0,implicit,0.7857142857142857,0.07142857142857142,0.05637091947521337
19.0,implicit,0.7857142857142857,0.14285714285714285,0.12179741167890341
19.0,implicit,0.7857142857142857,0.21428571428571427,0.1836690248514186
19.0,implicit,0.7857142857142857,0.2857142857142857,0.24478417392714732
19.0,implicit,0.7857142857142857,0.3571428571428571,0.3050617088317441
19.0,implicit,0.7857142857142857,0.42857142857142855,0.3599590049587552
19.0,implicit,0.7857142857142857,0.5,0.39034998891888073
19.0,implicit,0.7857142857142857,0.5714285714285714,0.3599590049587548
19.0,implicit,0.7857142857142857,0.6428571428571428,0.30506170883174405
19.0,implicit,0.7857142857142857,0.7142857142857142,0.2447841739271474
19.0,implicit,0.7857142857142857,0.7857142857142857,0.18366902485141862
19.0,implicit,0.7857142857142857,0.8571428571428571,0.12179741167890341
19.0,implicit,0.7857142857142857,0.9285714285714285,0.0563709194752134
19.0,implicit,0.7857142857142857,1.0,-0.0013497224737933921
19.0,implicit,0.8571428571428571,0.0,-0.0013497224737933921
19.0,implicit,0.8571428571428571,0.07142857142857142,0.03537185243046246
19.0,implicit,0.8571428571428571,0.14285714285714285,0.08031271269408903
19.0,implicit,0.8571428571428571,0.21428571428571427,0.12179741167890337
19.0,implicit,0.8571428571428571,0.2857142857142857,0.16255033708661812
19.0,implicit,0.8571428571428571,0.3571428571428571,0.2027355440575265
19.0,implicit,0.8571428571428571,0.42857142857142855,0.23933529371442142
19.0,implicit,0.8571428571428571,0.5,0.2595969437808803
19.0,implicit,0.8571428571428571,0.5714285714285714,0.23933529371442078
19.0,implicit,0.8571428571428571,0.6428571428571428,0.20273554405752706
19.0,implicit,0.8571428571428571,0.7142857142857142,0.16255033708661826
19.0,implicit,0.8571428571428571,0.7857142857142857,0.12179741167890344
19.0,implicit,0.8571428571428571,0.8571428571428571,0.08031271269408906
19.0,implicit,0.8571428571428571,0.9285714285714285,0.03537185243046248
19.0,implicit,0.8571428571428571,1.0,-0.0013497224737933921
19.0,implicit,0.9285714285714285,0.0,-0.0013497224737933921
19.0,implicit,0.9285714285714285,0.07142857142857142,0.011980198990868707
19.0,implicit,0.9285714285714285,0.14285714285714285,0.03537185243046251
19.0,implicit,0.9285714285714285,0.21428571428571427,0.05637091947521323
19.0,implicit,0.9285714285714285,0.2857142857142857,0.07676312701807426
19.0,implicit,0.9285714285714285,0.3571428571428571,0.09685521785923157
19.0,implicit,0.9285714285714285,0.42857142857142855,0.1151549649088606
19.0,implicit,0.9285714285714285,0.5,0.12528582295843724
19.0,implicit,0.9285714285714285,0.5714285714285714,0.11515496490886035
19.0,implicit,0.9285714285714285,0.6428571428571428,0.09685521785923137
19.0,implicit,0.9285714285714285,0.7142857142857142,0.07676312701807425
19.0,implicit,0.9285714285714285,0.7857142857142857,0.05637091947521325
19.0,implicit,0.9285714285714285,0.8571428571428571,0.03537185243046253
19.0,implicit,0.9285714285714285,0.9285714285714285,0.011980198990868721
19.0,implicit,0.9285714285714285,1.0,-0.0013497224737933921
19.0,implicit,1.0,0.0,-0.0013497224737933921
19.0,implicit,1.0,0.07142857142857142,-0.0013497224737933921
19.0,implicit,1.0,0.14285714285714285,-0.0013497224737933921
19.0,implicit,1.0,0.21428571428571427,-0.0013497224737933921
19.0,implicit,1.0,0.2857142857142857,-0.0013497224737933921
19.0,implicit,1.0,0.3571428571428571,-0.0013497224737933921
19.0,implicit,1.0,0.42857142857142855,-0.0013497224737933921
19.0,implicit,1.0,0.5,-0.0013497224737933921
19.0,implicit,1.0,0.5714285714285714,-0.0013497224737933921
19.0,implicit,1.0,0.6428571428571428,-0.0013497224737933921
19.0,implicit,1.0,0.7142857142857142,-0.0013497224737933921
19.0,implicit,1.0,0.7857142857142857,-0.0013497224737933921
19.0,implicit,1.0,0.8571428571428571,-0.0013497224737933921
19.0,implicit,1.0,0.9285714285714285,-0.0013497224737933921
19.0,implicit,1.0,1.0,-0.0013497224737933921
20.0,implicit,0.0,0.0,-0.10577109289559004
20.0,implicit,0.0,0.07142857142857142,-0.10577109289559004
20.0,implicit,0.0,0.14285714285714285,-0.10577109289559004
20.0,implicit,0.0,0.21428571428571427,-0.10577109289559004
20.0,implicit,0.0,0.2857142857142857,-0.10577109289559004
20.0,implicit,0.0,0.3571428571428571,-0.10577109289559004
20.0,implicit,0.0,0.42857142857142855,-0.10577109289559004
20.0,implicit,0.0,0.5,-0.10577109289559004
20.0,implicit,0.0,0.5714285714285714,-0.10577109289559004
20.0,implicit,0.0,0.6428571428571428,-0.10577109289559004
20.0,implicit,0.0,0.7142857142857142,-0.10577109289559004
20.0,implicit,0.0,0.7857142857142857,-0.10577109289559004
20.0,implicit,0.0,0.8571428571428571,-0.10577109289559004
20.0,implicit,0.0,0.9285714285714285,-0.10577109289559004
20.0,implicit,0.0,1.0,-0.10577109289559004
20.0,implicit,0.07142857142857142,0.0,-0.10577109289559004
20.0,implicit,0.07142857142857142,0.07142857142857142,0.00949564408247528
20.0,implicit,0.07142857142857142,0.14285714285714285,0.034041118657674924
20.0,implicit,0.07142857142857142,0.21428571428571427,0.05507239110512834
20.0,implicit,0.07142857142857142,0.2857142857142857,0.07546834722195056
20.0,implicit,0.07142857142857142,0.3571428571428571,0.09553944065659749
20.0,implicit,0.07142857142857142,0.42857142857142855,0.11375178669502006
20.0,implicit,0.07142857142857142,0.5,0.12372243694031294
20.0,implicit,0.07142857142857142,0.5714285714285714,0.11375178669501992
20.0,implicit,0.07142857142857142,0.6428571428571428,0.09553944065659747
20.0,implicit,0.07142857142857142,0.7142857142857142,0.07546834722195062
20.0,implicit,0.07142857142857142,0.7857142857142857,0.05507239110512836
20.0,implicit,0.07142857142857142,0.8571428571428571,0.03404111865767493
20.0,implicit,0.07142857142857142,0.9285714285714285,0.009495644082475295
20.0,implicit,0.07142857142857142,1.0,-0.10577109289559004
20.0,implicit,0.14285714285714285,0.0,-0.10577109289559004
20.0,implicit,0.14285714285714285,0.07142857142857142,0.03404111865767494
20.0,implicit,0.14285714285714285,0.14285714285714285,0.08018646591783787
20.0,implicit,0.14285714285714285,0.21428571428571427,0.12172202698365958
20.0,implicit,0.14285714285714285,0.2857142857142857,0.16247723710544112
20.0,implicit,0.14285714285714285,0.3571428571428571,0.2026199062919604
20.0,implicit,0.14285714285714285,0.42857142857142855,0.2390448099261043
20.0,implicit,0.14285714285714285,0.5,0.2589860306335711
20.0,implicit,0.14285714285714285,0.5714285714285714,0.23904480992610383
20.0,implicit,0.14285714285714285,0.6428571428571428,0.20261990629195986
20.0,implicit,0.14285714285714285,0.7142857142857142,0.16247723710544107
20.0,implicit,0.14285714285714285,0.7857142857142857,0.1217220269836596
20.0,implicit,0.14285714285714285,0.8571428571428571,0.08018646591783789
20.0,implicit,0.14285714285714285,0.9285714285714285,0.03404111865767498
20.0,implicit,0.14285714285714285,1.0,-0.10577109289559004
20.0,implicit,0.21428571428571427,0.0,-0.10577109289559004
20.0,implicit,0.21428571428571427,0.07142857142857142,0.055072391105128175
20.0,implicit,0.21428571428571427,0.14285714285714285,0.12172202698365953
20.0,implicit,0.21428571428571427,0.21428571428571427,0.183646806660058
20.0,implicit,0.21428571428571427,0.2857142857142857,0.2447603092897207
20.0,implicit,0.21428571428571427,0.3571428571428571,0.30497332184025744
20.0,implicit,0.21428571428571427,0.42857142857142855,0.35960801350062144
20.0,implicit,0.21428571428571427,0.5,0.3895181900289465
20.0,implicit,0.21428571428571427,0.5714285714285714,0.3596080135006199
20.0,implicit,0.21428571428571427,0.6428571428571428,0.3049733218402572
20.0,implicit,0.21428571428571427,0.7142857142857142,0.24476030928972076
20.0,implicit,0.21428571428571427,0.7857142857142857,0.1836468066600581
20.0,implicit,0.21428571428571427,0.8571428571428571,0.12172202698365955
20.0,implicit,0.21428571428571427,0.9285714285714285,0.05507239110512822
20.0,implicit,0.21428571428571427,1.0,-0.10577109289559004
20.0,implicit,0.2857142857142857,0.0,-0.10577109289559004
20.0,implicit,0.2857142857142857,0.07142857142857142,0.07546834722195028
20.0,implicit,0.2857142857142857,0.14285714285714285,0.16247723710544085
20.0,implicit,0.2857142857142857,0.21428571428571427,0.24476030928972048
20.0,implicit,0.2857142857142857,0.2857142857142857,0.32620108049881996
20.0,implicit,0.2857142857142857,0.3571428571428571,0.406450317093028
20.0,implicit,0.2857142857142857,0.42857142857142855,0.4792634645787928
20.0,implicit,0.2857142857142857,0.5,0.5191259428420731
20.0,implicit,0.2857142857142857,0.5714285714285714,0.47926346457879343
20.0,implicit,0.2857142857142857,0.6428571428571428,0.406450317093028
20.0,implicit,0.2857142857142857,0.7142857142857142,0.32620108049882
20.0,implicit,0.2857142857142857,0.7857142857142857,0.24476030928972048
20.0,implicit,0.2857142857142857,0.8571428571428571,0.1624772371054409
20.0,implicit,0.2857142857142857,0.9285714285714285,0.07546834722195032
20.0,implicit,0.2857142857142857,1.0,-0.10577109289559004
20.0,implicit,0.3571428571428571,0.0,-0.10577109289559004
20.0,implicit,0.3571428571428571,0.07142857142857142,0.09553944065659731
20.0,implicit,0.3571428571428571,0.14285714285714285,0.2026199062919591
20.0,implicit,0.3571428571428571,0.21428571428571427,0.30497332184025705
20.0,implicit,0.3571428571428571,0.2857142857142857,0.4064503170930255
20.0,implicit,0.3571428571428571,0.3571428571428571,0.506448414274347
20.0,implicit,0.3571428571428571,0.42857142857142855,0.597181195847731
20.0,implicit,0.3571428571428571,0.5,0.6468574971948517
20.0,implicit,0.3571428571428571,0.5714285714285714,0.5971811958477321
20.0,implicit,0.3571428571428571,0.6428571428571428,0.506448414274347
20.0,implicit,0.3571428571428571,0.7142857142857142,0.4064503170930253
20.0,implicit,0.3571428571428571,0.7857142857142857,0.30497332184025694
20.0,implicit,0.3571428571428571,0.8571428571428571,0.20261990629195897
20.0,implicit,0.3571428571428571,0.9285714285714285,0.09553944065659738
20.0,implicit,0.3571428571428571,1.0,-0.10577109289559004
20.0,implicit,0.42857142857142855,0.0,-0.10577109289559004
20.0,implicit,0.42857142857142855,0.07142857142857142,0.11375178669502026
20.0,implicit,0.42857142857142855,0.14285714285714285,0.2390448099261039
20.0,implicit,0.42857142857142855,0.21428571428571427,0.35960801350062
20.0,implicit,0.42857142857142855,0.2857142857142857,0.4792634645787939
20.0,implicit,0.42857142857142855,0.3571428571428571,0.5971811958477332
20.0,implicit,0.42857142857142855,0.42857142857142855,0.7041813555908294
20.0,implicit,0.42857142857142855,0.5,0.762778710719683
20.0,implicit,0.42857142857142855,0.5714285714285714,0.7041813555908274
20.0,implicit,0.42857142857142855,0.6428571428571428,0.5971811958477314
20.0,implicit,0.42857142857142855,0.7142857142857142,0.47926346457879254
20.0,implicit,0.42857142857142855,0.7857142857142857,0.3596080135006197
20.0,implicit,0.42857142857142855,0.8571428571428571,0.23904480992610408
20.0,implicit,0.42857142857142855,0.9285714285714285,0.11375178669502033
20.0,implicit,0.42857142857142855,1.0,-0.10577109289559004
20.0,implicit,0.5,0.0,-0.10577109289559004
20.0,implicit,0.5,0.07142857142857142,0.12372243694031296
20.0,implicit,0.5,0.14285714285714285,0.2589860306335716
20.0,implicit,0.5,0.21428571428571427,0.38951819002894855
20.0,implicit,0.5,0.2857142857142857,0.5191259428420738
20.0,implicit,0.5,0.3571428571428571,0.6468574971948526
20.0,implicit,0.5,0.42857142857142855,0.7627787107196818
20.0,implicit,0.5,0.5,0.826288240336359
20.0,implicit,0.5,0.5714285714285714,0.7627787107196832
20.0,implicit,0.5,0.6428571428571428,0.6468574971948502
20.0,implicit,0.5,0.7142857142857142,0.5191259428420717
20.0,implicit,0.5,0.7857142857142857,0.3895181900289486
20.0,implicit,0.5,0.8571428571428571,0.2589860306335717
20.0,implicit,0.5,0.9285714285714285,0.12372243694031304
20.0,implicit,0.5,1.0,-0.10577109289559004
20.0,implicit,0.5714285714285714,0.0,-0.10577109289559004
20.0,implicit,0.5714285714285714,0.07142857142857142,0.11375178669501991
20.0,implicit,0.5714285714285714,0.14285714285714285,0.23904480992610413
20.0,implicit,0.5714285714285714,0.21428571428571427,0.35960801350062155
20.0,implicit,0.5714285714285714,0.2857142857142857,0.4792634645787944
20.0,implicit,0.5714285714285714,0.3571428571428571,0.5971811958477338
20.0,implicit,0.5714285714285714,0.42857142857142855,0.7041813555908288
20.0,implicit,0.5714285714285714,0.5,0.7627787107196852
20.0,implicit,0.5714285714285714,0.5714285714285714,0.7041813555908302
20.0,implicit,0.5714285714285714,0.6428571428571428,0.5971811958477337
20.0,implicit,0.5714285714285714,0.7142857142857142,0.4792634645787956
20.0,implicit,0.5714285714285714,0.7857142857142857,0.3596080135006214
20.0,implicit,0.5714285714285714,0.8571428571428571,0.2390448099261045
20.0,implicit,0.5714285714285714,0.9285714285714285,0.11375178669502006
20.0,implicit,0.5714285714285714,1.0,-0.10577109289559004
20.0,implicit,0.6428571428571428,0.0,-0.10577109289559004
20.0,implicit,0.6428571428571428,0.07142857142857142,0.09553944065659743
20.0,implicit,0.6428571428571428,0.14285714285714285,0.20261990629196108
20.0,implicit,0.6428571428571428,0.21428571428571427,0.30497332184025766
20.0,implicit,0.6428571428571428,0.2857142857142857,0.4064503170930283
20.0,implicit,0.6428571428571428,0.3571428571428571,0.5064484142743476
20.0,implicit,0.6428571428571428,0.42857142857142855,0.5971811958477328
20.0,implicit,0.6428571428571428,0.5,0.646857497194851
20.0,implicit,0.6428571428571428,0.5714285714285714,0.5971811958477339
20.0,implicit,0.6428571428571428,0.6428571428571428,0.5064484142743484
20.0,implicit,0.6428571428571428,0.7142857142857142,0.4064503170930285
20.0,implicit,0.6428571428571428,0.7857142857142857,0.30497332184025755
20.0,implicit,0.6428571428571428,0.8571428571428571,0.20261990629195994
20.0,implicit,0.6428571428571428,0.9285714285714285,0.09553944065659732
20.0,implicit,0.6428571428571428,1.0,-0.10577109289559004
20.0,implicit,0.7142857142857142,0.0,-0.10577109289559004
20.0,implicit,0.7142857142857142,0.07142857142857142,0.0754683472219506
20.0,implicit,0.7142857142857142,0.14285714285714285,0.1624772371054412
20.0,implicit,0.7142857142857142,0.21428571428571427,0.24476030928972084
20.0,implicit,0.7142857142857142,0.2857142857142857,0.3262010804988203
20.0,implicit,0.7142857142857142,0.3571428571428571,0.4064503170930268
20.0,implicit,0.7142857142857142,0.42857142857142855,0.4792634645787929
20.0,implicit,0.7142857142857142,0.5,0.5191259428420739
20.0,implicit,0.7142857142857142,0.5714285714285714,0.4792634645787926
20.0,implicit,0.7142857142857142,0.6428571428571428,0.40645031709302637
20.0,implicit,0.7142857142857142,0.7142857142857142,0.3262010804988203
20.0,implicit,0.7142857142857142,0.7857142857142857,0.2447603092897208
20.0,implicit,0.7142857142857142,0.8571428571428571,0.1624772371054411
20.0,implicit,0.7142857142857142,0.9285714285714285,0.0754683472219506
20.0,implicit,0.7142857142857142,1.0,-0.10577109289559004
20.0,implicit,0.7857142857142857,0.0,-0.10577109289559004
20.0,implicit,0.7857142857142857,0.07142857142857142,0.055072391105128356
20.0,implicit,0.7857142857142857,0.14285714285714285,0.1217220269836596
20.0,implicit,0.7857142857142857,0.21428571428571427,0.1836468066600581
20.0,implicit,0.7857142857142857,0.2857142857142857,0.24476030928972062
20.0,implicit,0.7857142857142857,0.3571428571428571,0.3049733218402574
20.0,implicit,0.7857142857142857,0.42857142857142855,0.3596080135006198
20.0,implicit,0.7857142857142857,0.5,0.3895181900289478
20.0,implicit,0.7857142857142857,0.5714285714285714,0.3596080135006193
20.0,implicit,0.7857142857142857,0.6428571428571428,0.30497332184025727
20.0,implicit,0.7857142857142857,0.7142857142857142,0.2447603092897207
20.0,implicit,0.7857142857142857,0.7857142857142857,0.18364680666005812
20.0,implicit,0.7857142857142857,0.8571428571428571,0.12172202698365962
20.0,implicit,0.7857142857142857,0.9285714285714285,0.055072391105128383
20.0,implicit,0.7857142857142857,1.0,-0.10577109289559004
20.0,implicit,0.8571428571428571,0.0,-0.10577109289559004
20.0,implicit,0.8571428571428571,0.07142857142857142,0.03404111865767493
20.0,implicit,0.8571428571428571,0.14285714285714285,0.08018646591783789
20.0,implicit,0.8571428571428571,0.21428571428571427,0.12172202698365955
20.0,implicit,0.8571428571428571,0.2857142857142857,0.1624772371054409
20.0,implicit,0.8571428571428571,0.3571428571428571,0.20261990629195906
20.0,implicit,0.8571428571428571,0.42857142857142855,0.2390448099261041
20.0,implicit,0.8571428571428571,0.5,0.2589860306335714
20.0,implicit,0.8571428571428571,0.5714285714285714,0.23904480992610355
20.0,implicit,0.8571428571428571,0.6428571428571428,0.20261990629195958
20.0,implicit,0.8571428571428571,0.7142857142857142,0.16247723710544104
20.0,implicit,0.8571428571428571,0.7857142857142857,0.12172202698365962
20.0,implicit,0.8571428571428571,0.8571428571428571,0.08018646591783792
20.0,implicit,0.8571428571428571,0.9285714285714285,0.03404111865767495
20.0,implicit,0.8571428571428571,1.0,-0.10577109289559004
20.0,implicit,0.9285714285714285,0.0,-0.10577109289559004
20.0,implicit,0.9285714285714285,0.07142857142857142,0.009495644082475295
20.0,implicit,0.9285714285714285,0.14285714285714285,0.03404111865767498
20.0,implicit,0.9285714285714285,0.21428571428571427,0.05507239110512822
20.0,implicit,0.9285714285714285,0.2857142857142857,0.07546834722195035
20.0,implicit,0.9285714285714285,0.3571428571428571,0.09553944065659753
20.0,implicit,0.9285714285714285,0.42857142857142855,0.11375178669502033
20.0,implicit,0.9285714285714285,0.5,0.12372243694031301
20.0,implicit,0.9285714285714285,0.5714285714285714,0.11375178669502008
20.0,implicit,0.9285714285714285,0.6428571428571428,0.09553944065659734
20.0,implicit,0.9285714285714285,0.7142857142857142,0.07546834722195034
20.0,implicit,0.9285714285714285,0.7857142857142857,0.05507239110512824
20.0,implicit,0.9285714285714285,0.8571428571428571,0.034041118657675
20.0,implicit,0.9285714285714285,0.9285714285714285,0.009495644082475309
20.0,implicit,0.9285714285714285,1.0,-0.10577109289559004
20.0,implicit,1.0,0.0,-0.10577109289559004
20.0,implicit,1.0,0.07142857142857142,-0.10577109289559004
20.0,implicit,1.0,0.14285714285714285,-0.10577109289559004
20.0,implicit,1.0,0.21428571428571427,-0.10577109289559004
20.0,implicit,1.0,0.2857142857142857,-0.10577109289559004
20.0,implicit,1.0,0.3571428571428571,-0.10577109289559004
20.0,implicit,1.0,0.42857142857142855,-0.10577109289559004
20.0,implicit,1.0,0.5,-0.10577109289559004
20.0,implicit,1.0,0.5714285714285714,-0.10577109289559004
20.0,implicit,1.0,0.6428571428571428,-0.10577109289559004
20.0,implicit,1.0,0.7142857142857142,-0.10577109289559004
20.0,implicit,1.0,0.7857142857142857,-0.10577109289559004
20.0,implicit,1.0,0.8571428571428571,-0.10577109289559004
20.0,implicit,1.0,0.9285714285714285,-0.10577109289559004
20.0,implicit,1.0,1.0,-0.10577109289559004
21.0,implicit,0.0,0.0,-0.12208436499710223
21.0,implicit,0.0,0.07142857142857142,-0.12208436499710223
21.0,implicit,0.0,0.14285714285714285,-0.12208436499710223
21.0,implicit,0.0,0.21428571428571427,-0.12208436499710223
21.0,implicit,0.0,0.2857142857142857,-0.12208436499710223
21.0,implicit,0.0,0.3571428571428571,-0.12208436499710223
21.0,implicit,0.0,0.42857142857142855,-0.12208436499710223
21.0,implicit,0.0,0.5,-0.12208436499710223
21.0,implicit,0.0,0.5714285714285714,-0.12208436499710223
21.0,implicit,0.0,0.6428571428571428,-0.12208436499710223
21.0,implicit,0.0,0.7142857142857142,-0.12208436499710223
21.0,implicit,0.0,0.7857142857142857,-0.12208436499710223
21.0,implicit,0.0,0.8571428571428571,-0.12208436499710223
21.0,implicit,0.0,0.9285714285714285,-0.12208436499710223
21.0,implicit,0.0,1.0,-0.12208436499710223
21.0,implicit,0.07142857142857142,0.0,-0.12208436499710223
21.0,implicit,0.07142857142857142,0.07142857142857142,0.009133697376818985
21.0,implicit,0.07142857142857142,0.14285714285714285,0.03372041374527771
21.0,implicit,0.07142857142857142,0.21428571428571427,0.054796903912806075
21.0,implicit,0.07142857142857142,0.2857142857142857,0.07519978393973031
21.0,implicit,0.07142857142857142,0.3571428571428571,0.09522719624508122
21.0,implicit,0.07142857142857142,0.42857142857142855,0.11326472555663793
21.0,implicit,0.07142857142857142,0.5,0.12293027114784169
21.0,implicit,0.07142857142857142,0.5714285714285714,0.11326472555663779
21.0,implicit,0.07142857142857142,0.6428571428571428,0.09522719624508115
21.0,implicit,0.07142857142857142,0.7142857142857142,0.07519978393973037
21.0,implicit,0.07142857142857142,0.7857142857142857,0.05479690391280609
21.0,implicit,0.07142857142857142,0.8571428571428571,0.03372041374527771
21.0,implicit,0.07142857142857142,0.9285714285714285,0.009133697376818998
21.0,implicit,0.07142857142857142,1.0,-0.12208436499710223
21.0,implicit,0.14285714285714285,0.0,-0.12208436499710223
21.0,implicit,0.14285714285714285,0.07142857142857142,0.03372041374527773
21.0,implicit,0.14285714285714285,0.14285714285714285,0.07997027552977866
21.0,implicit,0.14285714285714285,0.21428571428571427,0.12158730552317229
21.0,implicit,0.14285714285714285,0.2857142857142857,0.16234654672740517
21.0,implicit,0.14285714285714285,0.3571428571428571,0.20240064025383825
21.0,implicit,0.14285714285714285,0.42857142857142855,0.23847579212749181
21.0,implicit,0.14285714285714285,0.5,0.25780677002377433
21.0,implicit,0.14285714285714285,0.5714285714285714,0.2384757921274914
21.0,implicit,0.14285714285714285,0.6428571428571428,0.20240064025383767
21.0,implicit,0.14285714285714285,0.7142857142857142,0.16234654672740506
21.0,implicit,0.14285714285714285,0.7857142857142857,0.1215873055231723
21.0,implicit,0.14285714285714285,0.8571428571428571,0.07997027552977867
21.0,implicit,0.14285714285714285,0.9285714285714285,0.03372041374527777
21.0,implicit,0.14285714285714285,1.0,-0.12208436499710223
21.0,implicit,0.21428571428571427,0.0,-0.12208436499710223
21.0,implicit,0.21428571428571427,0.07142857142857142,0.054796903912805894
21.0,implicit,0.21428571428571427,0.14285714285714285,0.12158730552317222
21.0,implicit,0.21428571428571427,0.21428571428571427,0.18359887729045307
21.0,implicit,0.21428571428571427,0.2857142857142857,0.24470802642321182
21.0,implicit,0.21428571428571427,0.3571428571428571,0.30478648723372553
21.0,implicit,0.21428571428571427,0.42857142857142855,0.35889577992978167
21.0,implicit,0.21428571428571427,0.5,0.38789023048958776
21.0,implicit,0.21428571428571427,0.5714285714285714,0.3588957799297801
21.0,implicit,0.21428571428571427,0.6428571428571428,0.30478648723372537
21.0,implicit,0.21428571428571427,0.7142857142857142,0.24470802642321188
21.0,implicit,0.21428571428571427,0.7857142857142857,0.18359887729045316
21.0,implicit,0.21428571428571427,0.8571428571428571,0.12158730552317225
21.0,implicit,0.21428571428571427,0.9285714285714285,0.054796903912805936
21.0,implicit,0.21428571428571427,1.0,-0.12208436499710223
21.0,implicit,0.2857142857142857,0.0,-0.12208436499710223
21.0,implicit,0.2857142857142857,0.07142857142857142,0.07519978393973005
21.0,implicit,0.2857142857142857,0.14285714285714285,0.16234654672740495
21.0,implicit,0.2857142857142857,0.21428571428571427,0.24470802642321157
21.0,implicit,0.2857142857142857,0.2857142857142857,0.3261289803061974
21.0,implicit,0.2857142857142857,0.3571428571428571,0.40619132497789084
21.0,implicit,0.2857142857142857,0.42857142857142855,0.4782979389094623
21.0,implicit,0.2857142857142857,0.5,0.5169366661660797
21.0,implicit,0.2857142857142857,0.5714285714285714,0.478297938909463
21.0,implicit,0.2857142857142857,0.6428571428571428,0.4061913249778909
21.0,implicit,0.2857142857142857,0.7142857142857142,0.32612898030619747
21.0,implicit,0.2857142857142857,0.7857142857142857,0.24470802642321157
21.0,implicit,0.2857142857142857,0.8571428571428571,0.162346546727405
21.0,implicit,0.2857142857142857,0.9285714285714285,0.07519978393973008
21.0,implicit,0.2857142857142857,1.0,-0.12208436499710223
21.0,implicit,0.3571428571428571,0.0,-0.12208436499710223
21.0,implicit,0.3571428571428571,0.07142857142857142,0.09522719624508097
21.0,implicit,0.3571428571428571,0.14285714285714285,0.202400640253837
21.0,implicit,0.3571428571428571,0.21428571428571427,0.3047864872337252
21.0,implicit,0.3571428571428571,0.2857142857142857,0.4061913249778884
21.0,implicit,0.3571428571428571,0.3571428571428571,0.5059144685288466
21.0,implicit,0.3571428571428571,0.42857142857142855,0.5957294885006916
21.0,implicit,0.3571428571428571,0.5,0.6438609479880358
21.0,implicit,0.3571428571428571,0.5714285714285714,0.5957294885006931
21.0,implicit,0.3571428571428571,0.6428571428571428,0.5059144685288467
21.0,implicit,0.3571428571428571,0.7142857142857142,0.40619132497788824
21.0,implicit,0.3571428571428571,0.7857142857142857,0.30478648723372515
21.0,implicit,0.3571428571428571,0.8571428571428571,0.20240064025383686
21.0,implicit,0.3571428571428571,0.9285714285714285,0.09522719624508102
21.0,implicit,0.3571428571428571,1.0,-0.12208436499710223
21.0,implicit,0.42857142857142855,0.0,-0.12208436499710223
21.0,implicit,0.42857142857142855,0.07142857142857142,0.11326472555663808
21.0,implicit,0.42857142857142855,0.14285714285714285,0.23847579212749145
21.0,implicit,0.42857142857142855,0.21428571428571427,0.35889577992978033
21.0,implicit,0.42857142857142855,0.2857142857142857,0.47829793890946354
21.0,implicit,0.42857142857142855,0.3571428571428571,0.5957294885006941
21.0,implicit,0.42857142857142855,0.42857142857142855,0.7015021302378439
21.0,implicit,0.42857142857142855,0.5,0.7581994043138593
21.0,implicit,0.42857142857142855,0.5714285714285714,0.701502130237842
21.0,implicit,0.42857142857142855,0.6428571428571428,0.5957294885006926
21.0,implicit,0.42857142857142855,0.7142857142857142,0.4782979389094621
21.0,implicit,0.42857142857142855,0.7857142857142857,0.35889577992977995
21.0,implicit,0.42857142857142855,0.8571428571428571,0.23847579212749162
21.0,implicit,0.42857142857142855,0.9285714285714285,0.11326472555663815
21.0,implicit,0.42857142857142855,1.0,-0.12208436499710223
21.0,implicit,0.5,0.0,-0.12208436499710223
21.0,implicit,0.5,0.07142857142857142,0.12293027114784173
21.0,implicit,0.5,0.14285714285714285,0.2578067700237749
21.0,implicit,0.5,0.21428571428571427,0.38789023048958976
21.0,implicit,0.5,0.2857142857142857,0.5169366661660807
21.0,implicit,0.5,0.3571428571428571,0.6438609479880368
21.0,implicit,0.5,0.42857142857142855,0.7581994043138582
21.0,implicit,0.5,0.5,0.8195124668326241
21.0,implicit,0.5,0.5714285714285714,0.7581994043138598
21.0,implicit,0.5,0.6428571428571428,0.6438609479880344
21.0,implicit,0.5,0.7142857142857142,0.5169366661660784
21.0,implicit,0.5,0.7857142857142857,0.3878902304895898
21.0,implicit,0.5,0.8571428571428571,0.25780677002377494
21.0,implicit,0.5,0.9285714285714285,0.12293027114784182
21.0,implicit,0.5,1.0,-0.12208436499710223
21.0,implicit,0.5714285714285714,0.0,-0.12208436499710223
21.0,implicit,0.5714285714285714,0.07142857142857142,0.11326472555663776
21.0,implicit,0.5714285714285714,0.14285714285714285,0.23847579212749168
21.0,implicit,0.5714285714285714,0.21428571428571427,0.3588957799297818
21.0,implicit,0.5714285714285714,0.2857142857142857,0.4782979389094641
21.0,implicit,0.5714285714285714,0.3571428571428571,0.5957294885006945
21.0,implicit,0.5714285714285714,0.42857142857142855,0.7015021302378434
21.0,implicit,0.5714285714285714,0.5,0.758199404313862
21.0,implicit,0.5714285714285714,0.5714285714285714,0.7015021302378449
21.0,implicit,0.5714285714285714,0.6428571428571428,0.5957294885006944
21.0,implicit,0.5714285714285714,0.7142857142857142,0.4782979389094651
21.0,implicit,0.5714285714285714,0.7857142857142857,0.3588957799297815
21.0,implicit,0.5714285714285714,0.8571428571428571,0.23847579212749206
21.0,implicit,0.5714285714285714,0.9285714285714285,0.11326472555663794
21.0,implicit,0.5714285714285714,1.0,-0.12208436499710223
21.0,implicit,0.6428571428571428,0.0,-0.12208436499710223
21.0,implicit,0.6428571428571428,0.07142857142857142,0.0952271962450811
21.0,implicit,0.6428571428571428,0.14285714285714285,0.20240064025383886
21.0,implicit,0.6428571428571428,0.21428571428571427,0.3047864872337258
21.0,implicit,0.6428571428571428,0.2857142857142857,0.40619132497789134
21.0,implicit,0.6428571428571428,0.3571428571428571,0.5059144685288474
21.0,implicit,0.6428571428571428,0.42857142857142855,0.5957294885006933
21.0,implicit,0.6428571428571428,0.5,0.643860947988035
21.0,implicit,0.6428571428571428,0.5714285714285714,0.595729488500695
21.0,implicit,0.6428571428571428,0.6428571428571428,0.5059144685288477
21.0,implicit,0.6428571428571428,0.7142857142857142,0.4061913249778916
21.0,implicit,0.6428571428571428,0.7857142857142857,0.30478648723372564
21.0,implicit,0.6428571428571428,0.8571428571428571,0.20240064025383772
21.0,implicit,0.6428571428571428,0.9285714285714285,0.095227196245081
21.0,implicit,0.6428571428571428,1.0,-0.12208436499710223
21.0,implicit,0.7142857142857142,0.0,-0.12208436499710223
21.0,implicit,0.7142857142857142,0.07142857142857142,0.07519978393973037
21.0,implicit,0.7142857142857142,0.14285714285714285,0.16234654672740526
21.0,implicit,0.7142857142857142,0.21428571428571427,0.244708026423212
21.0,implicit,0.7142857142857142,0.2857142857142857,0.3261289803061978
21.0,implicit,0.7142857142857142,0.3571428571428571,0.4061913249778898
21.0,implicit,0.7142857142857142,0.42857142857142855,0.47829793890946254
21.0,implicit,0.7142857142857142,0.5,0.5169366661660808
21.0,implicit,0.7142857142857142,0.5714285714285714,0.4782979389094622
21.0,implicit,0.7142857142857142,0.6428571428571428,0.4061913249778893
21.0,implicit,0.7142857142857142,0.7142857142857142,0.3261289803061978
21.0,implicit,0.7142857142857142,0.7857142857142857,0.24470802642321193
21.0,implicit,0.7142857142857142,0.8571428571428571,0.1623465467274051
21.0,implicit,0.7142857142857142,0.9285714285714285,0.07519978393973034
21.0,implicit,0.7142857142857142,1.0,-0.12208436499710223
21.0,implicit,0.7857142857142857,0.0,-0.12208436499710223
21.0,implicit,0.7857142857142857,0.07142857142857142,0.05479690391280608
21.0,implicit,0.7857142857142857,0.14285714285714285,0.1215873055231723
21.0,implicit,0.7857142857142857,0.21428571428571427,0.18359887729045316
21.0,implicit,0.7857142857142857,0.2857142857142857,0.24470802642321174
21.0,implicit,0.7857142857142857,0.3571428571428571,0.3047864872337255
21.0,implicit,0.7857142857142857,0.42857142857142855,0.35889577992978
21.0,implicit,0.7857142857142857,0.5,0.3878902304895887
21.0,implicit,0.7857142857142857,0.5714285714285714,0.3588957799297794
21.0,implicit,0.7857142857142857,0.6428571428571428,0.3047864872337254
21.0,implicit,0.7857142857142857,0.7142857142857142,0.2447080264232118
21.0,implicit,0.7857142857142857,0.7857142857142857,0.1835988772904532
21.0,implicit,0.7857142857142857,0.8571428571428571,0.12158730552317235
21.0,implicit,0.7857142857142857,0.9285714285714285,0.0547969039128061
21.0,implicit,0.7857142857142857,1.0,-0.12208436499710223
21.0,implicit,0.8571428571428571,0.0,-0.12208436499710223
21.0,implicit,0.8571428571428571,0.07142857142857142,0.03372041374527771
21.0,implicit,0.8571428571428571,0.14285714285714285,0.07997027552977867
21.0,implicit,0.8571428571428571,0.21428571428571427,0.12158730552317225
21.0,implicit,0.8571428571428571,0.2857142857142857,0.162346546727405
21.0,implicit,0.8571428571428571,0.3571428571428571,0.20240064025383692
21.0,implicit,0.8571428571428571,0.42857142857142855,0.23847579212749154
21.0,implicit,0.8571428571428571,0.5,0.2578067700237746
21.0,implicit,0.8571428571428571,0.5714285714285714,0.23847579212749095
21.0,implicit,0.8571428571428571,0.6428571428571428,0.20240064025383753
21.0,implicit,0.8571428571428571,0.7142857142857142,0.16234654672740514
21.0,implicit,0.8571428571428571,0.7857142857142857,0.12158730552317233
21.0,implicit,0.8571428571428571,0.8571428571428571,0.0799702755297787
21.0,implicit,0.8571428571428571,0.9285714285714285,0.03372041374527773
21.0,implicit,0.8571428571428571,1.0,-0.12208436499710223
21.0,implicit,0.9285714285714285,0.0,-0.12208436499710223
21.0,implicit,0.9285714285714285,0.07142857142857142,0.009133697376818998
21.0,implicit,0.9285714285714285,0.14285714285714285,0.03372041374527777
21.0,implicit,0.9285714285714285,0.21428571428571427,0.054796903912805936
21.0,implicit,0.9285714285714285,0.2857142857142857,0.0751997839397301
21.0,implicit,0.9285714285714285,0.3571428571428571,0.09522719624508119
21.0,implicit,0.9285714285714285,0.42857142857142855,0.11326472555663816
21.0,implicit,0.9285714285714285,0.5,0.12293027114784177
21.0,implicit,0.9285714285714285,0.5714285714285714,0.11326472555663793
21.0,implicit,0.9285714285714285,0.6428571428571428,0.095227196245081
21.0,implicit,0.9285714285714285,0.7142857142857142,0.07519978393973009
21.0,implicit,0.9285714285714285,0.7857142857142857,0.054796903912805964
21.0,implicit,0.9285714285714285,0.8571428571428571,0.03372041374527779
21.0,implicit,0.9285714285714285,0.9285714285714285,0.009133697376819013
21.0,implicit,0.9285714285714285,1.0,-0.12208436499710223
21.0,implicit,1.0,0.0,-0.12208436499710223
21.0,implicit,1.0,0.07142857142857142,-0.12208436499710223
21.0,implicit,1.0,0.14285714285714285,-0.12208436499710223
21.0,implicit,1.0,0.21428571428571427,-0.12208436499710223
21.0,implicit,1.0,0.2857142857142857,-0.12208436499710223
21.0,implicit,1.0,0.3571428571428571,-0.12208436499710223
21.0,implicit,1.0,0.42857142857142855,-0.12208436499710223
21.0,implicit,1.0,0.5,-0.12208436499710223
21.0,implicit,1.0,0.5714285714285714,-0.12208436499710223
21.0,implicit,1.0,0.6428571428571428,-0.12208436499710223
21.0,implicit,1.0,0.7142857142857142,-0.12208436499710223
21.0,implicit,1.0,0.7857142857142857,-0.12208436499710223
21.0,implicit,1.0,0.8571428571428571,-0.12208436499710223
21.0,implicit,1.0,0.9285714285714285,-0.12208436499710223
21.0,implicit,1.0,1.0,-0.12208436499710223
22.0,implicit,0.0,0.0,-0.19596701238797756
22.0,implicit,0.0,0.07142857142857142,-0.19596701238797756
22.0,implicit,0.0,0.14285714285714285,-0.19596701238797756
22.0,implicit,0.0,0.21428571428571427,-0.19596701238797756
22.0,implicit,0.0,0.2857142857142857,-0.19596701238797756
22.0,implicit,0.0,0.3571428571428571,-0.19596701238797756
22.0,implicit,0.0,0.42857142857142855,-0.19596701238797756
22.0,implicit,0.0,0.5,-0.19596701238797756
22.0,implicit,0.0,0.5714285714285714,-0.19596701238797756
22.0,implicit,0.0,0.6428571428571428,-0.19596701238797756
22.0,implicit,0.0,0.7142857142857142,-0.19596701238797756
22.0,implicit,0.0,0.7857142857142857,-0.19596701238797756
22.0,implicit,0.0,0.8571428571428571,-0.19596701238797756
22.0,implicit,0.0,0.9285714285714285,-0.19596701238797756
22.0,implicit,0.0,1.0,-0.19596701238797756
22.0,implicit,0.07142857142857142,0.0,-0.19596701238797756
22.0,implicit,0.07142857142857142,0.07142857142857142,0.005296105368487546
22.0,implicit,0.07142857142857142,0.14285714285714285,0.031597014243704924
22.0,implicit,0.07142857142857142,0.21428571428571427,0.05274928334761858
22.0,implicit,0.07142857142857142,0.2857142857142857,0.07315899762054653
22.0,implicit,0.07142857142857142,0.3571428571428571,0.09314057851886832
22.0,implicit,0.07142857142857142,0.42857142857142855,0.11100364756703845
22.0,implicit,0.07142857142857142,0.5,0.1203831889557636
22.0,implicit,0.07142857142857142,0.5714285714285714,0.11100364756703832
22.0,implicit,0.07142857142857142,0.6428571428571428,0.09314057851886826
22.0,implicit,0.07142857142857142,0.7142857142857142,0.07315899762054659
22.0,implicit,0.07142857142857142,0.7857142857142857,0.052749283347618595
22.0,implicit,0.07142857142857142,0.8571428571428571,0.031597014243704924
22.0,implicit,0.07142857142857142,0.9285714285714285,0.005296105368487555
22.0,implicit,0.07142857142857142,1.0,-0.19596701238797756
22.0,implicit,0.14285714285714285,0.0,-0.19596701238797756
22.0,implicit,0.14285714285714285,0.07142857142857142,0.03159701424370494
22.0,implicit,0.14285714285714285,0.14285714285714285,0.07968455102662263
22.0,implicit,0.14285714285714285,0.21428571428571427,0.1214142960843721
22.0,implicit,0.14285714285714285,0.2857142857142857,0.16217746259752677
22.0,implicit,0.14285714285714285,0.3571428571428571,0.20213852118335784
22.0,implicit,0.14285714285714285,0.42857142857142855,0.23786459111644134
22.0,implicit,0.14285714285714285,0.5,0.2566235181292561
22.0,implicit,0.14285714285714285,0.5714285714285714,0.2378645911164409
22.0,implicit,0.14285714285714285,0.6428571428571428,0.2021385211833573
22.0,implicit,0.14285714285714285,0.7142857142857142,0.16217746259752663
22.0,implicit,0.14285714285714285,0.7857142857142857,0.12141429608437211
22.0,implicit,0.14285714285714285,0.8571428571428571,0.07968455102662264
22.0,implicit,0.14285714285714285,0.9285714285714285,0.03159701424370497
22.0,implicit,0.14285714285714285,1.0,-0.19596701238797756
22.0,implicit,0.21428571428571427,0.0,-0.19596701238797756
22.0,implicit,0.21428571428571427,0.07142857142857142,0.0527492833476184
22.0,implicit,0.21428571428571427,0.14285714285714285,0.12141429608437201
22.0,implicit,0.21428571428571427,0.21428571428571427,0.18354476617499013
22.0,implicit,0.21428571428571427,0.2857142857142857,0.24464874690492058
22.0,implicit,0.21428571428571427,0.3571428571428571,0.3045856172373764
22.0,implicit,0.21428571428571427,0.42857142857142855,0.3581703722845637
22.0,implicit,0.21428571428571427,0.5,0.3863063359789498
22.0,implicit,0.21428571428571427,0.5714285714285714,0.3581703722845622
22.0,implicit,0.21428571428571427,0.6428571428571428,0.30458561723737626
22.0,implicit,0.21428571428571427,0.7142857142857142,0.24464874690492067
22.0,implicit,0.21428571428571427,0.7857142857142857,0.18354476617499021
22.0,implicit,0.21428571428571427,0.8571428571428571,0.12141429608437204
22.0,implicit,0.21428571428571427,0.9285714285714285,0.05274928334761844
22.0,implicit,0.21428571428571427,1.0,-0.19596701238797756
22.0,implicit,0.2857142857142857,0.0,-0.19596701238797756
22.0,implicit,0.2857142857142857,0.07142857142857142,0.07315899762054626
22.0,implicit,0.2857142857142857,0.14285714285714285,0.16217746259752652
22.0,implicit,0.2857142857142857,0.21428571428571427,0.2446487469049204
22.0,implicit,0.2857142857142857,0.2857142857142857,0.32604740985966846
22.0,implicit,0.2857142857142857,0.3571428571428571,0.4059125810761755
22.0,implicit,0.2857142857142857,0.42857142857142855,0.47731323196808
22.0,implicit,0.2857142857142857,0.5,0.514804331040489
22.0,implicit,0.2857142857142857,0.5714285714285714,0.47731323196808073
22.0,implicit,0.2857142857142857,0.6428571428571428,0.40591258107617556
22.0,implicit,0.2857142857142857,0.7142857142857142,0.3260474098596685
22.0,implicit,0.2857142857142857,0.7857142857142857,0.2446487469049204
22.0,implicit,0.2857142857142857,0.8571428571428571,0.16217746259752658
22.0,implicit,0.2857142857142857,0.9285714285714285,0.07315899762054628
22.0,implicit,0.2857142857142857,1.0,-0.19596701238797756
22.0,implicit,0.3571428571428571,0.0,-0.19596701238797756
22.0,implicit,0.3571428571428571,0.07142857142857142,0.09314057851886809
22.0,implicit,0.3571428571428571,0.14285714285714285,0.20213852118335654
22.0,implicit,0.3571428571428571,0.21428571428571427,0.30458561723737576
22.0,implicit,0.3571428571428571,0.2857142857142857,0.4059125810761731
22.0,implicit,0.3571428571428571,0.3571428571428571,0.5053458996701853
22.0,implicit,0.3571428571428571,0.42857142857142855,0.5942426691269516
22.0,implicit,0.3571428571428571,0.5,0.6409242981123654
22.0,implicit,0.3571428571428571,0.5714285714285714,0.5942426691269529
22.0,implicit,0.3571428571428571,0.6428571428571428,0.5053458996701854
22.0,implicit,0.3571428571428571,0.7142857142857142,0.40591258107617295
22.0,implicit,0.3571428571428571,0.7857142857142857,0.3045856172373757
22.0,implicit,0.3571428571428571,0.8571428571428571,0.20213852118335637
22.0,implicit,0.3571428571428571,0.9285714285714285,0.09314057851886809
22.0,implicit,0.3571428571428571,1.0,-0.19596701238797756
22.0,implicit,0.42857142857142855,0.0,-0.19596701238797756
22.0,implicit,0.42857142857142855,0.07142857142857142,0.11100364756703865
22.0,implicit,0.42857142857142855,0.14285714285714285,0.23786459111644098
22.0,implicit,0.42857142857142855,0.21428571428571427,0.35817037228456255
22.0,implicit,0.42857142857142855,0.2857142857142857,0.4773132319680811
22.0,implicit,0.42857142857142855,0.3571428571428571,0.5942426691269538
22.0,implicit,0.42857142857142855,0.42857142857142855,0.6987907915147472
22.0,implicit,0.42857142857142855,0.5,0.753704990332075
22.0,implicit,0.42857142857142855,0.5714285714285714,0.698790791514745
22.0,implicit,0.42857142857142855,0.6428571428571428,0.5942426691269527
22.0,implicit,0.42857142857142855,0.7142857142857142,0.4773132319680798
22.0,implicit,0.42857142857142855,0.7857142857142857,0.3581703722845621
22.0,implicit,0.42857142857142855,0.8571428571428571,0.2378645911164411
22.0,implicit,0.42857142857142855,0.9285714285714285,0.11100364756703872
22.0,implicit,0.42857142857142855,1.0,-0.19596701238797756
22.0,implicit,0.5,0.0,-0.19596701238797756
22.0,implicit,0.5,0.07142857142857142,0.12038318895576364
22.0,implicit,0.5,0.14285714285714285,0.2566235181292566
22.0,implicit,0.5,0.21428571428571427,0.3863063359789518
22.0,implicit,0.5,0.2857142857142857,0.5148043310404904
22.0,implicit,0.5,0.3571428571428571,0.6409242981123667
22.0,implicit,0.5,0.42857142857142855,0.7537049903320742
22.0,implicit,0.5,0.5,0.8129654084897197
22.0,implicit,0.5,0.5714285714285714,0.7537049903320754
22.0,implicit,0.5,0.6428571428571428,0.6409242981123637
22.0,implicit,0.5,0.7142857142857142,0.514804331040488
22.0,implicit,0.5,0.7857142857142857,0.3863063359789517
22.0,implicit,0.5,0.8571428571428571,0.2566235181292567
22.0,implicit,0.5,0.9285714285714285,0.12038318895576372
22.0,implicit,0.5,1.0,-0.19596701238797756
22.0,implicit,0.5714285714285714,0.0,-0.19596701238797756
22.0,implicit,0.5714285714285714,0.07142857142857142,0.11100364756703829
22.0,implicit,0.5714285714285714,0.14285714285714285,0.23786459111644123
22.0,implicit,0.5714285714285714,0.21428571428571427,0.35817037228456394
22.0,implicit,0.5714285714285714,0.2857142857142857,0.4773132319680819
22.0,implicit,0.5714285714285714,0.3571428571428571,0.5942426691269544
22.0,implicit,0.5714285714285714,0.42857142857142855,0.6987907915147467
22.0,implicit,0.5714285714285714,0.5,0.7537049903320776
22.0,implicit,0.5714285714285714,0.5714285714285714,0.6987907915147479
22.0,implicit,0.5714285714285714,0.6428571428571428,0.5942426691269543
22.0,implicit,0.5714285714285714,0.7142857142857142,0.47731323196808295
22.0,implicit,0.5714285714285714,0.7857142857142857,0.3581703722845638
22.0,implicit,0.5714285714285714,0.8571428571428571,0.23786459111644162
22.0,implicit,0.5714285714285714,0.9285714285714285,0.11100364756703847
22.0,implicit,0.5714285714285714,1.0,-0.19596701238797756
22.0,implicit,0.6428571428571428,0.0,-0.19596701238797756
22.0,implicit,0.6428571428571428,0.07142857142857142,0.09314057851886821
22.0,implicit,0.6428571428571428,0.14285714285714285,0.2021385211833585
22.0,implicit,0.6428571428571428,0.21428571428571427,0.3045856172373767
22.0,implicit,0.6428571428571428,0.2857142857142857,0.40591258107617606
22.0,implicit,0.6428571428571428,0.3571428571428571,0.5053458996701862
22.0,implicit,0.6428571428571428,0.42857142857142855,0.5942426691269531
22.0,implicit,0.6428571428571428,0.5,0.6409242981123645
22.0,implicit,0.6428571428571428,0.5714285714285714,0.594242669126955
22.0,implicit,0.6428571428571428,0.6428571428571428,0.5053458996701864
22.0,implicit,0.6428571428571428,0.7142857142857142,0.4059125810761764
22.0,implicit,0.6428571428571428,0.7857142857142857,0.30458561723737654
22.0,implicit,0.6428571428571428,0.8571428571428571,0.20213852118335732
22.0,implicit,0.6428571428571428,0.9285714285714285,0.0931405785188681
22.0,implicit,0.6428571428571428,1.0,-0.19596701238797756
22.0,implicit,0.7142857142857142,0.0,-0.19596701238797756
22.0,implicit,0.7142857142857142,0.07142857142857142,0.07315899762054659
22.0,implicit,0.7142857142857142,0.14285714285714285,0.16217746259752683
22.0,implicit,0.7142857142857142,0.21428571428571427,0.2446487469049208
22.0,implicit,0.7142857142857142,0.2857142857142857,0.326047409859669
22.0,implicit,0.7142857142857142,0.3571428571428571,0.40591258107617456
22.0,implicit,0.7142857142857142,0.42857142857142855,0.4773132319680805
22.0,implicit,0.7142857142857142,0.5,0.5148043310404902
22.0,implicit,0.7142857142857142,0.5714285714285714,0.47731323196807995
22.0,implicit,0.7142857142857142,0.6428571428571428,0.40591258107617395
22.0,implicit,0.7142857142857142,0.7142857142857142,0.326047409859669
22.0,implicit,0.7142857142857142,0.7857142857142857,0.24464874690492075
22.0,implicit,0.7142857142857142,0.8571428571428571,0.16217746259752666
22.0,implicit,0.7142857142857142,0.9285714285714285,0.07315899762054655
22.0,implicit,0.7142857142857142,1.0,-0.19596701238797756
22.0,implicit,0.7857142857142857,0.0,-0.19596701238797756
22.0,implicit,0.7857142857142857,0.07142857142857142,0.052749283347618595
22.0,implicit,0.7857142857142857,0.14285714285714285,0.12141429608437211
22.0,implicit,0.7857142857142857,0.21428571428571427,0.18354476617499021
22.0,implicit,0.7857142857142857,0.2857142857142857,0.24464874690492053
22.0,implicit,0.7857142857142857,0.3571428571428571,0.3045856172373761
22.0,implicit,0.7857142857142857,0.42857142857142855,0.35817037228456217
22.0,implicit,0.7857142857142857,0.5,0.3863063359789505
22.0,implicit,0.7857142857142857,0.5714285714285714,0.3581703722845614
22.0,implicit,0.7857142857142857,0.6428571428571428,0.304585617237376
22.0,implicit,0.7857142857142857,0.7142857142857142,0.24464874690492058
22.0,implicit,0.7857142857142857,0.7857142857142857,0.18354476617499024
22.0,implicit,0.7857142857142857,0.8571428571428571,0.12141429608437214
22.0,implicit,0.7857142857142857,0.9285714285714285,0.05274928334761861
22.0,implicit,0.7857142857142857,1.0,-0.19596701238797756
22.0,implicit,0.8571428571428571,0.0,-0.19596701238797756
22.0,implicit,0.8571428571428571,0.07142857142857142,0.031597014243704924
22.0,implicit,0.8571428571428571,0.14285714285714285,0.07968455102662264
22.0,implicit,0.8571428571428571,0.21428571428571427,0.12141429608437204
22.0,implicit,0.8571428571428571,0.2857142857142857,0.16217746259752658
22.0,implicit,0.8571428571428571,0.3571428571428571,0.20213852118335643
22.0,implicit,0.8571428571428571,0.42857142857142855,0.237864591116441
22.0,implicit,0.8571428571428571,0.5,0.2566235181292563
22.0,implicit,0.8571428571428571,0.5714285714285714,0.23786459111644037
22.0,implicit,0.8571428571428571,0.6428571428571428,0.20213852118335707
22.0,implicit,0.8571428571428571,0.7142857142857142,0.1621774625975267
22.0,implicit,0.8571428571428571,0.7857142857142857,0.12141429608437214
22.0,implicit,0.8571428571428571,0.8571428571428571,0.07968455102662268
22.0,implicit,0.8571428571428571,0.9285714285714285,0.03159701424370494
22.0,implicit,0.8571428571428571,1.0,-0.19596701238797756
22.0,implicit,0.9285714285714285,0.0,-0.19596701238797756
22.0,implicit,0.9285714285714285,0.07142857142857142,0.005296105368487555
22.0,implicit,0.9285714285714285,0.14285714285714285,0.03159701424370497
22.0,implicit,0.9285714285714285,0.21428571428571427,0.05274928334761844
22.0,implicit,0.9285714285714285,0.2857142857142857,0.0731589976205463
22.0,implicit,0.9285714285714285,0.3571428571428571,0.09314057851886827
22.0,implicit,0.9285714285714285,0.42857142857142855,0.11100364756703872
22.0,implicit,0.9285714285714285,0.5,0.12038318895576368
22.0,implicit,0.9285714285714285,0.5714285714285714,0.11100364756703845
22.0,implicit,0.9285714285714285,0.6428571428571428,0.09314057851886808
22.0,implicit,0.9285714285714285,0.7142857142857142,0.0731589976205463
22.0,implicit,0.9285714285714285,0.7857142857142857,0.05274928334761847
22.0,implicit,0.9285714285714285,0.8571428571428571,0.03159701424370499
22.0,implicit,0.9285714285714285,0.9285714285714285,0.005296105368487571
22.0,implicit,0.9285714285714285,1.0,-0.19596701238797756
22.0,implicit,1.0,0.0,-0.19596701238797756
22.0,implicit,1.0,0.07142857142857142,-0.19596701238797756
22.0,implicit,1.0,0.14285714285714285,-0.19596701238797756
22.0,implicit,1.0,0.21428571428571427,-0.19596701238797756
22.0,implicit,1.0,0.2857142857142857,-0.19596701238797756
22.0,implicit,1.0,0.3571428571428571,-0.19596701238797756
22.0,implicit,1.0,0.42857142857142855,-0.19596701238797756
22.0,implicit,1.0,0.5,-0.19596701238797756
22.0,implicit,1.0,0.5714285714285714,-0.19596701238797756
22.0,implicit,1.0,0.6428571428571428,-0.19596701238797756
22.0,implicit,1.0,0.7142857142857142,-0.19596701238797756
22.0,implicit,1.0,0.7857142857142857,-0.19596701238797756
22.0,implicit,1.0,0.8571428571428571,-0.19596701238797756
22.0,implicit,1.0,0.9285714285714285,-0.19596701238797756
22.0,implicit,1.0,1.0,-0.19596701238797756
23.0,implicit,0.0,0.0,-0.13281860488984307
23.0,implicit,0.0,0.07142857142857142,-0.13281860488984307
23.0,implicit,0.0,0.14285714285714285,-0.13281860488984307
23.0,implicit,0.0,0.21428571428571427,-0.13281860488984307
23.0,implicit,0.0,0.2857142857142857,-0.13281860488984307
23.0,implicit,0.0,0.3571428571428571,-0.13281860488984307
23.0,implicit,0.0,0.42857142857142855,-0.13281860488984307
23.0,implicit,0.0,0.5,-0.13281860488984307
23.0,implicit,0.0,0.5714285714285714,-0.13281860488984307
23.0,implicit,0.0,0.6428571428571428,-0.13281860488984307
23.0,implicit,0.0,0.7142857142857142,-0.13281860488984307
23.0,implicit,0.0,0.7857142857142857,-0.13281860488984307
23.0,implicit,0.0,0.8571428571428571,-0.13281860488984307
23.0,implicit,0.0,0.9285714285714285,-0.13281860488984307
23.0,implicit,0.0,1.0,-0.13281860488984307
23.0,implicit,0.07142857142857142,0.0,-0.13281860488984307
23.0,implicit,0.07142857142857142,0.07142857142857142,0.0023503727676544147
23.0,implicit,0.07142857142857142,0.14285714285714285,0.02995860409346217
23.0,implicit,0.07142857142857142,0.21428571428571427,0.05117878220749866
23.0,implicit,0.07142857142857142,0.2857142857142857,0.07159245488964568
23.0,implicit,0.07142857142857142,0.3571428571428571,0.09155036143120521
23.0,implicit,0.07142857142857142,0.42857142857142855,0.10932646106268201
23.0,implicit,0.07142857142857142,0.5,0.11856970160650593
23.0,implicit,0.07142857142857142,0.5714285714285714,0.10932646106268185
23.0,implicit,0.07142857142857142,0.6428571428571428,0.09155036143120511
23.0,implicit,0.07142857142857142,0.7142857142857142,0.07159245488964572
23.0,implicit,0.07142857142857142,0.7857142857142857,0.05117878220749868
23.0,implicit,0.07142857142857142,0.8571428571428571,0.02995860409346217
23.0,implicit,0.07142857142857142,0.9285714285714285,0.0023503727676544243
23.0,implicit,0.07142857142857142,1.0,-0.13281860488984307
23.0,implicit,0.14285714285714285,0.0,-0.13281860488984307
23.0,implicit,0.14285714285714285,0.07142857142857142,0.029958604093462182
23.0,implicit,0.14285714285714285,0.14285714285714285,0.07947375377820143
23.0,implicit,0.14285714285714285,0.21428571428571427,0.12129183368870589
23.0,implicit,0.14285714285714285,0.2857142857142857,0.16205751518542552
23.0,implicit,0.14285714285714285,0.3571428571428571,0.2019704738344829
23.0,implicit,0.14285714285714285,0.42857142857142855,0.23752250699747643
23.0,implicit,0.14285714285714285,0.5,0.25600880735430015
23.0,implicit,0.14285714285714285,0.5714285714285714,0.23752250699747596
23.0,implicit,0.14285714285714285,0.6428571428571428,0.20197047383448236
23.0,implicit,0.14285714285714285,0.7142857142857142,0.16205751518542538
23.0,implicit,0.14285714285714285,0.7857142857142857,0.1212918336887059
23.0,implicit,0.14285714285714285,0.8571428571428571,0.07947375377820144
23.0,implicit,0.14285714285714285,0.9285714285714285,0.029958604093462217
23.0,implicit,0.14285714285714285,1.0,-0.13281860488984307
23.0,implicit,0.21428571428571427,0.0,-0.13281860488984307
23.0,implicit,0.21428571428571427,0.07142857142857142,0.05117878220749848
23.0,implicit,0.21428571428571427,0.14285714285714285,0.1212918336887058
23.0,implicit,0.21428571428571427,0.21428571428571427,0.18351407762420402
23.0,implicit,0.21428571428571427,0.2857142857142857,0.24461575704360863
23.0,implicit,0.21428571428571427,0.3571428571428571,0.30447931956426666
23.0,implicit,0.21428571428571427,0.42857142857142855,0.3578025048845516
23.0,implicit,0.21428571428571427,0.5,0.38552930426489024
23.0,implicit,0.21428571428571427,0.5714285714285714,0.3578025048845501
23.0,implicit,0.21428571428571427,0.6428571428571428,0.30447931956426644
23.0,implicit,0.21428571428571427,0.7142857142857142,0.24461575704360872
23.0,implicit,0.21428571428571427,0.7857142857142857,0.18351407762420407
23.0,implicit,0.21428571428571427,0.8571428571428571,0.12129183368870582
23.0,implicit,0.21428571428571427,0.9285714285714285,0.051178782207498524
23.0,implicit,0.21428571428571427,1.0,-0.13281860488984307
23.0,implicit,0.2857142857142857,0.0,-0.13281860488984307
23.0,implicit,0.2857142857142857,0.07142857142857142,0.0715924548896454
23.0,implicit,0.2857142857142857,0.14285714285714285,0.16205751518542527
23.0,implicit,0.2857142857142857,0.21428571428571427,0.24461575704360838
23.0,implicit,0.2857142857142857,0.2857142857142857,0.3260029262474248
23.0,implicit,0.2857142857142857,0.3571428571428571,0.40576581681471136
23.0,implicit,0.2857142857142857,0.42857142857142855,0.4768142017503624
23.0,implicit,0.2857142857142857,0.5,0.5137581875132811
23.0,implicit,0.2857142857142857,0.5714285714285714,0.47681420175036304
23.0,implicit,0.2857142857142857,0.6428571428571428,0.4057658168147114
23.0,implicit,0.2857142857142857,0.7142857142857142,0.32600292624742483
23.0,implicit,0.2857142857142857,0.7857142857142857,0.24461575704360838
23.0,implicit,0.2857142857142857,0.8571428571428571,0.16205751518542535
23.0,implicit,0.2857142857142857,0.9285714285714285,0.07159245488964543
23.0,implicit,0.2857142857142857,1.0,-0.13281860488984307
23.0,implicit,0.3571428571428571,0.0,-0.13281860488984307
23.0,implicit,0.3571428571428571,0.07142857142857142,0.09155036143120497
23.0,implicit,0.3571428571428571,0.14285714285714285,0.20197047383448163
23.0,implicit,0.3571428571428571,0.21428571428571427,0.3044793195642658
23.0,implicit,0.3571428571428571,0.2857142857142857,0.405765816814709
23.0,implicit,0.3571428571428571,0.3571428571428571,0.5050488926904918
23.0,implicit,0.3571428571428571,0.42857142857142855,0.5934870288753702
23.0,implicit,0.3571428571428571,0.5,0.639477083745912
23.0,implicit,0.3571428571428571,0.5714285714285714,0.5934870288753714
23.0,implicit,0.3571428571428571,0.6428571428571428,0.5050488926904919
23.0,implicit,0.3571428571428571,0.7142857142857142,0.40576581681470886
23.0,implicit,0.3571428571428571,0.7857142857142857,0.30447931956426577
23.0,implicit,0.3571428571428571,0.8571428571428571,0.20197047383448144
23.0,implicit,0.3571428571428571,0.9285714285714285,0.09155036143120497
23.0,implicit,0.3571428571428571,1.0,-0.13281860488984307
23.0,implicit,0.42857142857142855,0.0,-0.13281860488984307
23.0,implicit,0.42857142857142855,0.07142857142857142,0.10932646106268219
23.0,implicit,0.42857142857142855,0.14285714285714285,0.237522506997476
23.0,implicit,0.42857142857142855,0.21428571428571427,0.3578025048845505
23.0,implicit,0.42857142857142855,0.2857142857142857,0.4768142017503635
23.0,implicit,0.42857142857142855,0.3571428571428571,0.5934870288753725
23.0,implicit,0.42857142857142855,0.42857142857142855,0.6974249044791102
23.0,implicit,0.42857142857142855,0.5,0.7514886574566609
23.0,implicit,0.42857142857142855,0.5714285714285714,0.697424904479108
23.0,implicit,0.42857142857142855,0.6428571428571428,0.5934870288753714
23.0,implicit,0.42857142857142855,0.7142857142857142,0.4768142017503621
23.0,implicit,0.42857142857142855,0.7857142857142857,0.35780250488455007
23.0,implicit,0.42857142857142855,0.8571428571428571,0.23752250699747612
23.0,implicit,0.42857142857142855,0.9285714285714285,0.10932646106268226
23.0,implicit,0.42857142857142855,1.0,-0.13281860488984307
23.0,implicit,0.5,0.0,-0.13281860488984307
23.0,implicit,0.5,0.07142857142857142,0.11856970160650597
23.0,implicit,0.5,0.14285714285714285,0.25600880735430065
23.0,implicit,0.5,0.21428571428571427,0.3855293042648923
23.0,implicit,0.5,0.2857142857142857,0.5137581875132827
23.0,implicit,0.5,0.3571428571428571,0.6394770837459133
23.0,implicit,0.5,0.42857142857142855,0.7514886574566598
23.0,implicit,0.5,0.5,0.8097729794085441
23.0,implicit,0.5,0.5714285714285714,0.7514886574566613
23.0,implicit,0.5,0.6428571428571428,0.6394770837459103
23.0,implicit,0.5,0.7142857142857142,0.5137581875132801
23.0,implicit,0.5,0.7857142857142857,0.3855293042648921
23.0,implicit,0.5,0.8571428571428571,0.2560088073543008
23.0,implicit,0.5,0.9285714285714285,0.11856970160650605
23.0,implicit,0.5,1.0,-0.13281860488984307
23.0,implicit,0.5714285714285714,0.0,-0.13281860488984307
23.0,implicit,0.5714285714285714,0.07142857142857142,0.10932646106268186
23.0,implicit,0.5714285714285714,0.14285714285714285,0.2375225069974763
23.0,implicit,0.5714285714285714,0.21428571428571427,0.3578025048845518
23.0,implicit,0.5714285714285714,0.2857142857142857,0.47681420175036426
23.0,implicit,0.5714285714285714,0.3571428571428571,0.5934870288753732
23.0,implicit,0.5714285714285714,0.42857142857142855,0.6974249044791097
23.0,implicit,0.5714285714285714,0.5,0.7514886574566639
23.0,implicit,0.5714285714285714,0.5714285714285714,0.697424904479111
23.0,implicit,0.5714285714285714,0.6428571428571428,0.5934870288753732
23.0,implicit,0.5714285714285714,0.7142857142857142,0.4768142017503653
23.0,implicit,0.5714285714285714,0.7857142857142857,0.35780250488455173
23.0,implicit,0.5714285714285714,0.8571428571428571,0.23752250699747665
23.0,implicit,0.5714285714285714,0.9285714285714285,0.10932646106268203
23.0,implicit,0.5714285714285714,1.0,-0.13281860488984307
23.0,implicit,0.6428571428571428,0.0,-0.13281860488984307
23.0,implicit,0.6428571428571428,0.07142857142857142,0.09155036143120508
23.0,implicit,0.6428571428571428,0.14285714285714285,0.20197047383448358
23.0,implicit,0.6428571428571428,0.21428571428571427,0.30447931956426694
23.0,implicit,0.6428571428571428,0.2857142857142857,0.4057658168147119
23.0,implicit,0.6428571428571428,0.3571428571428571,0.5050488926904926
23.0,implicit,0.6428571428571428,0.42857142857142855,0.593487028875372
23.0,implicit,0.6428571428571428,0.5,0.6394770837459113
23.0,implicit,0.6428571428571428,0.5714285714285714,0.5934870288753737
23.0,implicit,0.6428571428571428,0.6428571428571428,0.505048892690493
23.0,implicit,0.6428571428571428,0.7142857142857142,0.40576581681471235
23.0,implicit,0.6428571428571428,0.7857142857142857,0.30447931956426677
23.0,implicit,0.6428571428571428,0.8571428571428571,0.20197047383448238
23.0,implicit,0.6428571428571428,0.9285714285714285,0.09155036143120499
23.0,implicit,0.6428571428571428,1.0,-0.13281860488984307
23.0,implicit,0.7142857142857142,0.0,-0.13281860488984307
23.0,implicit,0.7142857142857142,0.07142857142857142,0.07159245488964572
23.0,implicit,0.7142857142857142,0.14285714285714285,0.16205751518542558
23.0,implicit,0.7142857142857142,0.21428571428571427,0.24461575704360888
23.0,implicit,0.7142857142857142,0.2857142857142857,0.3260029262474254
23.0,implicit,0.7142857142857142,0.3571428571428571,0.40576581681471047
23.0,implicit,0.7142857142857142,0.42857142857142855,0.4768142017503628
23.0,implicit,0.7142857142857142,0.5,0.5137581875132822
23.0,implicit,0.7142857142857142,0.5714285714285714,0.4768142017503624
23.0,implicit,0.7142857142857142,0.6428571428571428,0.4057658168147099
23.0,implicit,0.7142857142857142,0.7142857142857142,0.3260029262474254
23.0,implicit,0.7142857142857142,0.7857142857142857,0.24461575704360883
23.0,implicit,0.7142857142857142,0.8571428571428571,0.1620575151854254
23.0,implicit,0.7142857142857142,0.9285714285714285,0.07159245488964569
23.0,implicit,0.7142857142857142,1.0,-0.13281860488984307
23.0,implicit,0.7857142857142857,0.0,-0.13281860488984307
23.0,implicit,0.7857142857142857,0.07142857142857142,0.05117878220749868
23.0,implicit,0.7857142857142857,0.14285714285714285,0.1212918336887059
23.0,implicit,0.7857142857142857,0.21428571428571427,0.18351407762420407
23.0,implicit,0.7857142857142857,0.2857142857142857,0.24461575704360858
23.0,implicit,0.7857142857142857,0.3571428571428571,0.3044793195642662
23.0,implicit,0.7857142857142857,0.42857142857142855,0.3578025048845502
23.0,implicit,0.7857142857142857,0.5,0.385529304264891
23.0,implicit,0.7857142857142857,0.5714285714285714,0.35780250488454934
23.0,implicit,0.7857142857142857,0.6428571428571428,0.30447931956426605
23.0,implicit,0.7857142857142857,0.7142857142857142,0.2446157570436086
23.0,implicit,0.7857142857142857,0.7857142857142857,0.1835140776242041
23.0,implicit,0.7857142857142857,0.8571428571428571,0.12129183368870593
23.0,implicit,0.7857142857142857,0.9285714285714285,0.05117878220749869
23.0,implicit,0.7857142857142857,1.0,-0.13281860488984307
23.0,implicit,0.8571428571428571,0.0,-0.13281860488984307
23.0,implicit,0.8571428571428571,0.07142857142857142,0.02995860409346217
23.0,implicit,0.8571428571428571,0.14285714285714285,0.07947375377820144
23.0,implicit,0.8571428571428571,0.21428571428571427,0.12129183368870582
23.0,implicit,0.8571428571428571,0.2857142857142857,0.16205751518542535
23.0,implicit,0.8571428571428571,0.3571428571428571,0.20197047383448152
23.0,implicit,0.8571428571428571,0.42857142857142855,0.237522506997476
23.0,implicit,0.8571428571428571,0.5,0.25600880735430037
23.0,implicit,0.8571428571428571,0.5714285714285714,0.23752250699747546
23.0,implicit,0.8571428571428571,0.6428571428571428,0.20197047383448213
23.0,implicit,0.8571428571428571,0.7142857142857142,0.16205751518542547
23.0,implicit,0.8571428571428571,0.7857142857142857,0.12129183368870591
23.0,implicit,0.8571428571428571,0.8571428571428571,0.07947375377820148
23.0,implicit,0.8571428571428571,0.9285714285714285,0.029958604093462182
23.0,implicit,0.8571428571428571,1.0,-0.13281860488984307
23.0,implicit,0.9285714285714285,0.0,-0.13281860488984307
23.0,implicit,0.9285714285714285,0.07142857142857142,0.0023503727676544243
23.0,implicit,0.9285714285714285,0.14285714285714285,0.029958604093462217
23.0,implicit,0.9285714285714285,0.21428571428571427,0.051178782207498524
23.0,implicit,0.9285714285714285,0.2857142857142857,0.07159245488964544
23.0,implicit,0.9285714285714285,0.3571428571428571,0.0915503614312052
23.0,implicit,0.9285714285714285,0.42857142857142855,0.10932646106268226
23.0,implicit,0.9285714285714285,0.5,0.11856970160650601
23.0,implicit,0.9285714285714285,0.5714285714285714,0.10932646106268203
23.0,implicit,0.9285714285714285,0.6428571428571428,0.09155036143120497
23.0,implicit,0.9285714285714285,0.7142857142857142,0.07159245488964544
23.0,implicit,0.9285714285714285,0.7857142857142857,0.05117878220749856
23.0,implicit,0.9285714285714285,0.8571428571428571,0.029958604093462238
23.0,implicit,0.9285714285714285,0.9285714285714285,0.00235037276765444
23.0,implicit,0.9285714285714285,1.0,-0.13281860488984307
23.0,implicit,1.0,0.0,-0.13281860488984307
23.0,implicit,1.0,0.07142857142857142,-0.13281860488984307
23.0,implicit,1.0,0.14285714285714285,-0.13281860488984307
23.0,implicit,1.0,0.21428571428571427,-0.13281860488984307
23.0,implicit,1.0,0.2857142857142857,-0.13281860488984307
23.0,implicit,1.0,0.3571428571428571,-0.13281860488984307
23.0,implicit,1.0,0.42857142857142855,-0.13281860488984307
23.0,implicit,1.0,0.5,-0.13281860488984307
23.0,implicit,1.0,0.5714285714285714,-0.13281860488984307
23.0,implicit,1.0,0.6428571428571428,-0.13281860488984307
23.0,implicit,1.0,0.7142857142857142,-0.13281860488984307
23.0,implicit,1.0,0.7857142857142857,-0.13281860488984307
23.0,implicit,1.0,0.8571428571428571,-0.13281860488984307
23.0,implicit,1.0,0.9285714285714285,-0.13281860488984307
23.0,implicit,1.0,1.0,-0.13281860488984307
24.0,implicit,0.0,0.0,0.07384665799954104
24.0,implicit,0.0,0.07142857142857142,0.07384665799954104
24.0,implicit,0.0,0.14285714285714285,0.07384665799954104
24.0,implicit,0.0,0.21428571428571427,0.07384665799954104
24.0,implicit,0.0,0.2857142857142857,0.07384665799954104
24.0,implicit,0.0,0.3571428571428571,0.07384665799954104
24.0,implicit,0.0,0.42857142857142855,0.07384665799954104
24.0,implicit,0.0,0.5,0.07384665799954104
24.0,implicit,0.0,0.5714285714285714,0.07384665799954104
24.0,implicit,0.0,0.6428571428571428,0.07384665799954104
24.0,implicit,0.0,0.7142857142857142,0.07384665799954104
24.0,implicit,0.0,0.7857142857142857,0.07384665799954104
24.0,implicit,0.0,0.8571428571428571,0.07384665799954104
24.0,implicit,0.0,0.9285714285714285,0.07384665799954104
24.0,implicit,0.0,1.0,0.07384665799954104
24.0,implicit,0.07142857142857142,0.0,0.07384665799954104
24.0,implicit,0.07142857142857142,0.07142857142857142,0.00608292499320329
24.0,implicit,0.07142857142857142,0.14285714285714285,0.03157715136005092
24.0,implicit,0.07142857142857142,0.21428571428571427,0.05288914863732016
24.0,implicit,0.07142857142857142,0.2857142857142857,0.07331118797301048
24.0,implicit,0.07142857142857142,0.3571428571428571,0.0932203224369252
24.0,implicit,0.07142857142857142,0.42857142857142855,0.11082322909680131
24.0,implicit,0.07142857142857142,0.5,0.1198064157040447
24.0,implicit,0.07142857142857142,0.5714285714285714,0.11082322909680113
24.0,implicit,0.07142857142857142,0.6428571428571428,0.09322032243692506
24.0,implicit,0.07142857142857142,0.7142857142857142,0.07331118797301052
24.0,implicit,0.07142857142857142,0.7857142857142857,0.05288914863732017
24.0,implicit,0.07142857142857142,0.8571428571428571,0.03157715136005092
24.0,implicit,0.07142857142857142,0.9285714285714285,0.006082924993203301
24.0,implicit,0.07142857142857142,1.0,0.07384665799954104
24.0,implicit,0.14285714285714285,0.0,0.07384665799954104
24.0,implicit,0.14285714285714285,0.07142857142857142,0.031577151360050924
24.0,implicit,0.14285714285714285,0.14285714285714285,0.0791291749422864
24.0,implicit,0.14285714285714285,0.21428571428571427,0.1210819038115904
24.0,implicit,0.14285714285714285,0.2857142857142857,0.16185311019508788
24.0,implicit,0.14285714285714285,0.3571428571428571,0.20166688436724076
24.0,implicit,0.14285714285714285,0.42857142857142855,0.23687229892911973
24.0,implicit,0.14285714285714285,0.5,0.25483843330929484
24.0,implicit,0.14285714285714285,0.5714285714285714,0.23687229892911923
24.0,implicit,0.14285714285714285,0.6428571428571428,0.20166688436724015
24.0,implicit,0.14285714285714285,0.7142857142857142,0.16185311019508777
24.0,implicit,0.14285714285714285,0.7857142857142857,0.12108190381159041
24.0,implicit,0.14285714285714285,0.8571428571428571,0.07912917494228641
24.0,implicit,0.14285714285714285,0.9285714285714285,0.03157715136005096
24.0,implicit,0.14285714285714285,1.0,0.07384665799954104
24.0,implicit,0.21428571428571427,0.0,0.07384665799954104
24.0,implicit,0.21428571428571427,0.07142857142857142,0.05288914863731997
24.0,implicit,0.21428571428571427,0.14285714285714285,0.12108190381159033
24.0,implicit,0.21428571428571427,0.21428571428571427,0.18344639892514453
24.0,implicit,0.21428571428571427,0.2857142857142857,0.2445434286637277
24.0,implicit,0.21428571428571427,0.3571428571428571,0.3042556069199669
24.0,implicit,0.21428571428571427,0.42857142857142855,0.35705771419531396
24.0,implicit,0.21428571428571427,0.5,0.384003776414812
24.0,implicit,0.21428571428571427,0.5714285714285714,0.35705771419531257
24.0,implicit,0.21428571428571427,0.6428571428571428,0.30425560691996667
24.0,implicit,0.21428571428571427,0.7142857142857142,0.24454342866372775
24.0,implicit,0.21428571428571427,0.7857142857142857,0.18344639892514458
24.0,implicit,0.21428571428571427,0.8571428571428571,0.12108190381159034
24.0,implicit,0.21428571428571427,0.9285714285714285,0.05288914863732001
24.0,implicit,0.21428571428571427,1.0,0.07384665799954104
24.0,implicit,0.2857142857142857,0.0,0.07384665799954104
24.0,implicit,0.2857142857142857,0.07142857142857142,0.07331118797301019
24.0,implicit,0.2857142857142857,0.14285714285714285,0.1618531101950877
24.0,implicit,0.2857142857142857,0.21428571428571427,0.2445434286637275
24.0,implicit,0.2857142857142857,0.2857142857142857,0.32590628732409366
24.0,implicit,0.2857142857142857,0.3571428571428571,0.40545755876659123
24.0,implicit,0.2857142857142857,0.42857142857142855,0.47580372923319647
24.0,implicit,0.2857142857142857,0.5,0.5117034720984212
24.0,implicit,0.2857142857142857,0.5714285714285714,0.4758037292331972
24.0,implicit,0.2857142857142857,0.6428571428571428,0.4054575587665913
24.0,implicit,0.2857142857142857,0.7142857142857142,0.3259062873240937
24.0,implicit,0.2857142857142857,0.7857142857142857,0.24454342866372755
24.0,implicit,0.2857142857142857,0.8571428571428571,0.16185311019508775
24.0,implicit,0.2857142857142857,0.9285714285714285,0.07331118797301021
24.0,implicit,0.2857142857142857,1.0,0.07384665799954104
24.0,implicit,0.3571428571428571,0.0,0.07384665799954104
24.0,implicit,0.3571428571428571,0.07142857142857142,0.09322032243692491
24.0,implicit,0.3571428571428571,0.14285714285714285,0.20166688436723956
24.0,implicit,0.3571428571428571,0.21428571428571427,0.304255606919966
24.0,implicit,0.3571428571428571,0.2857142857142857,0.4054575587665888
24.0,implicit,0.3571428571428571,0.3571428571428571,0.504429990924122
24.0,implicit,0.3571428571428571,0.42857142857142855,0.5919530459376635
24.0,implicit,0.3571428571428571,0.5,0.6366223957242099
24.0,implicit,0.3571428571428571,0.5714285714285714,0.5919530459376647
24.0,implicit,0.3571428571428571,0.6428571428571428,0.5044299909241219
24.0,implicit,0.3571428571428571,0.7142857142857142,0.4054575587665886
24.0,implicit,0.3571428571428571,0.7857142857142857,0.30425560691996595
24.0,implicit,0.3571428571428571,0.8571428571428571,0.20166688436723934
24.0,implicit,0.3571428571428571,0.9285714285714285,0.0932203224369249
24.0,implicit,0.3571428571428571,1.0,0.07384665799954104
24.0,implicit,0.42857142857142855,0.0,0.07384665799954104
24.0,implicit,0.42857142857142855,0.07142857142857142,0.11082322909680148
24.0,implicit,0.42857142857142855,0.14285714285714285,0.23687229892911932
24.0,implicit,0.42857142857142855,0.21428571428571427,0.35705771419531285
24.0,implicit,0.42857142857142855,0.2857142857142857,0.4758037292331976
24.0,implicit,0.42857142857142855,0.3571428571428571,0.591953045937666
24.0,implicit,0.42857142857142855,0.42857142857142855,0.6946760154288733
24.0,implicit,0.42857142857142855,0.5,0.7471158885301565
24.0,implicit,0.42857142857142855,0.5714285714285714,0.6946760154288709
24.0,implicit,0.42857142857142855,0.6428571428571428,0.5919530459376647
24.0,implicit,0.42857142857142855,0.7142857142857142,0.4758037292331964
24.0,implicit,0.42857142857142855,0.7857142857142857,0.35705771419531246
24.0,implicit,0.42857142857142855,0.8571428571428571,0.23687229892911943
24.0,implicit,0.42857142857142855,0.9285714285714285,0.11082322909680153
24.0,implicit,0.42857142857142855,1.0,0.07384665799954104
24.0,implicit,0.5,0.0,0.07384665799954104
24.0,implicit,0.5,0.07142857142857142,0.11980641570404475
24.0,implicit,0.5,0.14285714285714285,0.25483843330929534
24.0,implicit,0.5,0.21428571428571427,0.3840037764148139
24.0,implicit,0.5,0.2857142857142857,0.5117034720984234
24.0,implicit,0.5,0.3571428571428571,0.636622395724211
24.0,implicit,0.5,0.42857142857142855,0.7471158885301554
24.0,implicit,0.5,0.5,0.8035416516043393
24.0,implicit,0.5,0.5714285714285714,0.7471158885301571
24.0,implicit,0.5,0.6428571428571428,0.6366223957242082
24.0,implicit,0.5,0.7142857142857142,0.5117034720984203
24.0,implicit,0.5,0.7857142857142857,0.38400377641481376
24.0,implicit,0.5,0.8571428571428571,0.25483843330929556
24.0,implicit,0.5,0.9285714285714285,0.11980641570404482
24.0,implicit,0.5,1.0,0.07384665799954104
24.0,implicit,0.5714285714285714,0.0,0.07384665799954104
24.0,implicit,0.5714285714285714,0.07142857142857142,0.11082322909680113
24.0,implicit,0.5714285714285714,0.14285714285714285,0.2368722989291195
24.0,implicit,0.5714285714285714,0.21428571428571427,0.357057714195314
24.0,implicit,0.5714285714285714,0.2857142857142857,0.4758037292331983
24.0,implicit,0.5714285714285714,0.3571428571428571,0.5919530459376666
24.0,implicit,0.5714285714285714,0.42857142857142855,0.6946760154288725
24.0,implicit,0.5714285714285714,0.5,0.7471158885301594
24.0,implicit,0.5714285714285714,0.5714285714285714,0.6946760154288739
24.0,implicit,0.5714285714285714,0.6428571428571428,0.591953045937667
24.0,implicit,0.5714285714285714,0.7142857142857142,0.47580372923319947
24.0,implicit,0.5714285714285714,0.7857142857142857,0.35705771419531396
24.0,implicit,0.5714285714285714,0.8571428571428571,0.23687229892911996
24.0,implicit,0.5714285714285714,0.9285714285714285,0.1108232290968013
24.0,implicit,0.5714285714285714,1.0,0.07384665799954104
24.0,implicit,0.6428571428571428,0.0,0.07384665799954104
24.0,implicit,0.6428571428571428,0.07142857142857142,0.09322032243692507
24.0,implicit,0.6428571428571428,0.14285714285714285,0.20166688436724153
24.0,implicit,0.6428571428571428,0.21428571428571427,0.3042556069199671
24.0,implicit,0.6428571428571428,0.2857142857142857,0.40545755876659184
24.0,implicit,0.6428571428571428,0.3571428571428571,0.5044299909241223
24.0,implicit,0.6428571428571428,0.42857142857142855,0.5919530459376653
24.0,implicit,0.6428571428571428,0.5,0.6366223957242092
24.0,implicit,0.6428571428571428,0.5714285714285714,0.591953045937667
24.0,implicit,0.6428571428571428,0.6428571428571428,0.5044299909241231
24.0,implicit,0.6428571428571428,0.7142857142857142,0.4054575587665924
24.0,implicit,0.6428571428571428,0.7857142857142857,0.304255606919967
24.0,implicit,0.6428571428571428,0.8571428571428571,0.20166688436724037
24.0,implicit,0.6428571428571428,0.9285714285714285,0.09322032243692492
24.0,implicit,0.6428571428571428,1.0,0.07384665799954104
24.0,implicit,0.7142857142857142,0.0,0.07384665799954104
24.0,implicit,0.7142857142857142,0.07142857142857142,0.07331118797301052
24.0,implicit,0.7142857142857142,0.14285714285714285,0.161853110195088
24.0,implicit,0.7142857142857142,0.21428571428571427,0.24454342866372797
24.0,implicit,0.7142857142857142,0.2857142857142857,0.32590628732409427
24.0,implicit,0.7142857142857142,0.3571428571428571,0.4054575587665904
24.0,implicit,0.7142857142857142,0.42857142857142855,0.4758037292331971
24.0,implicit,0.7142857142857142,0.5,0.5117034720984225
24.0,implicit,0.7142857142857142,0.5714285714285714,0.4758037292331964
24.0,implicit,0.7142857142857142,0.6428571428571428,0.4054575587665898
24.0,implicit,0.7142857142857142,0.7142857142857142,0.3259062873240942
24.0,implicit,0.7142857142857142,0.7857142857142857,0.24454342866372789
24.0,implicit,0.7142857142857142,0.8571428571428571,0.1618531101950878
24.0,implicit,0.7142857142857142,0.9285714285714285,0.07331118797301049
24.0,implicit,0.7142857142857142,1.0,0.07384665799954104
24.0,implicit,0.7857142857142857,0.0,0.07384665799954104
24.0,implicit,0.7857142857142857,0.07142857142857142,0.05288914863732017
24.0,implicit,0.7857142857142857,0.14285714285714285,0.12108190381159041
24.0,implicit,0.7857142857142857,0.21428571428571427,0.18344639892514458
24.0,implicit,0.7857142857142857,0.2857142857142857,0.2445434286637277
24.0,implicit,0.7857142857142857,0.3571428571428571,0.30425560691996634
24.0,implicit,0.7857142857142857,0.42857142857142855,0.35705771419531246
24.0,implicit,0.7857142857142857,0.5,0.38400377641481265
24.0,implicit,0.7857142857142857,0.5714285714285714,0.35705771419531174
24.0,implicit,0.7857142857142857,0.6428571428571428,0.30425560691996617
24.0,implicit,0.7857142857142857,0.7142857142857142,0.24454342866372775
24.0,implicit,0.7857142857142857,0.7857142857142857,0.1834463989251446
24.0,implicit,0.7857142857142857,0.8571428571428571,0.12108190381159044
24.0,implicit,0.7857142857142857,0.9285714285714285,0.05288914863732019
24.0,implicit,0.7857142857142857,1.0,0.07384665799954104
24.0,implicit,0.8571428571428571,0.0,0.07384665799954104
24.0,implicit,0.8571428571428571,0.07142857142857142,0.03157715136005092
24.0,implicit,0.8571428571428571,0.14285714285714285,0.07912917494228641
24.0,implicit,0.8571428571428571,0.21428571428571427,0.12108190381159034
24.0,implicit,0.8571428571428571,0.2857142857142857,0.16185311019508775
24.0,implicit,0.8571428571428571,0.3571428571428571,0.2016668843672394
24.0,implicit,0.8571428571428571,0.42857142857142855,0.23687229892911926
24.0,implicit,0.8571428571428571,0.5,0.25483843330929506
24.0,implicit,0.8571428571428571,0.5714285714285714,0.23687229892911874
24.0,implicit,0.8571428571428571,0.6428571428571428,0.20166688436724003
24.0,implicit,0.8571428571428571,0.7142857142857142,0.1618531101950879
24.0,implicit,0.8571428571428571,0.7857142857142857,0.12108190381159042
24.0,implicit,0.8571428571428571,0.8571428571428571,0.07912917494228647
24.0,implicit,0.8571428571428571,0.9285714285714285,0.031577151360050924
24.0,implicit,0.8571428571428571,1.0,0.07384665799954104
24.0,implicit,0.9285714285714285,0.0,0.07384665799954104
24.0,implicit,0.9285714285714285,0.07142857142857142,0.006082924993203301
24.0,implicit,0.9285714285714285,0.14285714285714285,0.03157715136005096
24.0,implicit,0.9285714285714285,0.21428571428571427,0.05288914863732001
24.0,implicit,0.9285714285714285,0.2857142857142857,0.07331118797301023
24.0,implicit,0.9285714285714285,0.3571428571428571,0.0932203224369251
24.0,implicit,0.9285714285714285,0.42857142857142855,0.11082322909680155
24.0,implicit,0.9285714285714285,0.5,0.11980641570404477
24.0,implicit,0.9285714285714285,0.5714285714285714,0.11082322909680128
24.0,implicit,0.9285714285714285,0.6428571428571428,0.09322032243692487
24.0,implicit,0.9285714285714285,0.7142857142857142,0.07331118797301023
24.0,implicit,0.9285714285714285,0.7857142857142857,0.05288914863732004
24.0,implicit,0.9285714285714285,0.8571428571428571,0.03157715136005097
24.0,implicit,0.9285714285714285,0.9285714285714285,0.0060829249932033164
24.0,implicit,0.9285714285714285,1.0,0.07384665799954104
24.0,implicit,1.0,0.0,0.07384665799954104
24.0,implicit,1.0,0.07142857142857142,0.07384665799954104
24.0,implicit,1.0,0.14285714285714285,0.07384665799954104
24.0,implicit,1.0,0.21428571428571427,0.07384665799954104
24.0,implicit,1.0,0.2857142857142857,0.07384665799954104
24.0,implicit,1.0,0.3571428571428571,0.07384665799954104
24.0,implicit,1.0,0.42857142857142855,0.07384665799954104
24.0,implicit,1.0,0.5,0.07384665799954104
24.0,implicit,1.0,0.5714285714285714,0.07384665799954104
24.0,implicit,1.0,0.6428571428571428,0.07384665799954104
24.0,implicit,1.0,0.7142857142857142,0.07384665799954104
24.0,implicit,1.0,0.7857142857142857,0.07384665799954104
24.0,implicit,1.0,0.8571428571428571,0.07384665799954104
24.0,implicit,1.0,0.9285714285714285,0.07384665799954104
24.0,implicit,1.0,1.0,0.07384665799954104
25.0,implicit,0.0,0.0,-0.011564828238824054
25.0,implicit,0.0,0.07142857142857142,-0.011564828238824054
25.0,implicit,0.0,0.14285714285714285,-0.011564828238824054
25.0,implicit,0.0,0.21428571428571427,-0.011564828238824054
25.0,implicit,0.0,0.2857142857142857,-0.011564828238824054
25.0,implicit,0.0,0.3571428571428571,-0.011564828238824054
25.0,implicit,0.0,0.42857142857142855,-0.011564828238824054
25.0,implicit,0.0,0.5,-0.011564828238824054
25.0,implicit,0.0,0.5714285714285714,-0.011564828238824054
25.0,implicit,0.0,0.6428571428571428,-0.011564828238824054
25.0,implicit,0.0,0.7142857142857142,-0.011564828238824054
25.0,implicit,0.0,0.7857142857142857,-0.011564828238824054
25.0,implicit,0.0,0.8571428571428571,-0.011564828238824054
25.0,implicit,0.0,0.9285714285714285,-0.011564828238824054
25.0,implicit,0.0,1.0,-0.011564828238824054
25.0,implicit,0.07142857142857142,0.0,-0.011564828238824054
25.0,implicit,0.07142857142857142,0.07142857142857142,0.007206128146179993
25.0,implicit,0.07142857142857142,0.14285714285714285,0.03196826931008837
25.0,implicit,0.07142857142857142,0.21428571428571427,0.05333203277047809
25.0,implicit,0.07142857142857142,0.2857142857142857,0.07376190483069206
25.0,implicit,0.07142857142857142,0.3571428571428571,0.0936204659837847
25.0,implicit,0.07142857142857142,0.42857142857142855,0.11105143711029984
25.0,implicit,0.07142857142857142,0.5,0.1197902439892563
25.0,implicit,0.07142857142857142,0.5714285714285714,0.1110514371102997
25.0,implicit,0.07142857142857142,0.6428571428571428,0.09362046598378455
25.0,implicit,0.07142857142857142,0.7142857142857142,0.07376190483069207
25.0,implicit,0.07142857142857142,0.7857142857142857,0.053332032770478106
25.0,implicit,0.07142857142857142,0.8571428571428571,0.03196826931008838
25.0,implicit,0.07142857142857142,0.9285714285714285,0.007206128146180005
25.0,implicit,0.07142857142857142,1.0,-0.011564828238824054
25.0,implicit,0.14285714285714285,0.0,-0.011564828238824054
25.0,implicit,0.14285714285714285,0.07142857142857142,0.03196826931008838
25.0,implicit,0.14285714285714285,0.14285714285714285,0.0788589892732286
25.0,implicit,0.14285714285714285,0.21428571428571427,0.12090563850534504
25.0,implicit,0.14285714285714285,0.2857142857142857,0.16168181452651642
25.0,implicit,0.14285714285714285,0.3571428571428571,0.20139263531021828
25.0,implicit,0.14285714285714285,0.42857142857142855,0.23625389440088748
25.0,implicit,0.14285714285714285,0.5,0.2537311993849797
25.0,implicit,0.14285714285714285,0.5714285714285714,0.23625389440088698
25.0,implicit,0.14285714285714285,0.6428571428571428,0.20139263531021762
25.0,implicit,0.14285714285714285,0.7142857142857142,0.16168181452651634
25.0,implicit,0.14285714285714285,0.7857142857142857,0.12090563850534507
25.0,implicit,0.14285714285714285,0.8571428571428571,0.07885898927322861
25.0,implicit,0.14285714285714285,0.9285714285714285,0.031968269310088414
25.0,implicit,0.14285714285714285,1.0,-0.011564828238824054
25.0,implicit,0.21428571428571427,0.0,-0.011564828238824054
25.0,implicit,0.21428571428571427,0.07142857142857142,0.053332032770477905
25.0,implicit,0.21428571428571427,0.14285714285714285,0.12090563850534496
25.0,implicit,0.21428571428571427,0.21428571428571427,0.18337249050703683
25.0,implicit,0.21428571428571427,0.2857142857142857,0.24446358711343524
25.0,implicit,0.21428571428571427,0.3571428571428571,0.3040183364875095
25.0,implicit,0.21428571428571427,0.42857142857142855,0.3563028910068434
25.0,implicit,0.21428571428571427,0.5,0.38251516648828376
25.0,implicit,0.21428571428571427,0.5714285714285714,0.35630289100684215
25.0,implicit,0.21428571428571427,0.6428571428571428,0.30401833648750914
25.0,implicit,0.21428571428571427,0.7142857142857142,0.2444635871134353
25.0,implicit,0.21428571428571427,0.7857142857142857,0.18337249050703688
25.0,implicit,0.21428571428571427,0.8571428571428571,0.12090563850534497
25.0,implicit,0.21428571428571427,0.9285714285714285,0.05333203277047794
25.0,implicit,0.21428571428571427,1.0,-0.011564828238824054
25.0,implicit,0.2857142857142857,0.0,-0.011564828238824054
25.0,implicit,0.2857142857142857,0.07142857142857142,0.07376190483069175
25.0,implicit,0.2857142857142857,0.14285714285714285,0.16168181452651623
25.0,implicit,0.2857142857142857,0.21428571428571427,0.24446358711343508
25.0,implicit,0.2857142857142857,0.2857142857142857,0.3257991382139566
25.0,implicit,0.2857142857142857,0.3571428571428571,0.40512979609632493
25.0,implicit,0.2857142857142857,0.42857142857142855,0.4747778827045131
25.0,implicit,0.2857142857142857,0.5,0.5096958052247436
25.0,implicit,0.2857142857142857,0.5714285714285714,0.474777882704514
25.0,implicit,0.2857142857142857,0.6428571428571428,0.405129796096325
25.0,implicit,0.2857142857142857,0.7142857142857142,0.3257991382139567
25.0,implicit,0.2857142857142857,0.7857142857142857,0.2444635871134351
25.0,implicit,0.2857142857142857,0.8571428571428571,0.16168181452651628
25.0,implicit,0.2857142857142857,0.9285714285714285,0.07376190483069178
25.0,implicit,0.2857142857142857,1.0,-0.011564828238824054
25.0,implicit,0.3571428571428571,0.0,-0.011564828238824054
25.0,implicit,0.3571428571428571,0.07142857142857142,0.09362046598378444
25.0,implicit,0.3571428571428571,0.14285714285714285,0.20139263531021692
25.0,implicit,0.3571428571428571,0.21428571428571427,0.30401833648750853
25.0,implicit,0.3571428571428571,0.2857142857142857,0.4051297960963223
25.0,implicit,0.3571428571428571,0.3571428571428571,0.5037786870830687
25.0,implicit,0.3571428571428571,0.42857142857142855,0.5903909956569555
25.0,implicit,0.3571428571428571,0.5,0.6338176594598685
25.0,implicit,0.3571428571428571,0.5714285714285714,0.5903909956569569
25.0,implicit,0.3571428571428571,0.6428571428571428,0.5037786870830692
25.0,implicit,0.3571428571428571,0.7142857142857142,0.40512979609632216
25.0,implicit,0.3571428571428571,0.7857142857142857,0.3040183364875085
25.0,implicit,0.3571428571428571,0.8571428571428571,0.20139263531021673
25.0,implicit,0.3571428571428571,0.9285714285714285,0.09362046598378447
25.0,implicit,0.3571428571428571,1.0,-0.011564828238824054
25.0,implicit,0.42857142857142855,0.0,-0.011564828238824054
25.0,implicit,0.42857142857142855,0.07142857142857142,0.11105143711030004
25.0,implicit,0.42857142857142855,0.14285714285714285,0.236253894400887
25.0,implicit,0.42857142857142855,0.21428571428571427,0.35630289100684237
25.0,implicit,0.42857142857142855,0.2857142857142857,0.47477788270451443
25.0,implicit,0.42857142857142855,0.3571428571428571,0.5903909956569582
25.0,implicit,0.42857142857142855,0.42857142857142855,0.6919083322463456
25.0,implicit,0.42857142857142855,0.5,0.7428206045147842
25.0,implicit,0.42857142857142855,0.5714285714285714,0.6919083322463434
25.0,implicit,0.42857142857142855,0.6428571428571428,0.5903909956569569
25.0,implicit,0.42857142857142855,0.7142857142857142,0.47477788270451327
25.0,implicit,0.42857142857142855,0.7857142857142857,0.3563028910068419
25.0,implicit,0.42857142857142855,0.8571428571428571,0.2362538944008871
25.0,implicit,0.42857142857142855,0.9285714285714285,0.11105143711030006
25.0,implicit,0.42857142857142855,1.0,-0.011564828238824054
25.0,implicit,0.5,0.0,-0.011564828238824054
25.0,implicit,0.5,0.07142857142857142,0.11979024398925635
25.0,implicit,0.5,0.14285714285714285,0.2537311993849802
25.0,implicit,0.5,0.21428571428571427,0.3825151664882857
25.0,implicit,0.5,0.2857142857142857,0.5096958052247457
25.0,implicit,0.5,0.3571428571428571,0.6338176594598697
25.0,implicit,0.5,0.42857142857142855,0.7428206045147834
25.0,implicit,0.5,0.5,0.797504286720015
25.0,implicit,0.5,0.5714285714285714,0.7428206045147852
25.0,implicit,0.5,0.6428571428571428,0.6338176594598667
25.0,implicit,0.5,0.7142857142857142,0.5096958052247427
25.0,implicit,0.5,0.7857142857142857,0.3825151664882854
25.0,implicit,0.5,0.8571428571428571,0.2537311993849804
25.0,implicit,0.5,0.9285714285714285,0.11979024398925643
25.0,implicit,0.5,1.0,-0.011564828238824054
25.0,implicit,0.5714285714285714,0.0,-0.011564828238824054
25.0,implicit,0.5714285714285714,0.07142857142857142,0.11105143711029968
25.0,implicit,0.5714285714285714,0.14285714285714285,0.23625389440088726
25.0,implicit,0.5714285714285714,0.21428571428571427,0.3563028910068434
25.0,implicit,0.5714285714285714,0.2857142857142857,0.4747778827045151
25.0,implicit,0.5714285714285714,0.3571428571428571,0.590390995656959
25.0,implicit,0.5714285714285714,0.42857142857142855,0.6919083322463452
25.0,implicit,0.5714285714285714,0.5,0.7428206045147876
25.0,implicit,0.5714285714285714,0.5714285714285714,0.6919083322463465
25.0,implicit,0.5714285714285714,0.6428571428571428,0.5903909956569591
25.0,implicit,0.5714285714285714,0.7142857142857142,0.4747778827045163
25.0,implicit,0.5714285714285714,0.7857142857142857,0.35630289100684354
25.0,implicit,0.5714285714285714,0.8571428571428571,0.23625389440088773
25.0,implicit,0.5714285714285714,0.9285714285714285,0.11105143711029983
25.0,implicit,0.5714285714285714,1.0,-0.011564828238824054
25.0,implicit,0.6428571428571428,0.0,-0.011564828238824054
25.0,implicit,0.6428571428571428,0.07142857142857142,0.09362046598378458
25.0,implicit,0.6428571428571428,0.14285714285714285,0.201392635310219
25.0,implicit,0.6428571428571428,0.21428571428571427,0.30401833648750964
25.0,implicit,0.6428571428571428,0.2857142857142857,0.4051297960963255
25.0,implicit,0.6428571428571428,0.3571428571428571,0.5037786870830695
25.0,implicit,0.6428571428571428,0.42857142857142855,0.5903909956569576
25.0,implicit,0.6428571428571428,0.5,0.6338176594598679
25.0,implicit,0.6428571428571428,0.5714285714285714,0.5903909956569593
25.0,implicit,0.6428571428571428,0.6428571428571428,0.5037786870830705
25.0,implicit,0.6428571428571428,0.7142857142857142,0.40512979609632593
25.0,implicit,0.6428571428571428,0.7857142857142857,0.3040183364875096
25.0,implicit,0.6428571428571428,0.8571428571428571,0.20139263531021784
25.0,implicit,0.6428571428571428,0.9285714285714285,0.09362046598378443
25.0,implicit,0.6428571428571428,1.0,-0.011564828238824054
25.0,implicit,0.7142857142857142,0.0,-0.011564828238824054
25.0,implicit,0.7142857142857142,0.07142857142857142,0.0737619048306921
25.0,implicit,0.7142857142857142,0.14285714285714285,0.1616818145265166
25.0,implicit,0.7142857142857142,0.21428571428571427,0.2444635871134355
25.0,implicit,0.7142857142857142,0.2857142857142857,0.3257991382139571
25.0,implicit,0.7142857142857142,0.3571428571428571,0.405129796096324
25.0,implicit,0.7142857142857142,0.42857142857142855,0.47477788270451393
25.0,implicit,0.7142857142857142,0.5,0.5096958052247449
25.0,implicit,0.7142857142857142,0.5714285714285714,0.4747778827045131
25.0,implicit,0.7142857142857142,0.6428571428571428,0.4051297960963234
25.0,implicit,0.7142857142857142,0.7142857142857142,0.3257991382139572
25.0,implicit,0.7142857142857142,0.7857142857142857,0.24446358711343544
25.0,implicit,0.7142857142857142,0.8571428571428571,0.16168181452651634
25.0,implicit,0.7142857142857142,0.9285714285714285,0.07376190483069205
25.0,implicit,0.7142857142857142,1.0,-0.011564828238824054
25.0,implicit,0.7857142857142857,0.0,-0.011564828238824054
25.0,implicit,0.7857142857142857,0.07142857142857142,0.053332032770478106
25.0,implicit,0.7857142857142857,0.14285714285714285,0.12090563850534508
25.0,implicit,0.7857142857142857,0.21428571428571427,0.1833724905070369
25.0,implicit,0.7857142857142857,0.2857142857142857,0.24446358711343524
25.0,implicit,0.7857142857142857,0.3571428571428571,0.304018336487509
25.0,implicit,0.7857142857142857,0.42857142857142855,0.3563028910068419
25.0,implicit,0.7857142857142857,0.5,0.3825151664882843
25.0,implicit,0.7857142857142857,0.5714285714285714,0.3563028910068413
25.0,implicit,0.7857142857142857,0.6428571428571428,0.3040183364875088
25.0,implicit,0.7857142857142857,0.7142857142857142,0.2444635871134353
25.0,implicit,0.7857142857142857,0.7857142857142857,0.1833724905070369
25.0,implicit,0.7857142857142857,0.8571428571428571,0.1209056385053451
25.0,implicit,0.7857142857142857,0.9285714285714285,0.05333203277047812
25.0,implicit,0.7857142857142857,1.0,-0.011564828238824054
25.0,implicit,0.8571428571428571,0.0,-0.011564828238824054
25.0,implicit,0.8571428571428571,0.07142857142857142,0.03196826931008838
25.0,implicit,0.8571428571428571,0.14285714285714285,0.07885898927322862
25.0,implicit,0.8571428571428571,0.21428571428571427,0.12090563850534497
25.0,implicit,0.8571428571428571,0.2857142857142857,0.16168181452651628
25.0,implicit,0.8571428571428571,0.3571428571428571,0.20139263531021678
25.0,implicit,0.8571428571428571,0.42857142857142855,0.23625389440088695
25.0,implicit,0.8571428571428571,0.5,0.25373119938497996
25.0,implicit,0.8571428571428571,0.5714285714285714,0.23625389440088645
25.0,implicit,0.8571428571428571,0.6428571428571428,0.20139263531021745
25.0,implicit,0.8571428571428571,0.7142857142857142,0.16168181452651645
25.0,implicit,0.8571428571428571,0.7857142857142857,0.12090563850534507
25.0,implicit,0.8571428571428571,0.8571428571428571,0.0788589892732287
25.0,implicit,0.8571428571428571,0.9285714285714285,0.03196826931008839
25.0,implicit,0.8571428571428571,1.0,-0.011564828238824054
25.0,implicit,0.9285714285714285,0.0,-0.011564828238824054
25.0,implicit,0.9285714285714285,0.07142857142857142,0.007206128146180005
25.0,implicit,0.9285714285714285,0.14285714285714285,0.031968269310088414
25.0,implicit,0.9285714285714285,0.21428571428571427,0.05333203277047794
25.0,implicit,0.9285714285714285,0.2857142857142857,0.0737619048306918
25.0,implicit,0.9285714285714285,0.3571428571428571,0.09362046598378468
25.0,implicit,0.9285714285714285,0.42857142857142855,0.11105143711030009
25.0,implicit,0.9285714285714285,0.5,0.11979024398925638
25.0,implicit,0.9285714285714285,0.5714285714285714,0.11105143711029981
25.0,implicit,0.9285714285714285,0.6428571428571428,0.09362046598378446
25.0,implicit,0.9285714285714285,0.7142857142857142,0.0737619048306918
25.0,implicit,0.9285714285714285,0.7857142857142857,0.05333203277047797
25.0,implicit,0.9285714285714285,0.8571428571428571,0.03196826931008843
25.0,implicit,0.9285714285714285,0.9285714285714285,0.007206128146180019
25.0,implicit,0.9285714285714285,1.0,-0.011564828238824054
25.0,implicit,1.0,0.0,-0.011564828238824054
25.0,implicit,1.0,0.07142857142857142,-0.011564828238824054
25.0,implicit,1.0,0.14285714285714285,-0.011564828238824054
25.0,implicit,1.0,0.21428571428571427,-0.011564828238824054
25.0,implicit,1.0,0.2857142857142857,-0.011564828238824054
25.0,implicit,1.0,0.3571428571428571,-0.011564828238824054
25.0,implicit,1.0,0.42857142857142855,-0.011564828238824054
25.0,implicit,1.0,0.5,-0.011564828238824054
25.0,implicit,1.0,0.5714285714285714,-0.011564828238824054
25.0,implicit,1.0,0.6428571428571428,-0.011564828238824054
25.0,implicit,1.0,0.7142857142857142,-0.011564828238824054
25.0,implicit,1.0,0.7857142857142857,-0.011564828238824054
25.0,implicit,1.0,0.8571428571428571,-0.011564828238824054
25.0,implicit,1.0,0.9285714285714285,-0.011564828238824054
25.0,implicit,1.0,1.0,-0.011564828238824054
26.0,implicit,0.0,0.0,-0.03011036955892888
26.0,implicit,0.0,0.07142857142857142,-0.03011036955892888
26.0,implicit,0.0,0.14285714285714285,-0.03011036955892888
26.0,implicit,0.0,0.21428571428571427,-0.03011036955892888
26.0,implicit,0.0,0.2857142857142857,-0.03011036955892888
26.0,implicit,0.0,0.3571428571428571,-0.03011036955892888
26.0,implicit,0.0,0.42857142857142855,-0.03011036955892888
26.0,implicit,0.0,0.5,-0.03011036955892888
26.0,implicit,0.0,0.5714285714285714,-0.03011036955892888
26.0,implicit,0.0,0.6428571428571428,-0.03011036955892888
26.0,implicit,0.0,0.7142857142857142,-0.03011036955892888
26.0,implicit,0.0,0.7857142857142857,-0.03011036955892888
26.0,implicit,0.0,0.8571428571428571,-0.03011036955892888
26.0,implicit,0.0,0.9285714285714285,-0.03011036955892888
26.0,implicit,0.0,1.0,-0.03011036955892888
26.0,implicit,0.07142857142857142,0.0,-0.03011036955892888
26.0,implicit,0.07142857142857142,0.07142857142857142,0.006873661807874749
26.0,implicit,0.07142857142857142,0.14285714285714285,0.03171798725970085
26.0,implicit,0.07142857142857142,0.21428571428571427,0.053106610632574346
26.0,implicit,0.07142857142857142,0.2857142857142857,0.073540119099568
26.0,implicit,0.07142857142857142,0.3571428571428571,0.09337275251670693
26.0,implicit,0.07142857142857142,0.42857142857142855,0.1107183153254271
26.0,implicit,0.07142857142857142,0.5,0.1193404390709335
26.0,implicit,0.07142857142857142,0.5714285714285714,0.11071831532542696
26.0,implicit,0.07142857142857142,0.6428571428571428,0.09337275251670676
26.0,implicit,0.07142857142857142,0.7142857142857142,0.073540119099568
26.0,implicit,0.07142857142857142,0.7857142857142857,0.05310661063257436
26.0,implicit,0.07142857142857142,0.8571428571428571,0.031717987259700854
26.0,implicit,0.07142857142857142,0.9285714285714285,0.0068736618078747615
26.0,implicit,0.07142857142857142,1.0,-0.03011036955892888
26.0,implicit,0.14285714285714285,0.0,-0.03011036955892888
26.0,implicit,0.14285714285714285,0.07142857142857142,0.031717987259700854
26.0,implicit,0.14285714285714285,0.14285714285714285,0.07872440335596853
26.0,implicit,0.14285714285714285,0.21428571428571427,0.12081653710965932
26.0,implicit,0.14285714285714285,0.2857142857142857,0.1615948743590212
26.0,implicit,0.14285714285714285,0.3571428571428571,0.20125288136552835
26.0,implicit,0.14285714285714285,0.42857142857142855,0.23594316137267388
26.0,implicit,0.14285714285714285,0.5,0.25318706033741417
26.0,implicit,0.14285714285714285,0.5714285714285714,0.2359431613726734
26.0,implicit,0.14285714285714285,0.6428571428571428,0.2012528813655277
26.0,implicit,0.14285714285714285,0.7142857142857142,0.16159487435902112
26.0,implicit,0.14285714285714285,0.7857142857142857,0.12081653710965935
26.0,implicit,0.14285714285714285,0.8571428571428571,0.07872440335596854
26.0,implicit,0.14285714285714285,0.9285714285714285,0.03171798725970088
26.0,implicit,0.14285714285714285,1.0,-0.03011036955892888
26.0,implicit,0.21428571428571427,0.0,-0.03011036955892888
26.0,implicit,0.21428571428571427,0.07142857142857142,0.05310661063257416
26.0,implicit,0.21428571428571427,0.14285714285714285,0.12081653710965924
26.0,implicit,0.21428571428571427,0.21428571428571427,0.18333334726644052
26.0,implicit,0.21428571428571427,0.2857142857142857,0.24442087759952336
26.0,implicit,0.21428571428571427,0.3571428571428571,0.3038947608875523
26.0,implicit,0.21428571428571427,0.42857142857142855,0.3559221207289266
26.0,implicit,0.21428571428571427,0.5,0.38178399484260117
26.0,implicit,0.21428571428571427,0.5714285714285714,0.3559221207289254
26.0,implicit,0.21428571428571427,0.6428571428571428,0.303894760887552
26.0,implicit,0.21428571428571427,0.7142857142857142,0.2444208775995234
26.0,implicit,0.21428571428571427,0.7857142857142857,0.18333334726644057
26.0,implicit,0.21428571428571427,0.8571428571428571,0.12081653710965926
26.0,implicit,0.21428571428571427,0.9285714285714285,0.05310661063257419
26.0,implicit,0.21428571428571427,1.0,-0.03011036955892888
26.0,implicit,0.2857142857142857,0.0,-0.03011036955892888
26.0,implicit,0.2857142857142857,0.07142857142857142,0.07354011909956769
26.0,implicit,0.2857142857142857,0.14285714285714285,0.16159487435902098
26.0,implicit,0.2857142857142857,0.21428571428571427,0.24442087759952313
26.0,implicit,0.2857142857142857,0.2857142857142857,0.3257415297855698
26.0,implicit,0.2857142857142857,0.3571428571428571,0.4049586626126254
26.0,implicit,0.2857142857142857,0.42857142857142855,0.4742596051525136
26.0,implicit,0.2857142857142857,0.5,0.5087085425125392
26.0,implicit,0.2857142857142857,0.5714285714285714,0.4742596051525145
26.0,implicit,0.2857142857142857,0.6428571428571428,0.4049586626126254
26.0,implicit,0.2857142857142857,0.7142857142857142,0.3257415297855699
26.0,implicit,0.2857142857142857,0.7857142857142857,0.24442087759952316
26.0,implicit,0.2857142857142857,0.8571428571428571,0.16159487435902103
26.0,implicit,0.2857142857142857,0.9285714285714285,0.07354011909956772
26.0,implicit,0.2857142857142857,1.0,-0.03011036955892888
26.0,implicit,0.3571428571428571,0.0,-0.03011036955892888
26.0,implicit,0.3571428571428571,0.07142857142857142,0.09337275251670664
26.0,implicit,0.3571428571428571,0.14285714285714285,0.20125288136552702
26.0,implicit,0.3571428571428571,0.21428571428571427,0.3038947608875514
26.0,implicit,0.3571428571428571,0.2857142857142857,0.4049586626126227
26.0,implicit,0.3571428571428571,0.3571428571428571,0.5034411876536621
26.0,implicit,0.3571428571428571,0.42857142857142855,0.5896002280365199
26.0,implicit,0.3571428571428571,0.5,0.6324329651586873
26.0,implicit,0.3571428571428571,0.5714285714285714,0.5896002280365216
26.0,implicit,0.3571428571428571,0.6428571428571428,0.5034411876536629
26.0,implicit,0.3571428571428571,0.7142857142857142,0.40495866261262253
26.0,implicit,0.3571428571428571,0.7857142857142857,0.30389476088755135
26.0,implicit,0.3571428571428571,0.8571428571428571,0.2012528813655268
26.0,implicit,0.3571428571428571,0.9285714285714285,0.09337275251670668
26.0,implicit,0.3571428571428571,1.0,-0.03011036955892888
26.0,implicit,0.42857142857142855,0.0,-0.03011036955892888
26.0,implicit,0.42857142857142855,0.07142857142857142,0.11071831532542727
26.0,implicit,0.42857142857142855,0.14285714285714285,0.23594316137267343
26.0,implicit,0.42857142857142855,0.21428571428571427,0.35592212072892565
26.0,implicit,0.42857142857142855,0.2857142857142857,0.47425960515251486
26.0,implicit,0.42857142857142855,0.3571428571428571,0.5896002280365231
26.0,implicit,0.42857142857142855,0.42857142857142855,0.690518833505479
26.0,implicit,0.42857142857142855,0.5,0.7407011564101973
26.0,implicit,0.42857142857142855,0.5714285714285714,0.6905188335054768
26.0,implicit,0.42857142857142855,0.6428571428571428,0.5896002280365217
26.0,implicit,0.42857142857142855,0.7142857142857142,0.4742596051525137
26.0,implicit,0.42857142857142855,0.7857142857142857,0.3559221207289252
26.0,implicit,0.42857142857142855,0.8571428571428571,0.23594316137267354
26.0,implicit,0.42857142857142855,0.9285714285714285,0.1107183153254273
26.0,implicit,0.42857142857142855,1.0,-0.03011036955892888
26.0,implicit,0.5,0.0,-0.03011036955892888
26.0,implicit,0.5,0.07142857142857142,0.11934043907093354
26.0,implicit,0.5,0.14285714285714285,0.25318706033741467
26.0,implicit,0.5,0.21428571428571427,0.38178399484260306
26.0,implicit,0.5,0.2857142857142857,0.5087085425125412
26.0,implicit,0.5,0.3571428571428571,0.6324329651586885
26.0,implicit,0.5,0.42857142857142855,0.7407011564101965
26.0,implicit,0.5,0.5,0.7945545543080769
26.0,implicit,0.5,0.5714285714285714,0.7407011564101982
26.0,implicit,0.5,0.6428571428571428,0.6324329651586855
26.0,implicit,0.5,0.7142857142857142,0.5087085425125383
26.0,implicit,0.5,0.7857142857142857,0.3817839948426027
26.0,implicit,0.5,0.8571428571428571,0.2531870603374149
26.0,implicit,0.5,0.9285714285714285,0.11934043907093363
26.0,implicit,0.5,1.0,-0.03011036955892888
26.0,implicit,0.5714285714285714,0.0,-0.03011036955892888
26.0,implicit,0.5714285714285714,0.07142857142857142,0.11071831532542692
26.0,implicit,0.5714285714285714,0.14285714285714285,0.23594316137267368
26.0,implicit,0.5714285714285714,0.21428571428571427,0.35592212072892676
26.0,implicit,0.5714285714285714,0.2857142857142857,0.4742596051525156
26.0,implicit,0.5714285714285714,0.3571428571428571,0.5896002280365237
26.0,implicit,0.5714285714285714,0.42857142857142855,0.6905188335054786
26.0,implicit,0.5714285714285714,0.5,0.7407011564102007
26.0,implicit,0.5714285714285714,0.5714285714285714,0.69051883350548
26.0,implicit,0.5714285714285714,0.6428571428571428,0.5896002280365238
26.0,implicit,0.5714285714285714,0.7142857142857142,0.4742596051525168
26.0,implicit,0.5714285714285714,0.7857142857142857,0.3559221207289267
26.0,implicit,0.5714285714285714,0.8571428571428571,0.23594316137267418
26.0,implicit,0.5714285714285714,0.9285714285714285,0.11071831532542709
26.0,implicit,0.5714285714285714,1.0,-0.03011036955892888
26.0,implicit,0.6428571428571428,0.0,-0.03011036955892888
26.0,implicit,0.6428571428571428,0.07142857142857142,0.0933727525167068
26.0,implicit,0.6428571428571428,0.14285714285714285,0.20125288136552907
26.0,implicit,0.6428571428571428,0.21428571428571427,0.30389476088755246
26.0,implicit,0.6428571428571428,0.2857142857142857,0.4049586626126259
26.0,implicit,0.6428571428571428,0.3571428571428571,0.5034411876536633
26.0,implicit,0.6428571428571428,0.42857142857142855,0.5896002280365222
26.0,implicit,0.6428571428571428,0.5,0.6324329651586869
26.0,implicit,0.6428571428571428,0.5714285714285714,0.5896002280365242
26.0,implicit,0.6428571428571428,0.6428571428571428,0.5034411876536642
26.0,implicit,0.6428571428571428,0.7142857142857142,0.40495866261262625
26.0,implicit,0.6428571428571428,0.7857142857142857,0.30389476088755246
26.0,implicit,0.6428571428571428,0.8571428571428571,0.20125288136552794
26.0,implicit,0.6428571428571428,0.9285714285714285,0.09337275251670663
26.0,implicit,0.6428571428571428,1.0,-0.03011036955892888
26.0,implicit,0.7142857142857142,0.0,-0.03011036955892888
26.0,implicit,0.7142857142857142,0.07142857142857142,0.07354011909956804
26.0,implicit,0.7142857142857142,0.14285714285714285,0.16159487435902137
26.0,implicit,0.7142857142857142,0.21428571428571427,0.2444208775995236
26.0,implicit,0.7142857142857142,0.2857142857142857,0.32574152978557036
26.0,implicit,0.7142857142857142,0.3571428571428571,0.40495866261262436
26.0,implicit,0.7142857142857142,0.42857142857142855,0.4742596051525144
26.0,implicit,0.7142857142857142,0.5,0.5087085425125406
26.0,implicit,0.7142857142857142,0.5714285714285714,0.47425960515251364
26.0,implicit,0.7142857142857142,0.6428571428571428,0.4049586626126237
26.0,implicit,0.7142857142857142,0.7142857142857142,0.3257415297855704
26.0,implicit,0.7142857142857142,0.7857142857142857,0.24442087759952358
26.0,implicit,0.7142857142857142,0.8571428571428571,0.16159487435902112
26.0,implicit,0.7142857142857142,0.9285714285714285,0.07354011909956797
26.0,implicit,0.7142857142857142,1.0,-0.03011036955892888
26.0,implicit,0.7857142857142857,0.0,-0.03011036955892888
26.0,implicit,0.7857142857142857,0.07142857142857142,0.05310661063257436
26.0,implicit,0.7857142857142857,0.14285714285714285,0.12081653710965937
26.0,implicit,0.7857142857142857,0.21428571428571427,0.1833333472664406
26.0,implicit,0.7857142857142857,0.2857142857142857,0.24442087759952333
26.0,implicit,0.7857142857142857,0.3571428571428571,0.30389476088755185
26.0,implicit,0.7857142857142857,0.42857142857142855,0.3559221207289252
26.0,implicit,0.7857142857142857,0.5,0.3817839948426017
26.0,implicit,0.7857142857142857,0.5714285714285714,0.35592212072892454
26.0,implicit,0.7857142857142857,0.6428571428571428,0.3038947608875517
26.0,implicit,0.7857142857142857,0.7142857142857142,0.24442087759952338
26.0,implicit,0.7857142857142857,0.7857142857142857,0.1833333472664406
26.0,implicit,0.7857142857142857,0.8571428571428571,0.12081653710965938
26.0,implicit,0.7857142857142857,0.9285714285714285,0.05310661063257437
26.0,implicit,0.7857142857142857,1.0,-0.03011036955892888
26.0,implicit,0.8571428571428571,0.0,-0.03011036955892888
26.0,implicit,0.8571428571428571,0.07142857142857142,0.031717987259700854
26.0,implicit,0.8571428571428571,0.14285714285714285,0.07872440335596856
26.0,implicit,0.8571428571428571,0.21428571428571427,0.12081653710965926
26.0,implicit,0.8571428571428571,0.2857142857142857,0.16159487435902103
26.0,implicit,0.8571428571428571,0.3571428571428571,0.20125288136552685
26.0,implicit,0.8571428571428571,0.42857142857142855,0.23594316137267338
26.0,implicit,0.8571428571428571,0.5,0.25318706033741445
26.0,implicit,0.8571428571428571,0.5714285714285714,0.2359431613726729
26.0,implicit,0.8571428571428571,0.6428571428571428,0.20125288136552755
26.0,implicit,0.8571428571428571,0.7142857142857142,0.16159487435902126
26.0,implicit,0.8571428571428571,0.7857142857142857,0.12081653710965937
26.0,implicit,0.8571428571428571,0.8571428571428571,0.07872440335596863
26.0,implicit,0.8571428571428571,0.9285714285714285,0.03171798725970087
26.0,implicit,0.8571428571428571,1.0,-0.03011036955892888
26.0,implicit,0.9285714285714285,0.0,-0.03011036955892888
26.0,implicit,0.9285714285714285,0.07142857142857142,0.0068736618078747615
26.0,implicit,0.9285714285714285,0.14285714285714285,0.03171798725970088
26.0,implicit,0.9285714285714285,0.21428571428571427,0.05310661063257419
26.0,implicit,0.9285714285714285,0.2857142857142857,0.07354011909956773
26.0,implicit,0.9285714285714285,0.3571428571428571,0.09337275251670686
26.0,implicit,0.9285714285714285,0.42857142857142855,0.11071831532542732
26.0,implicit,0.9285714285714285,0.5,0.11934043907093356
26.0,implicit,0.9285714285714285,0.5714285714285714,0.11071831532542707
26.0,implicit,0.9285714285714285,0.6428571428571428,0.0933727525167067
26.0,implicit,0.9285714285714285,0.7142857142857142,0.07354011909956773
26.0,implicit,0.9285714285714285,0.7857142857142857,0.05310661063257422
26.0,implicit,0.9285714285714285,0.8571428571428571,0.031717987259700896
26.0,implicit,0.9285714285714285,0.9285714285714285,0.006873661807874775
26.0,implicit,0.9285714285714285,1.0,-0.03011036955892888
26.0,implicit,1.0,0.0,-0.03011036955892888
26.0,implicit,1.0,0.07142857142857142,-0.03011036955892888
26.0,implicit,1.0,0.14285714285714285,-0.03011036955892888
26.0,implicit,1.0,0.21428571428571427,-0.03011036955892888
26.0,implicit,1.0,0.2857142857142857,-0.03011036955892888
26.0,implicit,1.0,0.3571428571428571,-0.03011036955892888
26.0,implicit,1.0,0.42857142857142855,-0.03011036955892888
26.0,implicit,1.0,0.5,-0.03011036955892888
26.0,implicit,1.0,0.5714285714285714,-0.03011036955892888
26.0,implicit,1.0,0.6428571428571428,-0.03011036955892888
26.0,implicit,1.0,0.7142857142857142,-0.03011036955892888
26.0,implicit,1.0,0.7857142857142857,-0.03011036955892888
26.0,implicit,1.0,0.8571428571428571,-0.03011036955892888
26.0,implicit,1.0,0.9285714285714285,-0.03011036955892888
26.0,implicit,1.0,1.0,-0.03011036955892888
27.0,implicit,0.0,0.0,-0.07198442083947086
27.0,implicit,0.0,0.07142857142857142,-0.07198442083947086
27.0,implicit,0.0,0.14285714285714285,-0.07198442083947086
27.0,implicit,0.0,0.21428571428571427,-0.07198442083947086
27.0,implicit,0.0,0.2857142857142857,-0.07198442083947086
27.0,implicit,0.0,0.3571428571428571,-0.07198442083947086
27.0,implicit,0.0,0.42857142857142855,-0.07198442083947086
27.0,implicit,0.0,0.5,-0.07198442083947086
27.0,implicit,0.0,0.5714285714285714,-0.07198442083947086
27.0,implicit,0.0,0.6428571428571428,-0.07198442083947086
27.0,implicit,0.0,0.7142857142857142,-0.07198442083947086
27.0,implicit,0.0,0.7857142857142857,-0.07198442083947086
27.0,implicit,0.0,0.8571428571428571,-0.07198442083947086
27.0,implicit,0.0,0.9285714285714285,-0.07198442083947086
27.0,implicit,0.0,1.0,-0.07198442083947086
27.0,implicit,0.07142857142857142,0.0,-0.07198442083947086
27.0,implicit,0.07142857142857142,0.07142857142857142,0.0021608078297137125
27.0,implicit,0.07142857142857142,0.14285714285714285,0.02909784080609732
27.0,implicit,0.07142857142857142,0.21428571428571427,0.05058179836255627
27.0,implicit,0.07142857142857142,0.2857142857142857,0.07102288826372656
27.0,implicit,0.07142857142857142,0.3571428571428571,0.09080246821818183
27.0,implicit,0.07142857142857142,0.42857142857142855,0.10797848661246442
27.0,implicit,0.07142857142857142,0.5,0.11637756947440467
27.0,implicit,0.07142857142857142,0.5714285714285714,0.10797848661246427
27.0,implicit,0.07142857142857142,0.6428571428571428,0.09080246821818164
27.0,implicit,0.07142857142857142,0.7142857142857142,0.07102288826372656
27.0,implicit,0.07142857142857142,0.7857142857142857,0.05058179836255628
27.0,implicit,0.07142857142857142,0.8571428571428571,0.029097840806097328
27.0,implicit,0.07142857142857142,0.9285714285714285,0.0021608078297137246
27.0,implicit,0.07142857142857142,1.0,-0.07198442083947086
27.0,implicit,0.14285714285714285,0.0,-0.07198442083947086
27.0,implicit,0.14285714285714285,0.07142857142857142,0.029097840806097328
27.0,implicit,0.14285714285714285,0.14285714285714285,0.07835382563866446
27.0,implicit,0.14285714285714285,0.21428571428571427,0.12058423944508459
27.0,implicit,0.14285714285714285,0.2857142857142857,0.16136711527717795
27.0,implicit,0.14285714285714285,0.3571428571428571,0.20091698749263728
27.0,implicit,0.14285714285714285,0.42857142857142855,0.23526781171077654
27.0,implicit,0.14285714285714285,0.5,0.2520655391738101
27.0,implicit,0.14285714285714285,0.5714285714285714,0.23526781171077615
27.0,implicit,0.14285714285714285,0.6428571428571428,0.20091698749263667
27.0,implicit,0.14285714285714285,0.7142857142857142,0.16136711527717787
27.0,implicit,0.14285714285714285,0.7857142857142857,0.12058423944508463
27.0,implicit,0.14285714285714285,0.8571428571428571,0.07835382563866447
27.0,implicit,0.14285714285714285,0.9285714285714285,0.02909784080609735
27.0,implicit,0.14285714285714285,1.0,-0.07198442083947086
27.0,implicit,0.21428571428571427,0.0,-0.07198442083947086
27.0,implicit,0.21428571428571427,0.07142857142857142,0.05058179836255608
27.0,implicit,0.21428571428571427,0.14285714285714285,0.12058423944508449
27.0,implicit,0.21428571428571427,0.21428571428571427,0.18324876986174987
27.0,implicit,0.21428571428571427,0.2857142857142857,0.24432882614307716
27.0,implicit,0.21428571428571427,0.3571428571428571,0.30363691854420666
27.0,implicit,0.21428571428571427,0.42857142857142855,0.355153505056574
27.0,implicit,0.21428571428571427,0.5,0.38034549413050794
27.0,implicit,0.21428571428571427,0.5714285714285714,0.35515350505657295
27.0,implicit,0.21428571428571427,0.6428571428571428,0.30363691854420644
27.0,implicit,0.21428571428571427,0.7142857142857142,0.24432882614307722
27.0,implicit,0.21428571428571427,0.7857142857142857,0.1832487698617499
27.0,implicit,0.21428571428571427,0.8571428571428571,0.12058423944508452
27.0,implicit,0.21428571428571427,0.9285714285714285,0.05058179836255612
27.0,implicit,0.21428571428571427,1.0,-0.07198442083947086
27.0,implicit,0.2857142857142857,0.0,-0.07198442083947086
27.0,implicit,0.2857142857142857,0.07142857142857142,0.07102288826372626
27.0,implicit,0.2857142857142857,0.14285714285714285,0.16136711527717776
27.0,implicit,0.2857142857142857,0.21428571428571427,0.24432882614307685
27.0,implicit,0.2857142857142857,0.2857142857142857,0.3256180463099536
27.0,implicit,0.2857142857142857,0.3571428571428571,0.40460201822574826
27.0,implicit,0.2857142857142857,0.42857142857142855,0.47321307845434857
27.0,implicit,0.2857142857142857,0.5,0.5067651454188361
27.0,implicit,0.2857142857142857,0.5714285714285714,0.4732130784543496
27.0,implicit,0.2857142857142857,0.6428571428571428,0.40460201822574815
27.0,implicit,0.2857142857142857,0.7142857142857142,0.32561804630995367
27.0,implicit,0.2857142857142857,0.7857142857142857,0.24432882614307688
27.0,implicit,0.2857142857142857,0.8571428571428571,0.1613671152771778
27.0,implicit,0.2857142857142857,0.9285714285714285,0.07102288826372628
27.0,implicit,0.2857142857142857,1.0,-0.07198442083947086
27.0,implicit,0.3571428571428571,0.0,-0.07198442083947086
27.0,implicit,0.3571428571428571,0.07142857142857142,0.0908024682181815
27.0,implicit,0.3571428571428571,0.14285714285714285,0.20091698749263595
27.0,implicit,0.3571428571428571,0.21428571428571427,0.30363691854420594
27.0,implicit,0.3571428571428571,0.2857142857142857,0.40460201822574543
27.0,implicit,0.3571428571428571,0.3571428571428571,0.5027431184051919
27.0,implicit,0.3571428571428571,0.42857142857142855,0.5880006778141543
27.0,implicit,0.3571428571428571,0.5,0.6296969804844188
27.0,implicit,0.3571428571428571,0.5714285714285714,0.5880006778141565
27.0,implicit,0.3571428571428571,0.6428571428571428,0.5027431184051926
27.0,implicit,0.3571428571428571,0.7142857142857142,0.4046020182257454
27.0,implicit,0.3571428571428571,0.7857142857142857,0.3036369185442059
27.0,implicit,0.3571428571428571,0.8571428571428571,0.2009169874926358
27.0,implicit,0.3571428571428571,0.9285714285714285,0.09080246821818155
27.0,implicit,0.3571428571428571,1.0,-0.07198442083947086
27.0,implicit,0.42857142857142855,0.0,-0.07198442083947086
27.0,implicit,0.42857142857142855,0.07142857142857142,0.10797848661246458
27.0,implicit,0.42857142857142855,0.14285714285714285,0.23526781171077613
27.0,implicit,0.42857142857142855,0.21428571428571427,0.3551535050565733
27.0,implicit,0.42857142857142855,0.2857142857142857,0.4732130784543502
27.0,implicit,0.42857142857142855,0.3571428571428571,0.5880006778141579
27.0,implicit,0.42857142857142855,0.42857142857142855,0.6877310466798088
27.0,implicit,0.42857142857142855,0.5,0.7365169873193015
27.0,implicit,0.42857142857142855,0.5714285714285714,0.6877310466798067
27.0,implicit,0.42857142857142855,0.6428571428571428,0.5880006778141565
27.0,implicit,0.42857142857142855,0.7142857142857142,0.47321307845434885
27.0,implicit,0.42857142857142855,0.7857142857142857,0.35515350505657284
27.0,implicit,0.42857142857142855,0.8571428571428571,0.23526781171077624
27.0,implicit,0.42857142857142855,0.9285714285714285,0.10797848661246462
27.0,implicit,0.42857142857142855,1.0,-0.07198442083947086
27.0,implicit,0.5,0.0,-0.07198442083947086
27.0,implicit,0.5,0.07142857142857142,0.11637756947440472
27.0,implicit,0.5,0.14285714285714285,0.2520655391738106
27.0,implicit,0.5,0.21428571428571427,0.3803454941305101
27.0,implicit,0.5,0.2857142857142857,0.5067651454188379
27.0,implicit,0.5,0.3571428571428571,0.6296969804844201
27.0,implicit,0.5,0.42857142857142855,0.7365169873193008
27.0,implicit,0.5,0.5,0.7887859435100298
27.0,implicit,0.5,0.5714285714285714,0.7365169873193022
27.0,implicit,0.5,0.6428571428571428,0.629696980484417
27.0,implicit,0.5,0.7142857142857142,0.5067651454188346
27.0,implicit,0.5,0.7857142857142857,0.38034549413050966
27.0,implicit,0.5,0.8571428571428571,0.2520655391738108
27.0,implicit,0.5,0.9285714285714285,0.11637756947440481
27.0,implicit,0.5,1.0,-0.07198442083947086
27.0,implicit,0.5714285714285714,0.0,-0.07198442083947086
27.0,implicit,0.5714285714285714,0.07142857142857142,0.10797848661246427
27.0,implicit,0.5714285714285714,0.14285714285714285,0.2352678117107764
27.0,implicit,0.5714285714285714,0.21428571428571427,0.3551535050565742
27.0,implicit,0.5714285714285714,0.2857142857142857,0.47321307845435073
27.0,implicit,0.5714285714285714,0.3571428571428571,0.5880006778141587
27.0,implicit,0.5714285714285714,0.42857142857142855,0.6877310466798086
27.0,implicit,0.5714285714285714,0.5,0.7365169873193045
27.0,implicit,0.5714285714285714,0.5714285714285714,0.6877310466798102
27.0,implicit,0.5714285714285714,0.6428571428571428,0.5880006778141583
27.0,implicit,0.5714285714285714,0.7142857142857142,0.47321307845435195
27.0,implicit,0.5714285714285714,0.7857142857142857,0.35515350505657445
27.0,implicit,0.5714285714285714,0.8571428571428571,0.23526781171077696
27.0,implicit,0.5714285714285714,0.9285714285714285,0.10797848661246445
27.0,implicit,0.5714285714285714,1.0,-0.07198442083947086
27.0,implicit,0.6428571428571428,0.0,-0.07198442083947086
27.0,implicit,0.6428571428571428,0.07142857142857142,0.09080246821818169
27.0,implicit,0.6428571428571428,0.14285714285714285,0.20091698749263798
27.0,implicit,0.6428571428571428,0.21428571428571427,0.3036369185442068
27.0,implicit,0.6428571428571428,0.2857142857142857,0.40460201822574876
27.0,implicit,0.6428571428571428,0.3571428571428571,0.5027431184051929
27.0,implicit,0.6428571428571428,0.42857142857142855,0.5880006778141571
27.0,implicit,0.6428571428571428,0.5,0.6296969804844185
27.0,implicit,0.6428571428571428,0.5714285714285714,0.5880006778141591
27.0,implicit,0.6428571428571428,0.6428571428571428,0.5027431184051941
27.0,implicit,0.6428571428571428,0.7142857142857142,0.4046020182257492
27.0,implicit,0.6428571428571428,0.7857142857142857,0.3036369185442068
27.0,implicit,0.6428571428571428,0.8571428571428571,0.2009169874926369
27.0,implicit,0.6428571428571428,0.9285714285714285,0.09080246821818151
27.0,implicit,0.6428571428571428,1.0,-0.07198442083947086
27.0,implicit,0.7142857142857142,0.0,-0.07198442083947086
27.0,implicit,0.7142857142857142,0.07142857142857142,0.07102288826372662
27.0,implicit,0.7142857142857142,0.14285714285714285,0.16136711527717815
27.0,implicit,0.7142857142857142,0.21428571428571427,0.24432882614307738
27.0,implicit,0.7142857142857142,0.2857142857142857,0.3256180463099541
27.0,implicit,0.7142857142857142,0.3571428571428571,0.4046020182257471
27.0,implicit,0.7142857142857142,0.42857142857142855,0.4732130784543497
27.0,implicit,0.7142857142857142,0.5,0.5067651454188372
27.0,implicit,0.7142857142857142,0.5714285714285714,0.4732130784543488
27.0,implicit,0.7142857142857142,0.6428571428571428,0.4046020182257465
27.0,implicit,0.7142857142857142,0.7142857142857142,0.32561804630995417
27.0,implicit,0.7142857142857142,0.7857142857142857,0.24432882614307738
27.0,implicit,0.7142857142857142,0.8571428571428571,0.16136711527717787
27.0,implicit,0.7142857142857142,0.9285714285714285,0.07102288826372653
27.0,implicit,0.7142857142857142,1.0,-0.07198442083947086
27.0,implicit,0.7857142857142857,0.0,-0.07198442083947086
27.0,implicit,0.7857142857142857,0.07142857142857142,0.05058179836255628
27.0,implicit,0.7857142857142857,0.14285714285714285,0.12058423944508466
27.0,implicit,0.7857142857142857,0.21428571428571427,0.18324876986174995
27.0,implicit,0.7857142857142857,0.2857142857142857,0.24432882614307708
27.0,implicit,0.7857142857142857,0.3571428571428571,0.3036369185442064
27.0,implicit,0.7857142857142857,0.42857142857142855,0.35515350505657284
27.0,implicit,0.7857142857142857,0.5,0.3803454941305086
27.0,implicit,0.7857142857142857,0.5714285714285714,0.355153505056572
27.0,implicit,0.7857142857142857,0.6428571428571428,0.3036369185442061
27.0,implicit,0.7857142857142857,0.7142857142857142,0.2443288261430771
27.0,implicit,0.7857142857142857,0.7857142857142857,0.18324876986174995
27.0,implicit,0.7857142857142857,0.8571428571428571,0.12058423944508465
27.0,implicit,0.7857142857142857,0.9285714285714285,0.050581798362556295
27.0,implicit,0.7857142857142857,1.0,-0.07198442083947086
27.0,implicit,0.8571428571428571,0.0,-0.07198442083947086
27.0,implicit,0.8571428571428571,0.07142857142857142,0.029097840806097328
27.0,implicit,0.8571428571428571,0.14285714285714285,0.07835382563866448
27.0,implicit,0.8571428571428571,0.21428571428571427,0.12058423944508453
27.0,implicit,0.8571428571428571,0.2857142857142857,0.1613671152771778
27.0,implicit,0.8571428571428571,0.3571428571428571,0.20091698749263587
27.0,implicit,0.8571428571428571,0.42857142857142855,0.23526781171077604
27.0,implicit,0.8571428571428571,0.5,0.25206553917381036
27.0,implicit,0.8571428571428571,0.5714285714285714,0.2352678117107756
27.0,implicit,0.8571428571428571,0.6428571428571428,0.20091698749263645
27.0,implicit,0.8571428571428571,0.7142857142857142,0.16136711527717798
27.0,implicit,0.8571428571428571,0.7857142857142857,0.12058423944508465
27.0,implicit,0.8571428571428571,0.8571428571428571,0.07835382563866455
27.0,implicit,0.8571428571428571,0.9285714285714285,0.029097840806097338
27.0,implicit,0.8571428571428571,1.0,-0.07198442083947086
27.0,implicit,0.9285714285714285,0.0,-0.07198442083947086
27.0,implicit,0.9285714285714285,0.07142857142857142,0.0021608078297137246
27.0,implicit,0.9285714285714285,0.14285714285714285,0.02909784080609735
27.0,implicit,0.9285714285714285,0.21428571428571427,0.05058179836255612
27.0,implicit,0.9285714285714285,0.2857142857142857,0.07102288826372631
27.0,implicit,0.9285714285714285,0.3571428571428571,0.09080246821818173
27.0,implicit,0.9285714285714285,0.42857142857142855,0.10797848661246465
27.0,implicit,0.9285714285714285,0.5,0.11637756947440475
27.0,implicit,0.9285714285714285,0.5714285714285714,0.10797848661246445
27.0,implicit,0.9285714285714285,0.6428571428571428,0.0908024682181815
27.0,implicit,0.9285714285714285,0.7142857142857142,0.07102288826372632
27.0,implicit,0.9285714285714285,0.7857142857142857,0.05058179836255614
27.0,implicit,0.9285714285714285,0.8571428571428571,0.029097840806097373
27.0,implicit,0.9285714285714285,0.9285714285714285,0.0021608078297137372
27.0,implicit,0.9285714285714285,1.0,-0.07198442083947086
27.0,implicit,1.0,0.0,-0.07198442083947086
27.0,implicit,1.0,0.07142857142857142,-0.07198442083947086
27.0,implicit,1.0,0.14285714285714285,-0.07198442083947086
27.0,implicit,1.0,0.21428571428571427,-0.07198442083947086
27.0,implicit,1.0,0.2857142857142857,-0.07198442083947086
27.0,implicit,1.0,0.3571428571428571,-0.07198442083947086
27.0,implicit,1.0,0.42857142857142855,-0.07198442083947086
27.0,implicit,1.0,0.5,-0.07198442083947086
27.0,implicit,1.0,0.5714285714285714,-0.07198442083947086
27.0,implicit,1.0,0.6428571428571428,-0.07198442083947086
27.0,implicit,1.0,0.7142857142857142,-0.07198442083947086
27.0,implicit,1.0,0.7857142857142857,-0.07198442083947086
27.0,implicit,1.0,0.8571428571428571,-0.07198442083947086
27.0,implicit,1.0,0.9285714285714285,-0.07198442083947086
27.0,implicit,1.0,1.0,-0.07198442083947086
28.0,implicit,0.0,0.0,0.10571222262189157
28.0,implicit,0.0,0.07142857142857142,0.10571222262189157
28.0,implicit,0.0,0.14285714285714285,0.10571222262189157
28.0,implicit,0.0,0.21428571428571427,0.10571222262189157
28.0,implicit,0.0,0.2857142857142857,0.10571222262189157
28.0,implicit,0.0,0.3571428571428571,0.10571222262189157
28.0,implicit,0.0,0.42857142857142855,0.10571222262189157
28.0,implicit,0.0,0.5,0.10571222262189157
28.0,implicit,0.0,0.5714285714285714,0.10571222262189157
28.0,implicit,0.0,0.6428571428571428,0.10571222262189157
28.0,implicit,0.0,0.7142857142857142,0.10571222262189157
28.0,implicit,0.0,0.7857142857142857,0.10571222262189157
28.0,implicit,0.0,0.8571428571428571,0.10571222262189157
28.0,implicit,0.0,0.9285714285714285,0.10571222262189157
28.0,implicit,0.0,1.0,0.10571222262189157
28.0,implicit,0.07142857142857142,0.0,0.10571222262189157
28.0,implicit,0.07142857142857142,0.07142857142857142,0.005045972034250223
28.0,implicit,0.07142857142857142,0.14285714285714285,0.03031096684712094
28.0,implicit,0.07142857142857142,0.21428571428571427,0.051870455399748196
28.0,implicit,0.07142857142857142,0.2857142857142857,0.07231932959488968
28.0,implicit,0.07142857142857142,0.3571428571428571,0.09204437373107871
28.0,implicit,0.07142857142857142,0.42857142857142855,0.10905272171176733
28.0,implicit,0.07142857142857142,0.5,0.1172416799049474
28.0,implicit,0.07142857142857142,0.5714285714285714,0.10905272171176715
28.0,implicit,0.07142857142857142,0.6428571428571428,0.09204437373107853
28.0,implicit,0.07142857142857142,0.7142857142857142,0.07231932959488968
28.0,implicit,0.07142857142857142,0.7857142857142857,0.05187045539974821
28.0,implicit,0.07142857142857142,0.8571428571428571,0.03031096684712095
28.0,implicit,0.07142857142857142,0.9285714285714285,0.005045972034250233
28.0,implicit,0.07142857142857142,1.0,0.10571222262189157
28.0,implicit,0.14285714285714285,0.0,0.10571222262189157
28.0,implicit,0.14285714285714285,0.07142857142857142,0.03031096684712095
28.0,implicit,0.14285714285714285,0.14285714285714285,0.07801074998126538
28.0,implicit,0.14285714285714285,0.21428571428571427,0.12036124613922795
28.0,implicit,0.14285714285714285,0.2857142857142857,0.1611487497327171
28.0,implicit,0.14285714285714285,0.3571428571428571,0.20058736891467763
28.0,implicit,0.14285714285714285,0.42857142857142855,0.23460242706656725
28.0,implicit,0.14285714285714285,0.5,0.25097980096206285
28.0,implicit,0.14285714285714285,0.5714285714285714,0.2346024270665668
28.0,implicit,0.14285714285714285,0.6428571428571428,0.200587368914677
28.0,implicit,0.14285714285714285,0.7142857142857142,0.161148749732717
28.0,implicit,0.14285714285714285,0.7857142857142857,0.120361246139228
28.0,implicit,0.14285714285714285,0.8571428571428571,0.07801074998126539
28.0,implicit,0.14285714285714285,0.9285714285714285,0.030310966847120972
28.0,implicit,0.14285714285714285,1.0,0.10571222262189157
28.0,implicit,0.21428571428571427,0.0,0.10571222262189157
28.0,implicit,0.21428571428571427,0.07142857142857142,0.05187045539974801
28.0,implicit,0.21428571428571427,0.14285714285714285,0.12036124613922786
28.0,implicit,0.21428571428571427,0.21428571428571427,0.18315595459996956
28.0,implicit,0.21428571428571427,0.2857142857142857,0.24422787877084495
28.0,implicit,0.21428571428571427,0.3571428571428571,0.30336509641958104
28.0,implicit,0.21428571428571427,0.42857142857142855,0.3543762547009253
28.0,implicit,0.21428571428571427,0.5,0.37893702688020026
28.0,implicit,0.21428571428571427,0.5714285714285714,0.3543762547009242
28.0,implicit,0.21428571428571427,0.6428571428571428,0.30336509641958087
28.0,implicit,0.21428571428571427,0.7142857142857142,0.244227878770845
28.0,implicit,0.21428571428571427,0.7857142857142857,0.18315595459996958
28.0,implicit,0.21428571428571427,0.8571428571428571,0.12036124613922788
28.0,implicit,0.21428571428571427,0.9285714285714285,0.05187045539974805
28.0,implicit,0.21428571428571427,1.0,0.10571222262189157
28.0,implicit,0.2857142857142857,0.0,0.10571222262189157
28.0,implicit,0.2857142857142857,0.07142857142857142,0.07231932959488936
28.0,implicit,0.2857142857142857,0.14285714285714285,0.1611487497327169
28.0,implicit,0.2857142857142857,0.21428571428571427,0.24422787877084456
28.0,implicit,0.2857142857142857,0.2857142857142857,0.32548328775393087
28.0,implicit,0.2857142857142857,0.3571428571428571,0.4042263889835824
28.0,implicit,0.2857142857142857,0.42857142857142855,0.47215415001433547
28.0,implicit,0.2857142857142857,0.5,0.5048607459417972
28.0,implicit,0.2857142857142857,0.5714285714285714,0.4721541500143364
28.0,implicit,0.2857142857142857,0.6428571428571428,0.40422638898358226
28.0,implicit,0.2857142857142857,0.7142857142857142,0.3254832877539308
28.0,implicit,0.2857142857142857,0.7857142857142857,0.24422787877084456
28.0,implicit,0.2857142857142857,0.8571428571428571,0.16114874973271695
28.0,implicit,0.2857142857142857,0.9285714285714285,0.07231932959488939
28.0,implicit,0.2857142857142857,1.0,0.10571222262189157
28.0,implicit,0.3571428571428571,0.0,0.10571222262189157
28.0,implicit,0.3571428571428571,0.07142857142857142,0.0920443737310784
28.0,implicit,0.3571428571428571,0.14285714285714285,0.20058736891467638
28.0,implicit,0.3571428571428571,0.21428571428571427,0.30336509641958026
28.0,implicit,0.3571428571428571,0.2857142857142857,0.40422638898357943
28.0,implicit,0.3571428571428571,0.3571428571428571,0.5020151382533734
28.0,implicit,0.3571428571428571,0.42857142857142855,0.5863789476032254
28.0,implicit,0.3571428571428571,0.5,0.6270031519307657
28.0,implicit,0.3571428571428571,0.5714285714285714,0.5863789476032276
28.0,implicit,0.3571428571428571,0.6428571428571428,0.5020151382533738
28.0,implicit,0.3571428571428571,0.7142857142857142,0.4042263889835793
28.0,implicit,0.3571428571428571,0.7857142857142857,0.30336509641958015
28.0,implicit,0.3571428571428571,0.8571428571428571,0.20058736891467618
28.0,implicit,0.3571428571428571,0.9285714285714285,0.0920443737310784
28.0,implicit,0.3571428571428571,1.0,0.10571222262189157
28.0,implicit,0.42857142857142855,0.0,0.10571222262189157
28.0,implicit,0.42857142857142855,0.07142857142857142,0.10905272171176748
28.0,implicit,0.42857142857142855,0.14285714285714285,0.23460242706656687
28.0,implicit,0.42857142857142855,0.21428571428571427,0.35437625470092476
28.0,implicit,0.42857142857142855,0.2857142857142857,0.47215415001433686
28.0,implicit,0.42857142857142855,0.3571428571428571,0.5863789476032288
28.0,implicit,0.42857142857142855,0.42857142857142855,0.684934595145344
28.0,implicit,0.42857142857142855,0.5,0.732403657777453
28.0,implicit,0.42857142857142855,0.5714285714285714,0.6849345951453415
28.0,implicit,0.42857142857142855,0.6428571428571428,0.5863789476032275
28.0,implicit,0.42857142857142855,0.7142857142857142,0.4721541500143356
28.0,implicit,0.42857142857142855,0.7857142857142857,0.3543762547009243
28.0,implicit,0.42857142857142855,0.8571428571428571,0.23460242706656692
28.0,implicit,0.42857142857142855,0.9285714285714285,0.10905272171176753
28.0,implicit,0.42857142857142855,1.0,0.10571222262189157
28.0,implicit,0.5,0.0,0.10571222262189157
28.0,implicit,0.5,0.07142857142857142,0.11724167990494748
28.0,implicit,0.5,0.14285714285714285,0.25097980096206335
28.0,implicit,0.5,0.21428571428571427,0.3789370268802026
28.0,implicit,0.5,0.2857142857142857,0.5048607459417991
28.0,implicit,0.5,0.3571428571428571,0.627003151930767
28.0,implicit,0.5,0.42857142857142855,0.7324036577774519
28.0,implicit,0.5,0.5,0.7831830550596259
28.0,implicit,0.5,0.5714285714285714,0.7324036577774535
28.0,implicit,0.5,0.6428571428571428,0.627003151930764
28.0,implicit,0.5,0.7142857142857142,0.5048607459417959
28.0,implicit,0.5,0.7857142857142857,0.37893702688020214
28.0,implicit,0.5,0.8571428571428571,0.2509798009620635
28.0,implicit,0.5,0.9285714285714285,0.11724167990494756
28.0,implicit,0.5,1.0,0.10571222262189157
28.0,implicit,0.5714285714285714,0.0,0.10571222262189157
28.0,implicit,0.5714285714285714,0.07142857142857142,0.10905272171176716
28.0,implicit,0.5714285714285714,0.14285714285714285,0.23460242706656714
28.0,implicit,0.5714285714285714,0.21428571428571427,0.3543762547009256
28.0,implicit,0.5714285714285714,0.2857142857142857,0.47215415001433747
28.0,implicit,0.5714285714285714,0.3571428571428571,0.5863789476032297
28.0,implicit,0.5714285714285714,0.42857142857142855,0.6849345951453438
28.0,implicit,0.5714285714285714,0.5,0.7324036577774555
28.0,implicit,0.5714285714285714,0.5714285714285714,0.6849345951453457
28.0,implicit,0.5714285714285714,0.6428571428571428,0.5863789476032295
28.0,implicit,0.5714285714285714,0.7142857142857142,0.4721541500143388
28.0,implicit,0.5714285714285714,0.7857142857142857,0.3543762547009258
28.0,implicit,0.5714285714285714,0.8571428571428571,0.2346024270665677
28.0,implicit,0.5714285714285714,0.9285714285714285,0.10905272171176734
28.0,implicit,0.5714285714285714,1.0,0.10571222262189157
28.0,implicit,0.6428571428571428,0.0,0.10571222262189157
28.0,implicit,0.6428571428571428,0.07142857142857142,0.09204437373107863
28.0,implicit,0.6428571428571428,0.14285714285714285,0.20058736891467846
28.0,implicit,0.6428571428571428,0.21428571428571427,0.30336509641958126
28.0,implicit,0.6428571428571428,0.2857142857142857,0.4042263889835829
28.0,implicit,0.6428571428571428,0.3571428571428571,0.5020151382533741
28.0,implicit,0.6428571428571428,0.42857142857142855,0.5863789476032281
28.0,implicit,0.6428571428571428,0.5,0.6270031519307654
28.0,implicit,0.6428571428571428,0.5714285714285714,0.5863789476032303
28.0,implicit,0.6428571428571428,0.6428571428571428,0.5020151382533753
28.0,implicit,0.6428571428571428,0.7142857142857142,0.4042263889835834
28.0,implicit,0.6428571428571428,0.7857142857142857,0.3033650964195812
28.0,implicit,0.6428571428571428,0.8571428571428571,0.20058736891467735
28.0,implicit,0.6428571428571428,0.9285714285714285,0.09204437373107839
28.0,implicit,0.6428571428571428,1.0,0.10571222262189157
28.0,implicit,0.7142857142857142,0.0,0.10571222262189157
28.0,implicit,0.7142857142857142,0.07142857142857142,0.07231932959488974
28.0,implicit,0.7142857142857142,0.14285714285714285,0.1611487497327173
28.0,implicit,0.7142857142857142,0.21428571428571427,0.24422787877084515
28.0,implicit,0.7142857142857142,0.2857142857142857,0.3254832877539313
28.0,implicit,0.7142857142857142,0.3571428571428571,0.40422638898358104
28.0,implicit,0.7142857142857142,0.42857142857142855,0.4721541500143366
28.0,implicit,0.7142857142857142,0.5,0.5048607459417985
28.0,implicit,0.7142857142857142,0.5714285714285714,0.4721541500143356
28.0,implicit,0.7142857142857142,0.6428571428571428,0.40422638898358054
28.0,implicit,0.7142857142857142,0.7142857142857142,0.32548328775393137
28.0,implicit,0.7142857142857142,0.7857142857142857,0.24422787877084515
28.0,implicit,0.7142857142857142,0.8571428571428571,0.161148749732717
28.0,implicit,0.7142857142857142,0.9285714285714285,0.07231932959488964
28.0,implicit,0.7142857142857142,1.0,0.10571222262189157
28.0,implicit,0.7857142857142857,0.0,0.10571222262189157
28.0,implicit,0.7857142857142857,0.07142857142857142,0.05187045539974821
28.0,implicit,0.7857142857142857,0.14285714285714285,0.12036124613922802
28.0,implicit,0.7857142857142857,0.21428571428571427,0.1831559545999697
28.0,implicit,0.7857142857142857,0.2857142857142857,0.2442278787708448
28.0,implicit,0.7857142857142857,0.3571428571428571,0.30336509641958076
28.0,implicit,0.7857142857142857,0.42857142857142855,0.3543762547009243
28.0,implicit,0.7857142857142857,0.5,0.37893702688020126
28.0,implicit,0.7857142857142857,0.5714285714285714,0.3543762547009234
28.0,implicit,0.7857142857142857,0.6428571428571428,0.30336509641958054
28.0,implicit,0.7857142857142857,0.7142857142857142,0.24422787877084481
28.0,implicit,0.7857142857142857,0.7857142857142857,0.18315595459996967
28.0,implicit,0.7857142857142857,0.8571428571428571,0.12036124613922801
28.0,implicit,0.7857142857142857,0.9285714285714285,0.05187045539974822
28.0,implicit,0.7857142857142857,1.0,0.10571222262189157
28.0,implicit,0.8571428571428571,0.0,0.10571222262189157
28.0,implicit,0.8571428571428571,0.07142857142857142,0.03031096684712095
28.0,implicit,0.8571428571428571,0.14285714285714285,0.0780107499812654
28.0,implicit,0.8571428571428571,0.21428571428571427,0.1203612461392279
28.0,implicit,0.8571428571428571,0.2857142857142857,0.16114874973271695
28.0,implicit,0.8571428571428571,0.3571428571428571,0.2005873689146762
28.0,implicit,0.8571428571428571,0.42857142857142855,0.23460242706656673
28.0,implicit,0.8571428571428571,0.5,0.25097980096206307
28.0,implicit,0.8571428571428571,0.5714285714285714,0.23460242706656625
28.0,implicit,0.8571428571428571,0.6428571428571428,0.20058736891467682
28.0,implicit,0.8571428571428571,0.7142857142857142,0.1611487497327171
28.0,implicit,0.8571428571428571,0.7857142857142857,0.12036124613922801
28.0,implicit,0.8571428571428571,0.8571428571428571,0.07801074998126548
28.0,implicit,0.8571428571428571,0.9285714285714285,0.03031096684712096
28.0,implicit,0.8571428571428571,1.0,0.10571222262189157
28.0,implicit,0.9285714285714285,0.0,0.10571222262189157
28.0,implicit,0.9285714285714285,0.07142857142857142,0.005045972034250233
28.0,implicit,0.9285714285714285,0.14285714285714285,0.030310966847120972
28.0,implicit,0.9285714285714285,0.21428571428571427,0.05187045539974805
28.0,implicit,0.9285714285714285,0.2857142857142857,0.07231932959488939
28.0,implicit,0.9285714285714285,0.3571428571428571,0.0920443737310786
28.0,implicit,0.9285714285714285,0.42857142857142855,0.10905272171176754
28.0,implicit,0.9285714285714285,0.5,0.11724167990494751
28.0,implicit,0.9285714285714285,0.5714285714285714,0.10905272171176734
28.0,implicit,0.9285714285714285,0.6428571428571428,0.09204437373107838
28.0,implicit,0.9285714285714285,0.7142857142857142,0.0723193295948894
28.0,implicit,0.9285714285714285,0.7857142857142857,0.05187045539974807
28.0,implicit,0.9285714285714285,0.8571428571428571,0.030310966847120997
28.0,implicit,0.9285714285714285,0.9285714285714285,0.005045972034250244
28.0,implicit,0.9285714285714285,1.0,0.10571222262189157
28.0,implicit,1.0,0.0,0.10571222262189157
28.0,implicit,1.0,0.07142857142857142,0.10571222262189157
28.0,implicit,1.0,0.14285714285714285,0.10571222262189157
28.0,implicit,1.0,0.21428571428571427,0.10571222262189157
28.0,implicit,1.0,0.2857142857142857,0.10571222262189157
28.0,implicit,1.0,0.3571428571428571,0.10571222262189157
28.0,implicit,1.0,0.42857142857142855,0.10571222262189157
28.0,implicit,1.0,0.5,0.10571222262189157
28.0,implicit,1.0,0.5714285714285714,0.10571222262189157
28.0,implicit,1.0,0.6428571428571428,0.10571222262189157
28.0,implicit,1.0,0.7142857142857142,0.10571222262189157
28.0,implicit,1.0,0.7857142857142857,0.10571222262189157
28.0,implicit,1.0,0.8571428571428571,0.10571222262189157
28.0,implicit,1.0,0.9285714285714285,0.10571222262189157
28.0,implicit,1.0,1.0,0.10571222262189157
29.0,implicit,0.0,0.0,0.03436182895684614
29.0,implicit,0.0,0.07142857142857142,0.03436182895684614
29.0,implicit,0.0,0.14285714285714285,0.03436182895684614
29.0,implicit,0.0,0.21428571428571427,0.03436182895684614
29.0,implicit,0.0,0.2857142857142857,0.03436182895684614
29.0,implicit,0.0,0.3571428571428571,0.03436182895684614
29.0,implicit,0.0,0.42857142857142855,0.03436182895684614
29.0,implicit,0.0,0.5,0.03436182895684614
29.0,implicit,0.0,0.5714285714285714,0.03436182895684614
29.0,implicit,0.0,0.6428571428571428,0.03436182895684614
29.0,implicit,0.0,0.7142857142857142,0.03436182895684614
29.0,implicit,0.0,0.7857142857142857,0.03436182895684614
29.0,implicit,0.0,0.8571428571428571,0.03436182895684614
29.0,implicit,0.0,0.9285714285714285,0.03436182895684614
29.0,implicit,0.0,1.0,0.03436182895684614
29.0,implicit,0.07142857142857142,0.0,0.03436182895684614
29.0,implicit,0.07142857142857142,0.07142857142857142,0.0064799978825789105
29.0,implicit,0.07142857142857142,0.14285714285714285,0.030960316197412248
29.0,implicit,0.07142857142857142,0.21428571428571427,0.0525338322028374
29.0,implicit,0.07142857142857142,0.2857142857142857,0.0729861409243019
29.0,implicit,0.07142857142857142,0.3571428571428571,0.09268339396406709
29.0,implicit,0.07142857142857142,0.42857142857142855,0.10960866814975023
29.0,implicit,0.07142857142857142,0.5,0.11769710834190907
29.0,implicit,0.07142857142857142,0.5714285714285714,0.10960866814975005
29.0,implicit,0.07142857142857142,0.6428571428571428,0.09268339396406691
29.0,implicit,0.07142857142857142,0.7142857142857142,0.0729861409243019
29.0,implicit,0.07142857142857142,0.7857142857142857,0.052533832202837416
29.0,implicit,0.07142857142857142,0.8571428571428571,0.03096031619741226
29.0,implicit,0.07142857142857142,0.9285714285714285,0.006479997882578921
29.0,implicit,0.07142857142857142,1.0,0.03436182895684614
29.0,implicit,0.14285714285714285,0.0,0.03436182895684614
29.0,implicit,0.14285714285714285,0.07142857142857142,0.03096031619741226
29.0,implicit,0.14285714285714285,0.14285714285714285,0.07788640743697461
29.0,implicit,0.14285714285714285,0.21428571428571427,0.12027224378004303
29.0,implicit,0.14285714285714285,0.2857142857142857,0.16106152682964292
29.0,implicit,0.14285714285714285,0.3571428571428571,0.20044342287009895
29.0,implicit,0.14285714285714285,0.42857142857142855,0.23429209826793415
29.0,implicit,0.14285714285714285,0.5,0.2504683783010025
29.0,implicit,0.14285714285714285,0.5714285714285714,0.23429209826793368
29.0,implicit,0.14285714285714285,0.6428571428571428,0.20044342287009834
29.0,implicit,0.14285714285714285,0.7142857142857142,0.16106152682964284
29.0,implicit,0.14285714285714285,0.7857142857142857,0.12027224378004307
29.0,implicit,0.14285714285714285,0.8571428571428571,0.07788640743697463
29.0,implicit,0.14285714285714285,0.9285714285714285,0.030960316197412276
29.0,implicit,0.14285714285714285,1.0,0.03436182895684614
29.0,implicit,0.21428571428571427,0.0,0.03436182895684614
29.0,implicit,0.21428571428571427,0.07142857142857142,0.052533832202837215
29.0,implicit,0.21428571428571427,0.14285714285714285,0.12027224378004292
29.0,implicit,0.21428571428571427,0.21428571428571427,0.18310752828155957
29.0,implicit,0.21428571428571427,0.2857142857142857,0.24417456981737112
29.0,implicit,0.21428571428571427,0.3571428571428571,0.3032245546644109
29.0,implicit,0.21428571428571427,0.42857142857142855,0.35398517616832825
29.0,implicit,0.21428571428571427,0.5,0.3782439418209646
29.0,implicit,0.21428571428571427,0.5714285714285714,0.35398517616832714
29.0,implicit,0.21428571428571427,0.6428571428571428,0.3032245546644107
29.0,implicit,0.21428571428571427,0.7142857142857142,0.2441745698173712
29.0,implicit,0.21428571428571427,0.7857142857142857,0.1831075282815596
29.0,implicit,0.21428571428571427,0.8571428571428571,0.12027224378004295
29.0,implicit,0.21428571428571427,0.9285714285714285,0.052533832202837256
29.0,implicit,0.21428571428571427,1.0,0.03436182895684614
29.0,implicit,0.2857142857142857,0.0,0.03436182895684614
29.0,implicit,0.2857142857142857,0.07142857142857142,0.0729861409243016
29.0,implicit,0.2857142857142857,0.14285714285714285,0.1610615268296427
29.0,implicit,0.2857142857142857,0.21428571428571427,0.2441745698173708
29.0,implicit,0.2857142857142857,0.2857142857142857,0.3254116136067324
29.0,implicit,0.2857142857142857,0.3571428571428571,0.40403154110958095
29.0,implicit,0.2857142857142857,0.42857142857142855,0.4716203561741542
29.0,implicit,0.2857142857142857,0.5,0.503922295700859
29.0,implicit,0.2857142857142857,0.5714285714285714,0.4716203561741552
29.0,implicit,0.2857142857142857,0.6428571428571428,0.4040315411095809
29.0,implicit,0.2857142857142857,0.7142857142857142,0.3254116136067323
29.0,implicit,0.2857142857142857,0.7857142857142857,0.2441745698173708
29.0,implicit,0.2857142857142857,0.8571428571428571,0.16106152682964275
29.0,implicit,0.2857142857142857,0.9285714285714285,0.07298614092430163
29.0,implicit,0.2857142857142857,1.0,0.03436182895684614
29.0,implicit,0.3571428571428571,0.0,0.03436182895684614
29.0,implicit,0.3571428571428571,0.07142857142857142,0.09268339396406676
29.0,implicit,0.3571428571428571,0.14285714285714285,0.20044342287009764
29.0,implicit,0.3571428571428571,0.21428571428571427,0.30322455466441006
29.0,implicit,0.3571428571428571,0.2857142857142857,0.404031541109578
29.0,implicit,0.3571428571428571,0.3571428571428571,0.5016402542417058
29.0,implicit,0.3571428571428571,0.42857142857142855,0.5855604187013064
29.0,implicit,0.3571428571428571,0.5,0.6256712148622825
29.0,implicit,0.3571428571428571,0.5714285714285714,0.5855604187013085
29.0,implicit,0.3571428571428571,0.6428571428571428,0.5016402542417066
29.0,implicit,0.3571428571428571,0.7142857142857142,0.4040315411095779
29.0,implicit,0.3571428571428571,0.7857142857142857,0.30322455466440995
29.0,implicit,0.3571428571428571,0.8571428571428571,0.20044342287009745
29.0,implicit,0.3571428571428571,0.9285714285714285,0.09268339396406677
29.0,implicit,0.3571428571428571,1.0,0.03436182895684614
29.0,implicit,0.42857142857142855,0.0,0.03436182895684614
29.0,implicit,0.42857142857142855,0.07142857142857142,0.10960866814975039
29.0,implicit,0.42857142857142855,0.14285714285714285,0.23429209826793373
29.0,implicit,0.42857142857142855,0.21428571428571427,0.35398517616832753
29.0,implicit,0.42857142857142855,0.2857142857142857,0.4716203561741557
29.0,implicit,0.42857142857142855,0.3571428571428571,0.5855604187013097
29.0,implicit,0.42857142857142855,0.42857142857142855,0.6835341729707344
29.0,implicit,0.42857142857142855,0.5,0.7303727854293001
29.0,implicit,0.42857142857142855,0.5714285714285714,0.6835341729707319
29.0,implicit,0.42857142857142855,0.6428571428571428,0.5855604187013085
29.0,implicit,0.42857142857142855,0.7142857142857142,0.4716203561741544
29.0,implicit,0.42857142857142855,0.7857142857142857,0.35398517616832714
29.0,implicit,0.42857142857142855,0.8571428571428571,0.23429209826793376
29.0,implicit,0.42857142857142855,0.9285714285714285,0.10960866814975043
29.0,implicit,0.42857142857142855,1.0,0.03436182895684614
29.0,implicit,0.5,0.0,0.03436182895684614
29.0,implicit,0.5,0.07142857142857142,0.11769710834190915
29.0,implicit,0.5,0.14285714285714285,0.250468378301003
29.0,implicit,0.5,0.21428571428571427,0.3782439418209671
29.0,implicit,0.5,0.2857142857142857,0.5039222957008608
29.0,implicit,0.5,0.3571428571428571,0.6256712148622837
29.0,implicit,0.5,0.42857142857142855,0.7303727854292991
29.0,implicit,0.5,0.5,0.7804406680967574
29.0,implicit,0.5,0.5714285714285714,0.7303727854293007
29.0,implicit,0.5,0.6428571428571428,0.6256712148622807
29.0,implicit,0.5,0.7142857142857142,0.5039222957008574
29.0,implicit,0.5,0.7857142857142857,0.3782439418209666
29.0,implicit,0.5,0.8571428571428571,0.2504683783010032
29.0,implicit,0.5,0.9285714285714285,0.11769710834190922
29.0,implicit,0.5,1.0,0.03436182895684614
29.0,implicit,0.5714285714285714,0.0,0.03436182895684614
29.0,implicit,0.5714285714285714,0.07142857142857142,0.10960866814975008
29.0,implicit,0.5714285714285714,0.14285714285714285,0.234292098267934
29.0,implicit,0.5714285714285714,0.21428571428571427,0.35398517616832875
29.0,implicit,0.5714285714285714,0.2857142857142857,0.4716203561741563
29.0,implicit,0.5714285714285714,0.3571428571428571,0.5855604187013107
29.0,implicit,0.5714285714285714,0.42857142857142855,0.6835341729707342
29.0,implicit,0.5714285714285714,0.5,0.7303727854293025
29.0,implicit,0.5714285714285714,0.5714285714285714,0.6835341729707363
29.0,implicit,0.5714285714285714,0.6428571428571428,0.5855604187013107
29.0,implicit,0.5714285714285714,0.7142857142857142,0.4716203561741577
29.0,implicit,0.5714285714285714,0.7857142857142857,0.3539851761683288
29.0,implicit,0.5714285714285714,0.8571428571428571,0.23429209826793457
29.0,implicit,0.5714285714285714,0.9285714285714285,0.10960866814975025
29.0,implicit,0.5714285714285714,1.0,0.03436182895684614
29.0,implicit,0.6428571428571428,0.0,0.03436182895684614
29.0,implicit,0.6428571428571428,0.07142857142857142,0.09268339396406702
29.0,implicit,0.6428571428571428,0.14285714285714285,0.20044342287009984
29.0,implicit,0.6428571428571428,0.21428571428571427,0.30322455466441117
29.0,implicit,0.6428571428571428,0.2857142857142857,0.40403154110958145
29.0,implicit,0.6428571428571428,0.3571428571428571,0.5016402542417067
29.0,implicit,0.6428571428571428,0.42857142857142855,0.5855604187013089
29.0,implicit,0.6428571428571428,0.5,0.6256712148622822
29.0,implicit,0.6428571428571428,0.5714285714285714,0.5855604187013114
29.0,implicit,0.6428571428571428,0.6428571428571428,0.501640254241708
29.0,implicit,0.6428571428571428,0.7142857142857142,0.40403154110958206
29.0,implicit,0.6428571428571428,0.7857142857142857,0.30322455466441106
29.0,implicit,0.6428571428571428,0.8571428571428571,0.20044342287009864
29.0,implicit,0.6428571428571428,0.9285714285714285,0.09268339396406677
29.0,implicit,0.6428571428571428,1.0,0.03436182895684614
29.0,implicit,0.7142857142857142,0.0,0.03436182895684614
29.0,implicit,0.7142857142857142,0.07142857142857142,0.07298614092430196
29.0,implicit,0.7142857142857142,0.14285714285714285,0.16106152682964314
29.0,implicit,0.7142857142857142,0.21428571428571427,0.24417456981737135
29.0,implicit,0.7142857142857142,0.2857142857142857,0.3254116136067328
29.0,implicit,0.7142857142857142,0.3571428571428571,0.4040315411095797
29.0,implicit,0.7142857142857142,0.42857142857142855,0.47162035617415543
29.0,implicit,0.7142857142857142,0.5,0.5039222957008601
29.0,implicit,0.7142857142857142,0.5714285714285714,0.47162035617415443
29.0,implicit,0.7142857142857142,0.6428571428571428,0.40403154110957906
29.0,implicit,0.7142857142857142,0.7142857142857142,0.3254116136067329
29.0,implicit,0.7142857142857142,0.7857142857142857,0.24417456981737135
29.0,implicit,0.7142857142857142,0.8571428571428571,0.16106152682964284
29.0,implicit,0.7142857142857142,0.9285714285714285,0.07298614092430186
29.0,implicit,0.7142857142857142,1.0,0.03436182895684614
29.0,implicit,0.7857142857142857,0.0,0.03436182895684614
29.0,implicit,0.7857142857142857,0.07142857142857142,0.052533832202837416
29.0,implicit,0.7857142857142857,0.14285714285714285,0.1202722437800431
29.0,implicit,0.7857142857142857,0.21428571428571427,0.1831075282815597
29.0,implicit,0.7857142857142857,0.2857142857142857,0.244174569817371
29.0,implicit,0.7857142857142857,0.3571428571428571,0.3032245546644105
29.0,implicit,0.7857142857142857,0.42857142857142855,0.35398517616832714
29.0,implicit,0.7857142857142857,0.5,0.37824394182096577
29.0,implicit,0.7857142857142857,0.5714285714285714,0.3539851761683262
29.0,implicit,0.7857142857142857,0.6428571428571428,0.30322455466441034
29.0,implicit,0.7857142857142857,0.7142857142857142,0.24417456981737104
29.0,implicit,0.7857142857142857,0.7857142857142857,0.18310752828155968
29.0,implicit,0.7857142857142857,0.8571428571428571,0.1202722437800431
29.0,implicit,0.7857142857142857,0.9285714285714285,0.05253383220283743
29.0,implicit,0.7857142857142857,1.0,0.03436182895684614
29.0,implicit,0.8571428571428571,0.0,0.03436182895684614
29.0,implicit,0.8571428571428571,0.07142857142857142,0.03096031619741226
29.0,implicit,0.8571428571428571,0.14285714285714285,0.07788640743697464
29.0,implicit,0.8571428571428571,0.21428571428571427,0.12027224378004296
29.0,implicit,0.8571428571428571,0.2857142857142857,0.16106152682964275
29.0,implicit,0.8571428571428571,0.3571428571428571,0.2004434228700975
29.0,implicit,0.8571428571428571,0.42857142857142855,0.2342920982679336
29.0,implicit,0.8571428571428571,0.5,0.2504683783010027
29.0,implicit,0.8571428571428571,0.5714285714285714,0.23429209826793312
29.0,implicit,0.8571428571428571,0.6428571428571428,0.20044342287009811
29.0,implicit,0.8571428571428571,0.7142857142857142,0.16106152682964292
29.0,implicit,0.8571428571428571,0.7857142857142857,0.12027224378004307
29.0,implicit,0.8571428571428571,0.8571428571428571,0.07788640743697471
29.0,implicit,0.8571428571428571,0.9285714285714285,0.03096031619741227
29.0,implicit,0.8571428571428571,1.0,0.03436182895684614
29.0,implicit,0.9285714285714285,0.0,0.03436182895684614
29.0,implicit,0.9285714285714285,0.07142857142857142,0.006479997882578921
29.0,implicit,0.9285714285714285,0.14285714285714285,0.030960316197412276
29.0,implicit,0.9285714285714285,0.21428571428571427,0.052533832202837256
29.0,implicit,0.9285714285714285,0.2857142857142857,0.07298614092430163
29.0,implicit,0.9285714285714285,0.3571428571428571,0.09268339396406697
29.0,implicit,0.9285714285714285,0.42857142857142855,0.10960866814975044
29.0,implicit,0.9285714285714285,0.5,0.11769710834190916
29.0,implicit,0.9285714285714285,0.5714285714285714,0.10960866814975022
29.0,implicit,0.9285714285714285,0.6428571428571428,0.09268339396406673
29.0,implicit,0.9285714285714285,0.7142857142857142,0.07298614092430164
29.0,implicit,0.9285714285714285,0.7857142857142857,0.05253383220283728
29.0,implicit,0.9285714285714285,0.8571428571428571,0.030960316197412307
29.0,implicit,0.9285714285714285,0.9285714285714285,0.006479997882578931
29.0,implicit,0.9285714285714285,1.0,0.03436182895684614
29.0,implicit,1.0,0.0,0.03436182895684614
29.0,implicit,1.0,0.07142857142857142,0.03436182895684614
29.0,implicit,1.0,0.14285714285714285,0.03436182895684614
29.0,implicit,1.0,0.21428571428571427,0.03436182895684614
29.0,implicit,1.0,0.2857142857142857,0.03436182895684614
29.0,implicit,1.0,0.3571428571428571,0.03436182895684614
29.0,implicit,1.0,0.42857142857142855,0.03436182895684614
29.0,implicit,1.0,0.5,0.03436182895684614
29.0,implicit,1.0,0.5714285714285714,0.03436182895684614
29.0,implicit,1.0,0.6428571428571428,0.03436182895684614
29.0,implicit,1.0,0.7142857142857142,0.03436182895684614
29.0,implicit,1.0,0.7857142857142857,0.03436182895684614
29.0,implicit,1.0,0.8571428571428571,0.03436182895684614
29.0,implicit,1.0,0.9285714285714285,0.03436182895684614
29.0,implicit,1.0,1.0,0.03436182895684614
30.0,implicit,0.0,0.0,0.0324083969394795
30.0,implicit,0.0,0.07142857142857142,0.0324083969394795
30.0,implicit,0.0,0.14285714285714285,0.0324083969394795
30.0,implicit,0.0,0.21428571428571427,0.0324083969394795
30.0,implicit,0.0,0.2857142857142857,0.0324083969394795
30.0,implicit,0.0,0.3571428571428571,0.0324083969394795
30.0,implicit,0.0,0.42857142857142855,0.0324083969394795
30.0,implicit,0.0,0.5,0.0324083969394795
30.0,implicit,0.0,0.5714285714285714,0.0324083969394795
30.0,implicit,0.0,0.6428571428571428,0.0324083969394795
30.0,implicit,0.0,0.7142857142857142,0.0324083969394795
30.0,implicit,0.0,0.7857142857142857,0.0324083969394795
30.0,implicit,0.0,0.8571428571428571,0.0324083969394795
30.0,implicit,0.0,0.9285714285714285,0.0324083969394795
30.0,implicit,0.0,1.0,0.0324083969394795
30.0,implicit,0.07142857142857142,0.0,0.0324083969394795
30.0,implicit,0.07142857142857142,0.07142857142857142,0.0037973077086778696
30.0,implicit,0.07142857142857142,0.14285714285714285,0.029402722839310114
30.0,implicit,0.07142857142857142,0.21428571428571427,0.05104323106613002
30.0,implicit,0.07142857142857142,0.2857142857142857,0.07150222268120056
30.0,implicit,0.07142857142857142,0.3571428571428571,0.09114291925723268
30.0,implicit,0.07142857142857142,0.42857142857142855,0.10790366908470506
30.0,implicit,0.07142857142857142,0.5,0.11579960655146197
30.0,implicit,0.07142857142857142,0.5714285714285714,0.10790366908470485
30.0,implicit,0.07142857142857142,0.6428571428571428,0.09114291925723252
30.0,implicit,0.07142857142857142,0.7142857142857142,0.07150222268120054
30.0,implicit,0.07142857142857142,0.7857142857142857,0.05104323106613004
30.0,implicit,0.07142857142857142,0.8571428571428571,0.02940272283931012
30.0,implicit,0.07142857142857142,0.9285714285714285,0.0037973077086778796
30.0,implicit,0.07142857142857142,1.0,0.0324083969394795
30.0,implicit,0.14285714285714285,0.0,0.0324083969394795
30.0,implicit,0.14285714285714285,0.07142857142857142,0.029402722839310117
30.0,implicit,0.14285714285714285,0.14285714285714285,0.07755339514103712
30.0,implicit,0.14285714285714285,0.21428571428571427,0.12004913739528304
30.0,implicit,0.14285714285714285,0.2857142857142857,0.16084160781850662
30.0,implicit,0.14285714285714285,0.3571428571428571,0.20010801379644214
30.0,implicit,0.14285714285714285,0.42857142857142855,0.23362712392763538
30.0,implicit,0.14285714285714285,0.5,0.2494182707112472
30.0,implicit,0.14285714285714285,0.5714285714285714,0.233627123927635
30.0,implicit,0.14285714285714285,0.6428571428571428,0.2001080137964415
30.0,implicit,0.14285714285714285,0.7142857142857142,0.1608416078185065
30.0,implicit,0.14285714285714285,0.7857142857142857,0.12004913739528308
30.0,implicit,0.14285714285714285,0.8571428571428571,0.07755339514103714
30.0,implicit,0.14285714285714285,0.9285714285714285,0.02940272283931014
30.0,implicit,0.14285714285714285,1.0,0.0324083969394795
30.0,implicit,0.21428571428571427,0.0,0.0324083969394795
30.0,implicit,0.21428571428571427,0.07142857142857142,0.051043231066129825
30.0,implicit,0.21428571428571427,0.14285714285714285,0.1200491373952829
30.0,implicit,0.21428571428571427,0.21428571428571427,0.18300511383050233
30.0,implicit,0.21428571428571427,0.2857142857142857,0.2440614496233545
30.0,implicit,0.21428571428571427,0.3571428571428571,0.30293360300217764
30.0,implicit,0.21428571428571427,0.42857142857142855,0.3531978017129506
30.0,implicit,0.21428571428571427,0.5,0.3768780903672624
30.0,implicit,0.21428571428571427,0.5714285714285714,0.35319780171294934
30.0,implicit,0.21428571428571427,0.6428571428571428,0.3029336030021773
30.0,implicit,0.21428571428571427,0.7142857142857142,0.24406144962335458
30.0,implicit,0.21428571428571427,0.7857142857142857,0.18300511383050236
30.0,implicit,0.21428571428571427,0.8571428571428571,0.12004913739528296
30.0,implicit,0.21428571428571427,0.9285714285714285,0.051043231066129874
30.0,implicit,0.21428571428571427,1.0,0.0324083969394795
30.0,implicit,0.2857142857142857,0.0,0.0324083969394795
30.0,implicit,0.2857142857142857,0.07142857142857142,0.07150222268120025
30.0,implicit,0.2857142857142857,0.14285714285714285,0.1608416078185064
30.0,implicit,0.2857142857142857,0.21428571428571427,0.24406144962335416
30.0,implicit,0.2857142857142857,0.2857142857142857,0.3252595444062694
30.0,implicit,0.2857142857142857,0.3571428571428571,0.40362795676738017
30.0,implicit,0.2857142857142857,0.42857142857142855,0.4705446917890653
30.0,implicit,0.2857142857142857,0.5,0.502071258116376
30.0,implicit,0.2857142857142857,0.5714285714285714,0.4705446917890663
30.0,implicit,0.2857142857142857,0.6428571428571428,0.40362795676738017
30.0,implicit,0.2857142857142857,0.7142857142857142,0.32525954440626936
30.0,implicit,0.2857142857142857,0.7857142857142857,0.24406144962335413
30.0,implicit,0.2857142857142857,0.8571428571428571,0.16084160781850645
30.0,implicit,0.2857142857142857,0.9285714285714285,0.07150222268120028
30.0,implicit,0.2857142857142857,1.0,0.0324083969394795
30.0,implicit,0.3571428571428571,0.0,0.0324083969394795
30.0,implicit,0.3571428571428571,0.07142857142857142,0.09114291925723239
30.0,implicit,0.3571428571428571,0.14285714285714285,0.20010801379644083
30.0,implicit,0.3571428571428571,0.21428571428571427,0.30293360300217653
30.0,implicit,0.3571428571428571,0.2857142857142857,0.40362795676737717
30.0,implicit,0.3571428571428571,0.3571428571428571,0.5008693495889843
30.0,implicit,0.3571428571428571,0.42857142857142855,0.5839092606293191
30.0,implicit,0.3571428571428571,0.5,0.6230357659158238
30.0,implicit,0.3571428571428571,0.5714285714285714,0.5839092606293212
30.0,implicit,0.3571428571428571,0.6428571428571428,0.5008693495889853
30.0,implicit,0.3571428571428571,0.7142857142857142,0.40362795676737706
30.0,implicit,0.3571428571428571,0.7857142857142857,0.3029336030021765
30.0,implicit,0.3571428571428571,0.8571428571428571,0.20010801379644055
30.0,implicit,0.3571428571428571,0.9285714285714285,0.09114291925723242
30.0,implicit,0.3571428571428571,1.0,0.0324083969394795
30.0,implicit,0.42857142857142855,0.0,0.0324083969394795
30.0,implicit,0.42857142857142855,0.07142857142857142,0.10790366908470522
30.0,implicit,0.42857142857142855,0.14285714285714285,0.2336271239276351
30.0,implicit,0.42857142857142855,0.21428571428571427,0.3531978017129499
30.0,implicit,0.42857142857142855,0.2857142857142857,0.4705446917890668
30.0,implicit,0.42857142857142855,0.3571428571428571,0.5839092606293227
30.0,implicit,0.42857142857142855,0.42857142857142855,0.6807308423555225
30.0,implicit,0.42857142857142855,0.5,0.7263611403071171
30.0,implicit,0.42857142857142855,0.5714285714285714,0.6807308423555201
30.0,implicit,0.42857142857142855,0.6428571428571428,0.583909260629321
30.0,implicit,0.42857142857142855,0.7142857142857142,0.4705446917890653
30.0,implicit,0.42857142857142855,0.7857142857142857,0.3531978017129495
30.0,implicit,0.42857142857142855,0.8571428571428571,0.2336271239276351
30.0,implicit,0.42857142857142855,0.9285714285714285,0.10790366908470525
30.0,implicit,0.42857142857142855,1.0,0.0324083969394795
30.0,implicit,0.5,0.0,0.0324083969394795
30.0,implicit,0.5,0.07142857142857142,0.11579960655146206
30.0,implicit,0.5,0.14285714285714285,0.2494182707112477
30.0,implicit,0.5,0.21428571428571427,0.3768780903672653
30.0,implicit,0.5,0.2857142857142857,0.5020712581163779
30.0,implicit,0.5,0.3571428571428571,0.6230357659158248
30.0,implicit,0.5,0.42857142857142855,0.7263611403071163
30.0,implicit,0.5,0.5,0.7750682488729088
30.0,implicit,0.5,0.5714285714285714,0.7263611403071176
30.0,implicit,0.5,0.6428571428571428,0.6230357659158221
30.0,implicit,0.5,0.7142857142857142,0.5020712581163745
30.0,implicit,0.5,0.7857142857142857,0.37687809036726466
30.0,implicit,0.5,0.8571428571428571,0.2494182707112479
30.0,implicit,0.5,0.9285714285714285,0.11579960655146213
30.0,implicit,0.5,1.0,0.0324083969394795
30.0,implicit,0.5714285714285714,0.0,0.0324083969394795
30.0,implicit,0.5714285714285714,0.07142857142857142,0.10790366908470489
30.0,implicit,0.5714285714285714,0.14285714285714285,0.2336271239276354
30.0,implicit,0.5714285714285714,0.21428571428571427,0.3531978017129512
30.0,implicit,0.5714285714285714,0.2857142857142857,0.4705446917890674
30.0,implicit,0.5714285714285714,0.3571428571428571,0.5839092606293235
30.0,implicit,0.5714285714285714,0.42857142857142855,0.6807308423555222
30.0,implicit,0.5714285714285714,0.5,0.7263611403071195
30.0,implicit,0.5714285714285714,0.5714285714285714,0.6807308423555247
30.0,implicit,0.5714285714285714,0.6428571428571428,0.5839092606293232
30.0,implicit,0.5714285714285714,0.7142857142857142,0.4705446917890689
30.0,implicit,0.5714285714285714,0.7857142857142857,0.3531978017129513
30.0,implicit,0.5714285714285714,0.8571428571428571,0.2336271239276359
30.0,implicit,0.5714285714285714,0.9285714285714285,0.10790366908470504
30.0,implicit,0.5714285714285714,1.0,0.0324083969394795
30.0,implicit,0.6428571428571428,0.0,0.0324083969394795
30.0,implicit,0.6428571428571428,0.07142857142857142,0.09114291925723267
30.0,implicit,0.6428571428571428,0.14285714285714285,0.20010801379644302
30.0,implicit,0.6428571428571428,0.21428571428571427,0.3029336030021779
30.0,implicit,0.6428571428571428,0.2857142857142857,0.4036279567673808
30.0,implicit,0.6428571428571428,0.3571428571428571,0.5008693495889854
30.0,implicit,0.6428571428571428,0.42857142857142855,0.5839092606293221
30.0,implicit,0.6428571428571428,0.5,0.6230357659158232
30.0,implicit,0.6428571428571428,0.5714285714285714,0.5839092606293244
30.0,implicit,0.6428571428571428,0.6428571428571428,0.500869349588987
30.0,implicit,0.6428571428571428,0.7142857142857142,0.40362795676738145
30.0,implicit,0.6428571428571428,0.7857142857142857,0.3029336030021778
30.0,implicit,0.6428571428571428,0.8571428571428571,0.20010801379644177
30.0,implicit,0.6428571428571428,0.9285714285714285,0.09114291925723238
30.0,implicit,0.6428571428571428,1.0,0.0324083969394795
30.0,implicit,0.7142857142857142,0.0,0.0324083969394795
30.0,implicit,0.7142857142857142,0.07142857142857142,0.0715022226812006
30.0,implicit,0.7142857142857142,0.14285714285714285,0.16084160781850682
30.0,implicit,0.7142857142857142,0.21428571428571427,0.2440614496233547
30.0,implicit,0.7142857142857142,0.2857142857142857,0.32525954440626986
30.0,implicit,0.7142857142857142,0.3571428571428571,0.4036279567673789
30.0,implicit,0.7142857142857142,0.42857142857142855,0.47054469178906627
30.0,implicit,0.7142857142857142,0.5,0.5020712581163771
30.0,implicit,0.7142857142857142,0.5714285714285714,0.4705446917890655
30.0,implicit,0.7142857142857142,0.6428571428571428,0.40362795676737834
30.0,implicit,0.7142857142857142,0.7142857142857142,0.3252595444062699
30.0,implicit,0.7142857142857142,0.7857142857142857,0.2440614496233547
30.0,implicit,0.7142857142857142,0.8571428571428571,0.16084160781850654
30.0,implicit,0.7142857142857142,0.9285714285714285,0.07150222268120052
30.0,implicit,0.7142857142857142,1.0,0.0324083969394795
30.0,implicit,0.7857142857142857,0.0,0.0324083969394795
30.0,implicit,0.7857142857142857,0.07142857142857142,0.05104323106613004
30.0,implicit,0.7857142857142857,0.14285714285714285,0.12004913739528313
30.0,implicit,0.7857142857142857,0.21428571428571427,0.1830051138305025
30.0,implicit,0.7857142857142857,0.2857142857142857,0.24406144962335444
30.0,implicit,0.7857142857142857,0.3571428571428571,0.3029336030021771
30.0,implicit,0.7857142857142857,0.42857142857142855,0.35319780171294957
30.0,implicit,0.7857142857142857,0.5,0.37687809036726383
30.0,implicit,0.7857142857142857,0.5714285714285714,0.3531978017129486
30.0,implicit,0.7857142857142857,0.6428571428571428,0.3029336030021769
30.0,implicit,0.7857142857142857,0.7142857142857142,0.24406144962335444
30.0,implicit,0.7857142857142857,0.7857142857142857,0.18300511383050247
30.0,implicit,0.7857142857142857,0.8571428571428571,0.12004913739528313
30.0,implicit,0.7857142857142857,0.9285714285714285,0.051043231066130054
30.0,implicit,0.7857142857142857,1.0,0.0324083969394795
30.0,implicit,0.8571428571428571,0.0,0.0324083969394795
30.0,implicit,0.8571428571428571,0.07142857142857142,0.02940272283931012
30.0,implicit,0.8571428571428571,0.14285714285714285,0.07755339514103715
30.0,implicit,0.8571428571428571,0.21428571428571427,0.12004913739528297
30.0,implicit,0.8571428571428571,0.2857142857142857,0.16084160781850645
30.0,implicit,0.8571428571428571,0.3571428571428571,0.2001080137964406
30.0,implicit,0.8571428571428571,0.42857142857142855,0.23362712392763485
30.0,implicit,0.8571428571428571,0.5,0.24941827071124742
30.0,implicit,0.8571428571428571,0.5714285714285714,0.2336271239276345
30.0,implicit,0.8571428571428571,0.6428571428571428,0.2001080137964413
30.0,implicit,0.8571428571428571,0.7142857142857142,0.1608416078185066
30.0,implicit,0.8571428571428571,0.7857142857142857,0.12004913739528308
30.0,implicit,0.8571428571428571,0.8571428571428571,0.07755339514103722
30.0,implicit,0.8571428571428571,0.9285714285714285,0.029402722839310128
30.0,implicit,0.8571428571428571,1.0,0.0324083969394795
30.0,implicit,0.9285714285714285,0.0,0.0324083969394795
30.0,implicit,0.9285714285714285,0.07142857142857142,0.0037973077086778796
30.0,implicit,0.9285714285714285,0.14285714285714285,0.02940272283931014
30.0,implicit,0.9285714285714285,0.21428571428571427,0.051043231066129874
30.0,implicit,0.9285714285714285,0.2857142857142857,0.0715022226812003
30.0,implicit,0.9285714285714285,0.3571428571428571,0.09114291925723263
30.0,implicit,0.9285714285714285,0.42857142857142855,0.10790366908470525
30.0,implicit,0.9285714285714285,0.5,0.11579960655146207
30.0,implicit,0.9285714285714285,0.5714285714285714,0.10790366908470506
30.0,implicit,0.9285714285714285,0.6428571428571428,0.09114291925723239
30.0,implicit,0.9285714285714285,0.7142857142857142,0.0715022226812003
30.0,implicit,0.9285714285714285,0.7857142857142857,0.051043231066129895
30.0,implicit,0.9285714285714285,0.8571428571428571,0.02940272283931017
30.0,implicit,0.9285714285714285,0.9285714285714285,0.0037973077086778896
30.0,implicit,0.9285714285714285,1.0,0.0324083969394795
30.0,implicit,1.0,0.0,0.0324083969394795
30.0,implicit,1.0,0.07142857142857142,0.0324083969394795
30.0,implicit,1.0,0.14285714285714285,0.0324083969394795
30.0,implicit,1.0,0.21428571428571427,0.0324083969394795
30.0,implicit,1.0,0.2857142857142857,0.0324083969394795
30.0,implicit,1.0,0.3571428571428571,0.0324083969394795
30.0,implicit,1.0,0.42857142857142855,0.0324083969394795
30.0,implicit,1.0,0.5,0.0324083969394795
30.0,implicit,1.0,0.5714285714285714,0.0324083969394795
30.0,implicit,1.0,0.6428571428571428,0.0324083969394795
30.0,implicit,1.0,0.7142857142857142,0.0324083969394795
30.0,implicit,1.0,0.7857142857142857,0.0324083969394795
30.0,implicit,1.0,0.8571428571428571,0.0324083969394795
30.0,implicit,1.0,0.9285714285714285,0.0324083969394795
30.0,implicit,1.0,1.0,0.0324083969394795
31.0,implicit,0.0,0.0,-0.06769220003059588
31.0,implicit,0.0,0.07142857142857142,-0.06769220003059588
31.0,implicit,0.0,0.14285714285714285,-0.06769220003059588
31.0,implicit,0.0,0.21428571428571427,-0.06769220003059588
31.0,implicit,0.0,0.2857142857142857,-0.06769220003059588
31.0,implicit,0.0,0.3571428571428571,-0.06769220003059588
31.0,implicit,0.0,0.42857142857142855,-0.06769220003059588
31.0,implicit,0.0,0.5,-0.06769220003059588
31.0,implicit,0.0,0.5714285714285714,-0.06769220003059588
31.0,implicit,0.0,0.6428571428571428,-0.06769220003059588
31.0,implicit,0.0,0.7142857142857142,-0.06769220003059588
31.0,implicit,0.0,0.7857142857142857,-0.06769220003059588
31.0,implicit,0.0,0.8571428571428571,-0.06769220003059588
31.0,implicit,0.0,0.9285714285714285,-0.06769220003059588
31.0,implicit,0.0,1.0,-0.06769220003059588
31.0,implicit,0.07142857142857142,0.0,-0.06769220003059588
31.0,implicit,0.07142857142857142,0.07142857142857142,0.002160299058515051
31.0,implicit,0.07142857142857142,0.14285714285714285,0.028374796977083606
31.0,implicit,0.07142857142857142,0.21428571428571427,0.05007733134487139
31.0,implicit,0.07142857142857142,0.2857142857142857,0.07054242876518614
31.0,implicit,0.07142857142857142,0.3571428571428571,0.09012536051248742
31.0,implicit,0.07142857142857142,0.42857142857142855,0.10672386398061863
31.0,implicit,0.07142857142857142,0.5,0.11443798887840391
31.0,implicit,0.07142857142857142,0.5714285714285714,0.10672386398061844
31.0,implicit,0.07142857142857142,0.6428571428571428,0.09012536051248726
31.0,implicit,0.07142857142857142,0.7142857142857142,0.07054242876518613
31.0,implicit,0.07142857142857142,0.7857142857142857,0.05007733134487141
31.0,implicit,0.07142857142857142,0.8571428571428571,0.028374796977083613
31.0,implicit,0.07142857142857142,0.9285714285714285,0.002160299058515061
31.0,implicit,0.07142857142857142,1.0,-0.06769220003059588
31.0,implicit,0.14285714285714285,0.0,-0.06769220003059588
31.0,implicit,0.14285714285714285,0.07142857142857142,0.02837479697708361
31.0,implicit,0.14285714285714285,0.14285714285714285,0.0772243009836855
31.0,implicit,0.14285714285714285,0.21428571428571427,0.11982442682334997
31.0,implicit,0.14285714285714285,0.2857142857142857,0.1606192095478943
31.0,implicit,0.14285714285714285,0.3571428571428571,0.19976759083220688
31.0,implicit,0.14285714285714285,0.42857142857142855,0.23296162878548288
31.0,implicit,0.14285714285714285,0.5,0.24838900579190576
31.0,implicit,0.14285714285714285,0.5714285714285714,0.23296162878548238
31.0,implicit,0.14285714285714285,0.6428571428571428,0.19976759083220633
31.0,implicit,0.14285714285714285,0.7142857142857142,0.1606192095478942
31.0,implicit,0.14285714285714285,0.7857142857142857,0.11982442682335001
31.0,implicit,0.14285714285714285,0.8571428571428571,0.07722430098368552
31.0,implicit,0.14285714285714285,0.9285714285714285,0.028374796977083633
31.0,implicit,0.14285714285714285,1.0,-0.06769220003059588
31.0,implicit,0.21428571428571427,0.0,-0.06769220003059588
31.0,implicit,0.21428571428571427,0.07142857142857142,0.05007733134487119
31.0,implicit,0.21428571428571427,0.14285714285714285,0.11982442682334978
31.0,implicit,0.21428571428571427,0.21428571428571427,0.18289589571959244
31.0,implicit,0.21428571428571427,0.2857142857142857,0.24393988589759855
31.0,implicit,0.21428571428571427,0.3571428571428571,0.30263000923120015
31.0,implicit,0.21428571428571427,0.42857142857142855,0.35240432149041717
31.0,implicit,0.21428571428571427,0.5,0.37553811665554904
31.0,implicit,0.21428571428571427,0.5714285714285714,0.35240432149041584
31.0,implicit,0.21428571428571427,0.6428571428571428,0.3026300092311998
31.0,implicit,0.21428571428571427,0.7142857142857142,0.24393988589759863
31.0,implicit,0.21428571428571427,0.7857142857142857,0.1828958957195925
31.0,implicit,0.21428571428571427,0.8571428571428571,0.11982442682334986
31.0,implicit,0.21428571428571427,0.9285714285714285,0.05007733134487124
31.0,implicit,0.21428571428571427,1.0,-0.06769220003059588
31.0,implicit,0.2857142857142857,0.0,-0.06769220003059588
31.0,implicit,0.2857142857142857,0.07142857142857142,0.07054242876518584
31.0,implicit,0.2857142857142857,0.14285714285714285,0.16061920954789413
31.0,implicit,0.2857142857142857,0.21428571428571427,0.24393988589759813
31.0,implicit,0.2857142857142857,0.2857142857142857,0.3250957019218969
31.0,implicit,0.2857142857142857,0.3571428571428571,0.4032061104523758
31.0,implicit,0.2857142857142857,0.42857142857142855,0.46945897603673997
31.0,implicit,0.2857142857142857,0.5,0.5002526759688566
31.0,implicit,0.2857142857142857,0.5714285714285714,0.469458976036741
31.0,implicit,0.2857142857142857,0.6428571428571428,0.4032061104523759
31.0,implicit,0.2857142857142857,0.7142857142857142,0.32509570192189685
31.0,implicit,0.2857142857142857,0.7857142857142857,0.2439398858975981
31.0,implicit,0.2857142857142857,0.8571428571428571,0.16061920954789416
31.0,implicit,0.2857142857142857,0.9285714285714285,0.07054242876518586
31.0,implicit,0.2857142857142857,1.0,-0.06769220003059588
31.0,implicit,0.3571428571428571,0.0,-0.06769220003059588
31.0,implicit,0.3571428571428571,0.07142857142857142,0.09012536051248705
31.0,implicit,0.3571428571428571,0.14285714285714285,0.1997675908322056
31.0,implicit,0.3571428571428571,0.21428571428571427,0.30263000923119904
31.0,implicit,0.3571428571428571,0.2857142857142857,0.4032061104523728
31.0,implicit,0.3571428571428571,0.3571428571428571,0.5000711342471271
31.0,implicit,0.3571428571428571,0.42857142857142855,0.5822408383444452
31.0,implicit,0.3571428571428571,0.5,0.6204363404364733
31.0,implicit,0.3571428571428571,0.5714285714285714,0.5822408383444471
31.0,implicit,0.3571428571428571,0.6428571428571428,0.5000711342471285
31.0,implicit,0.3571428571428571,0.7142857142857142,0.4032061104523727
31.0,implicit,0.3571428571428571,0.7857142857142857,0.302630009231199
31.0,implicit,0.3571428571428571,0.8571428571428571,0.19976759083220524
31.0,implicit,0.3571428571428571,0.9285714285714285,0.09012536051248712
31.0,implicit,0.3571428571428571,1.0,-0.06769220003059588
31.0,implicit,0.42857142857142855,0.0,-0.06769220003059588
31.0,implicit,0.42857142857142855,0.07142857142857142,0.1067238639806188
31.0,implicit,0.42857142857142855,0.14285714285714285,0.23296162878548252
31.0,implicit,0.42857142857142855,0.21428571428571427,0.35240432149041634
31.0,implicit,0.42857142857142855,0.2857142857142857,0.46945897603674147
31.0,implicit,0.42857142857142855,0.3571428571428571,0.5822408383444488
31.0,implicit,0.42857142857142855,0.42857142857142855,0.6779264964094753
31.0,implicit,0.42857142857142855,0.5,0.7224143907953922
31.0,implicit,0.42857142857142855,0.5714285714285714,0.6779264964094727
31.0,implicit,0.42857142857142855,0.6428571428571428,0.5822408383444466
31.0,implicit,0.42857142857142855,0.7142857142857142,0.4694589760367398
31.0,implicit,0.42857142857142855,0.7857142857142857,0.35240432149041595
31.0,implicit,0.42857142857142855,0.8571428571428571,0.23296162878548252
31.0,implicit,0.42857142857142855,0.9285714285714285,0.10672386398061882
31.0,implicit,0.42857142857142855,1.0,-0.06769220003059588
31.0,implicit,0.5,0.0,-0.06769220003059588
31.0,implicit,0.5,0.07142857142857142,0.11443798887840403
31.0,implicit,0.5,0.14285714285714285,0.24838900579190626
31.0,implicit,0.5,0.21428571428571427,0.3755381166555519
31.0,implicit,0.5,0.2857142857142857,0.5002526759688588
31.0,implicit,0.5,0.3571428571428571,0.6204363404364747
31.0,implicit,0.5,0.42857142857142855,0.722414390795391
31.0,implicit,0.5,0.5,0.769838468828176
31.0,implicit,0.5,0.5714285714285714,0.7224143907953926
31.0,implicit,0.5,0.6428571428571428,0.6204363404364722
31.0,implicit,0.5,0.7142857142857142,0.5002526759688554
31.0,implicit,0.5,0.7857142857142857,0.3755381166555514
31.0,implicit,0.5,0.8571428571428571,0.24838900579190643
31.0,implicit,0.5,0.9285714285714285,0.11443798887840409
31.0,implicit,0.5,1.0,-0.06769220003059588
31.0,implicit,0.5714285714285714,0.0,-0.06769220003059588
31.0,implicit,0.5714285714285714,0.07142857142857142,0.10672386398061848
31.0,implicit,0.5714285714285714,0.14285714285714285,0.23296162878548282
31.0,implicit,0.5714285714285714,0.21428571428571427,0.3524043214904178
31.0,implicit,0.5714285714285714,0.2857142857142857,0.469458976036742
31.0,implicit,0.5714285714285714,0.3571428571428571,0.5822408383444492
31.0,implicit,0.5714285714285714,0.42857142857142855,0.6779264964094751
31.0,implicit,0.5714285714285714,0.5,0.7224143907953949
31.0,implicit,0.5714285714285714,0.5714285714285714,0.6779264964094777
31.0,implicit,0.5714285714285714,0.6428571428571428,0.5822408383444491
31.0,implicit,0.5714285714285714,0.7142857142857142,0.46945897603674364
31.0,implicit,0.5714285714285714,0.7857142857142857,0.3524043214904178
31.0,implicit,0.5714285714285714,0.8571428571428571,0.23296162878548335
31.0,implicit,0.5714285714285714,0.9285714285714285,0.1067238639806186
31.0,implicit,0.5714285714285714,1.0,-0.06769220003059588
31.0,implicit,0.6428571428571428,0.0,-0.06769220003059588
31.0,implicit,0.6428571428571428,0.07142857142857142,0.09012536051248739
31.0,implicit,0.6428571428571428,0.14285714285714285,0.19976759083220785
31.0,implicit,0.6428571428571428,0.21428571428571427,0.30263000923120054
31.0,implicit,0.6428571428571428,0.2857142857142857,0.4032061104523765
31.0,implicit,0.6428571428571428,0.3571428571428571,0.5000711342471287
31.0,implicit,0.6428571428571428,0.42857142857142855,0.5822408383444482
31.0,implicit,0.6428571428571428,0.5,0.620436340436473
31.0,implicit,0.6428571428571428,0.5714285714285714,0.5822408383444502
31.0,implicit,0.6428571428571428,0.6428571428571428,0.5000711342471302
31.0,implicit,0.6428571428571428,0.7142857142857142,0.4032061104523772
31.0,implicit,0.6428571428571428,0.7857142857142857,0.3026300092312005
31.0,implicit,0.6428571428571428,0.8571428571428571,0.19976759083220663
31.0,implicit,0.6428571428571428,0.9285714285714285,0.09012536051248712
31.0,implicit,0.6428571428571428,1.0,-0.06769220003059588
31.0,implicit,0.7142857142857142,0.0,-0.06769220003059588
31.0,implicit,0.7142857142857142,0.07142857142857142,0.07054242876518618
31.0,implicit,0.7142857142857142,0.14285714285714285,0.16061920954789452
31.0,implicit,0.7142857142857142,0.21428571428571427,0.24393988589759877
31.0,implicit,0.7142857142857142,0.2857142857142857,0.3250957019218974
31.0,implicit,0.7142857142857142,0.3571428571428571,0.4032061104523747
31.0,implicit,0.7142857142857142,0.42857142857142855,0.469458976036741
31.0,implicit,0.7142857142857142,0.5,0.5002526759688578
31.0,implicit,0.7142857142857142,0.5714285714285714,0.4694589760367402
31.0,implicit,0.7142857142857142,0.6428571428571428,0.4032061104523742
31.0,implicit,0.7142857142857142,0.7142857142857142,0.32509570192189735
31.0,implicit,0.7142857142857142,0.7857142857142857,0.24393988589759877
31.0,implicit,0.7142857142857142,0.8571428571428571,0.16061920954789424
31.0,implicit,0.7142857142857142,0.9285714285714285,0.0705424287651861
31.0,implicit,0.7142857142857142,1.0,-0.06769220003059588
31.0,implicit,0.7857142857142857,0.0,-0.06769220003059588
31.0,implicit,0.7857142857142857,0.07142857142857142,0.05007733134487141
31.0,implicit,0.7857142857142857,0.14285714285714285,0.11982442682335005
31.0,implicit,0.7857142857142857,0.21428571428571427,0.18289589571959264
31.0,implicit,0.7857142857142857,0.2857142857142857,0.2439398858975984
31.0,implicit,0.7857142857142857,0.3571428571428571,0.30263000923119965
31.0,implicit,0.7857142857142857,0.42857142857142855,0.352404321490416
31.0,implicit,0.7857142857142857,0.5,0.37553811665555054
31.0,implicit,0.7857142857142857,0.5714285714285714,0.3524043214904151
31.0,implicit,0.7857142857142857,0.6428571428571428,0.3026300092311994
31.0,implicit,0.7857142857142857,0.7142857142857142,0.2439398858975984
31.0,implicit,0.7857142857142857,0.7857142857142857,0.18289589571959264
31.0,implicit,0.7857142857142857,0.8571428571428571,0.11982442682335005
31.0,implicit,0.7857142857142857,0.9285714285714285,0.050077331344871426
31.0,implicit,0.7857142857142857,1.0,-0.06769220003059588
31.0,implicit,0.8571428571428571,0.0,-0.06769220003059588
31.0,implicit,0.8571428571428571,0.07142857142857142,0.028374796977083613
31.0,implicit,0.8571428571428571,0.14285714285714285,0.07722430098368555
31.0,implicit,0.8571428571428571,0.21428571428571427,0.11982442682334987
31.0,implicit,0.8571428571428571,0.2857142857142857,0.1606192095478942
31.0,implicit,0.8571428571428571,0.3571428571428571,0.19976759083220533
31.0,implicit,0.8571428571428571,0.42857142857142855,0.23296162878548235
31.0,implicit,0.8571428571428571,0.5,0.24838900579190595
31.0,implicit,0.8571428571428571,0.5714285714285714,0.23296162878548193
31.0,implicit,0.8571428571428571,0.6428571428571428,0.19976759083220602
31.0,implicit,0.8571428571428571,0.7142857142857142,0.16061920954789433
31.0,implicit,0.8571428571428571,0.7857142857142857,0.11982442682334996
31.0,implicit,0.8571428571428571,0.8571428571428571,0.07722430098368561
31.0,implicit,0.8571428571428571,0.9285714285714285,0.028374796977083623
31.0,implicit,0.8571428571428571,1.0,-0.06769220003059588
31.0,implicit,0.9285714285714285,0.0,-0.06769220003059588
31.0,implicit,0.9285714285714285,0.07142857142857142,0.002160299058515061
31.0,implicit,0.9285714285714285,0.14285714285714285,0.028374796977083633
31.0,implicit,0.9285714285714285,0.21428571428571427,0.05007733134487124
31.0,implicit,0.9285714285714285,0.2857142857142857,0.07054242876518589
31.0,implicit,0.9285714285714285,0.3571428571428571,0.0901253605124873
31.0,implicit,0.9285714285714285,0.42857142857142855,0.10672386398061882
31.0,implicit,0.9285714285714285,0.5,0.11443798887840403
31.0,implicit,0.9285714285714285,0.5714285714285714,0.10672386398061863
31.0,implicit,0.9285714285714285,0.6428571428571428,0.09012536051248707
31.0,implicit,0.9285714285714285,0.7142857142857142,0.07054242876518588
31.0,implicit,0.9285714285714285,0.7857142857142857,0.050077331344871266
31.0,implicit,0.9285714285714285,0.8571428571428571,0.02837479697708366
31.0,implicit,0.9285714285714285,0.9285714285714285,0.002160299058515071
31.0,implicit,0.9285714285714285,1.0,-0.06769220003059588
31.0,implicit,1.0,0.0,-0.06769220003059588
31.0,implicit,1.0,0.07142857142857142,-0.06769220003059588
31.0,implicit,1.0,0.14285714285714285,-0.06769220003059588
31.0,implicit,1.0,0.21428571428571427,-0.06769220003059588
31.0,implicit,1.0,0.2857142857142857,-0.06769220003059588
31.0,implicit,1.0,0.3571428571428571,-0.06769220003059588
31.0,implicit,1.0,0.42857142857142855,-0.06769220003059588
31.0,implicit,1.0,0.5,-0.06769220003059588
31.0,implicit,1.0,0.5714285714285714,-0.06769220003059588
31.0,implicit,1.0,0.6428571428571428,-0.06769220003059588
31.0,implicit,1.0,0.7142857142857142,-0.06769220003059588
31.0,implicit,1.0,0.7857142857142857,-0.06769220003059588
31.0,implicit,1.0,0.8571428571428571,-0.06769220003059588
31.0,implicit,1.0,0.9285714285714285,-0.06769220003059588
31.0,implicit,1.0,1.0,-0.06769220003059588
32.0,implicit,0.0,0.0,0.06116762888408679
32.0,implicit,0.0,0.07142857142857142,0.06116762888408679
32.0,implicit,0.0,0.14285714285714285,0.06116762888408679
32.0,implicit,0.0,0.21428571428571427,0.06116762888408679
32.0,implicit,0.0,0.2857142857142857,0.06116762888408679
32.0,implicit,0.0,0.3571428571428571,0.06116762888408679
32.0,implicit,0.0,0.42857142857142855,0.06116762888408679
32.0,implicit,0.0,0.5,0.06116762888408679
32.0,implicit,0.0,0.5714285714285714,0.06116762888408679
32.0,implicit,0.0,0.6428571428571428,0.06116762888408679
32.0,implicit,0.0,0.7142857142857142,0.06116762888408679
32.0,implicit,0.0,0.7857142857142857,0.06116762888408679
32.0,implicit,0.0,0.8571428571428571,0.06116762888408679
32.0,implicit,0.0,0.9285714285714285,0.06116762888408679
32.0,implicit,0.0,1.0,0.06116762888408679
32.0,implicit,0.07142857142857142,0.0,0.06116762888408679
32.0,implicit,0.07142857142857142,0.07142857142857142,0.004400107814267031
32.0,implicit,0.07142857142857142,0.14285714285714285,0.029417166017120897
32.0,implicit,0.07142857142857142,0.21428571428571427,0.05113673932012519
32.0,implicit,0.07142857142857142,0.2857142857142857,0.07160454054981973
32.0,implicit,0.07142857142857142,0.3571428571428571,0.09115816915933429
32.0,implicit,0.07142857142857142,0.42857142857142855,0.10767644043273569
32.0,implicit,0.07142857142857142,0.5,0.11530342586402689
32.0,implicit,0.07142857142857142,0.5714285714285714,0.10767644043273548
32.0,implicit,0.07142857142857142,0.6428571428571428,0.09115816915933414
32.0,implicit,0.07142857142857142,0.7142857142857142,0.07160454054981971
32.0,implicit,0.07142857142857142,0.7857142857142857,0.051136739320125205
32.0,implicit,0.07142857142857142,0.8571428571428571,0.029417166017120903
32.0,implicit,0.07142857142857142,0.9285714285714285,0.00440010781426704
32.0,implicit,0.07142857142857142,1.0,0.06116762888408679
32.0,implicit,0.14285714285714285,0.0,0.06116762888408679
32.0,implicit,0.14285714285714285,0.07142857142857142,0.0294171660171209
32.0,implicit,0.14285714285714285,0.14285714285714285,0.07708650266046717
32.0,implicit,0.14285714285714285,0.21428571428571427,0.11972425887983823
32.0,implicit,0.14285714285714285,0.2857142857142857,0.16051971616605978
32.0,implicit,0.14285714285714285,0.3571428571428571,0.19960820325969839
32.0,implicit,0.14285714285714285,0.42857142857142855,0.232641463097926
32.0,implicit,0.14285714285714285,0.5,0.24789448227587169
32.0,implicit,0.14285714285714285,0.5714285714285714,0.23264146309792544
32.0,implicit,0.14285714285714285,0.6428571428571428,0.1996082032596978
32.0,implicit,0.14285714285714285,0.7142857142857142,0.16051971616605964
32.0,implicit,0.14285714285714285,0.7857142857142857,0.11972425887983827
32.0,implicit,0.14285714285714285,0.8571428571428571,0.07708650266046718
32.0,implicit,0.14285714285714285,0.9285714285714285,0.029417166017120924
32.0,implicit,0.14285714285714285,1.0,0.06116762888408679
32.0,implicit,0.21428571428571427,0.0,0.06116762888408679
32.0,implicit,0.21428571428571427,0.07142857142857142,0.05113673932012498
32.0,implicit,0.21428571428571427,0.14285714285714285,0.11972425887983808
32.0,implicit,0.21428571428571427,0.21428571428571427,0.18283899469372075
32.0,implicit,0.21428571428571427,0.2857142857142857,0.24387604130795643
32.0,implicit,0.21428571428571427,0.3571428571428571,0.3024736801692131
32.0,implicit,0.21428571428571427,0.42857142857142855,0.3520056087390039
32.0,implicit,0.21428571428571427,0.5,0.37487742435496924
32.0,implicit,0.21428571428571427,0.5714285714285714,0.35200560873900244
32.0,implicit,0.21428571428571427,0.6428571428571428,0.3024736801692127
32.0,implicit,0.21428571428571427,0.7142857142857142,0.2438760413079565
32.0,implicit,0.21428571428571427,0.7857142857142857,0.1828389946937208
32.0,implicit,0.21428571428571427,0.8571428571428571,0.11972425887983815
32.0,implicit,0.21428571428571427,0.9285714285714285,0.05113673932012503
32.0,implicit,0.21428571428571427,1.0,0.06116762888408679
32.0,implicit,0.2857142857142857,0.0,0.06116762888408679
32.0,implicit,0.2857142857142857,0.07142857142857142,0.0716045405498194
32.0,implicit,0.2857142857142857,0.14285714285714285,0.16051971616605962
32.0,implicit,0.2857142857142857,0.21428571428571427,0.24387604130795598
32.0,implicit,0.2857142857142857,0.2857142857142857,0.3250093199738177
32.0,implicit,0.2857142857142857,0.3571428571428571,0.40298844038296483
32.0,implicit,0.2857142857142857,0.42857142857142855,0.4689126004768514
32.0,implicit,0.2857142857142857,0.5,0.49935484095309285
32.0,implicit,0.2857142857142857,0.5714285714285714,0.46891260047685246
32.0,implicit,0.2857142857142857,0.6428571428571428,0.4029884403829649
32.0,implicit,0.2857142857142857,0.7142857142857142,0.32500931997381766
32.0,implicit,0.2857142857142857,0.7857142857142857,0.24387604130795595
32.0,implicit,0.2857142857142857,0.8571428571428571,0.16051971616605964
32.0,implicit,0.2857142857142857,0.9285714285714285,0.07160454054981943
32.0,implicit,0.2857142857142857,1.0,0.06116762888408679
32.0,implicit,0.3571428571428571,0.0,0.06116762888408679
32.0,implicit,0.3571428571428571,0.07142857142857142,0.09115816915933395
32.0,implicit,0.3571428571428571,0.14285714285714285,0.1996082032596971
32.0,implicit,0.3571428571428571,0.21428571428571427,0.30247368016921206
32.0,implicit,0.3571428571428571,0.2857142857142857,0.40298844038296183
32.0,implicit,0.3571428571428571,0.3571428571428571,0.4996621117503499
32.0,implicit,0.3571428571428571,0.42857142857142855,0.581400698715509
32.0,implicit,0.3571428571428571,0.5,0.6191494807349897
32.0,implicit,0.3571428571428571,0.5714285714285714,0.5814006987155108
32.0,implicit,0.3571428571428571,0.6428571428571428,0.499662111750351
32.0,implicit,0.3571428571428571,0.7142857142857142,0.4029884403829617
32.0,implicit,0.3571428571428571,0.7857142857142857,0.302473680169212
32.0,implicit,0.3571428571428571,0.8571428571428571,0.19960820325969678
32.0,implicit,0.3571428571428571,0.9285714285714285,0.09115816915933402
32.0,implicit,0.3571428571428571,1.0,0.06116762888408679
32.0,implicit,0.42857142857142855,0.0,0.06116762888408679
32.0,implicit,0.42857142857142855,0.07142857142857142,0.10767644043273585
32.0,implicit,0.42857142857142855,0.14285714285714285,0.2326414630979256
32.0,implicit,0.42857142857142855,0.21428571428571427,0.35200560873900294
32.0,implicit,0.42857142857142855,0.2857142857142857,0.4689126004768528
32.0,implicit,0.42857142857142855,0.3571428571428571,0.5814006987155129
32.0,implicit,0.42857142857142855,0.42857142857142855,0.6765247332658664
32.0,implicit,0.42857142857142855,0.5,0.7204646617421652
32.0,implicit,0.42857142857142855,0.5714285714285714,0.6765247332658636
32.0,implicit,0.42857142857142855,0.6428571428571428,0.5814006987155103
32.0,implicit,0.42857142857142855,0.7142857142857142,0.4689126004768512
32.0,implicit,0.42857142857142855,0.7857142857142857,0.35200560873900255
32.0,implicit,0.42857142857142855,0.8571428571428571,0.23264146309792558
32.0,implicit,0.42857142857142855,0.9285714285714285,0.10767644043273587
32.0,implicit,0.42857142857142855,1.0,0.06116762888408679
32.0,implicit,0.5,0.0,0.06116762888408679
32.0,implicit,0.5,0.07142857142857142,0.11530342586402703
32.0,implicit,0.5,0.14285714285714285,0.24789448227587219
32.0,implicit,0.5,0.21428571428571427,0.3748774243549722
32.0,implicit,0.5,0.2857142857142857,0.499354840953095
32.0,implicit,0.5,0.3571428571428571,0.6191494807349912
32.0,implicit,0.5,0.42857142857142855,0.720464661742164
32.0,implicit,0.5,0.5,0.7672745340895794
32.0,implicit,0.5,0.5714285714285714,0.7204646617421657
32.0,implicit,0.5,0.6428571428571428,0.619149480734989
32.0,implicit,0.5,0.7142857142857142,0.4993548409530916
32.0,implicit,0.5,0.7857142857142857,0.3748774243549717
32.0,implicit,0.5,0.8571428571428571,0.24789448227587235
32.0,implicit,0.5,0.9285714285714285,0.11530342586402709
32.0,implicit,0.5,1.0,0.06116762888408679
32.0,implicit,0.5714285714285714,0.0,0.06116762888408679
32.0,implicit,0.5714285714285714,0.07142857142857142,0.10767644043273551
32.0,implicit,0.5714285714285714,0.14285714285714285,0.2326414630979259
32.0,implicit,0.5714285714285714,0.21428571428571427,0.35200560873900444
32.0,implicit,0.5714285714285714,0.2857142857142857,0.4689126004768535
32.0,implicit,0.5714285714285714,0.3571428571428571,0.5814006987155131
32.0,implicit,0.5714285714285714,0.42857142857142855,0.6765247332658662
32.0,implicit,0.5714285714285714,0.5,0.7204646617421679
32.0,implicit,0.5714285714285714,0.5714285714285714,0.6765247332658686
32.0,implicit,0.5714285714285714,0.6428571428571428,0.5814006987155129
32.0,implicit,0.5714285714285714,0.7142857142857142,0.468912600476855
32.0,implicit,0.5714285714285714,0.7857142857142857,0.35200560873900444
32.0,implicit,0.5714285714285714,0.8571428571428571,0.2326414630979264
32.0,implicit,0.5714285714285714,0.9285714285714285,0.10767644043273564
32.0,implicit,0.5714285714285714,1.0,0.06116762888408679
32.0,implicit,0.6428571428571428,0.0,0.06116762888408679
32.0,implicit,0.6428571428571428,0.07142857142857142,0.09115816915933429
32.0,implicit,0.6428571428571428,0.14285714285714285,0.19960820325969933
32.0,implicit,0.6428571428571428,0.21428571428571427,0.3024736801692135
32.0,implicit,0.6428571428571428,0.2857142857142857,0.40298844038296544
32.0,implicit,0.6428571428571428,0.3571428571428571,0.49966211175035136
32.0,implicit,0.6428571428571428,0.42857142857142855,0.5814006987155121
32.0,implicit,0.6428571428571428,0.5,0.6191494807349894
32.0,implicit,0.6428571428571428,0.5714285714285714,0.581400698715514
32.0,implicit,0.6428571428571428,0.6428571428571428,0.4996621117503529
32.0,implicit,0.6428571428571428,0.7142857142857142,0.4029884403829663
32.0,implicit,0.6428571428571428,0.7857142857142857,0.30247368016921344
32.0,implicit,0.6428571428571428,0.8571428571428571,0.19960820325969814
32.0,implicit,0.6428571428571428,0.9285714285714285,0.09115816915933402
32.0,implicit,0.6428571428571428,1.0,0.06116762888408679
32.0,implicit,0.7142857142857142,0.0,0.06116762888408679
32.0,implicit,0.7142857142857142,0.07142857142857142,0.07160454054981977
32.0,implicit,0.7142857142857142,0.14285714285714285,0.16051971616606
32.0,implicit,0.7142857142857142,0.21428571428571427,0.24387604130795662
32.0,implicit,0.7142857142857142,0.2857142857142857,0.32500931997381816
32.0,implicit,0.7142857142857142,0.3571428571428571,0.40298844038296383
32.0,implicit,0.7142857142857142,0.42857142857142855,0.4689126004768524
32.0,implicit,0.7142857142857142,0.5,0.49935484095309407
32.0,implicit,0.7142857142857142,0.5714285714285714,0.4689126004768516
32.0,implicit,0.7142857142857142,0.6428571428571428,0.4029884403829633
32.0,implicit,0.7142857142857142,0.7142857142857142,0.3250093199738181
32.0,implicit,0.7142857142857142,0.7857142857142857,0.24387604130795662
32.0,implicit,0.7142857142857142,0.8571428571428571,0.1605197161660597
32.0,implicit,0.7142857142857142,0.9285714285714285,0.07160454054981968
32.0,implicit,0.7142857142857142,1.0,0.06116762888408679
32.0,implicit,0.7857142857142857,0.0,0.06116762888408679
32.0,implicit,0.7857142857142857,0.07142857142857142,0.051136739320125205
32.0,implicit,0.7857142857142857,0.14285714285714285,0.11972425887983833
32.0,implicit,0.7857142857142857,0.21428571428571427,0.18283899469372095
32.0,implicit,0.7857142857142857,0.2857142857142857,0.24387604130795626
32.0,implicit,0.7857142857142857,0.3571428571428571,0.30247368016921267
32.0,implicit,0.7857142857142857,0.42857142857142855,0.35200560873900266
32.0,implicit,0.7857142857142857,0.5,0.37487742435497073
32.0,implicit,0.7857142857142857,0.5714285714285714,0.3520056087390018
32.0,implicit,0.7857142857142857,0.6428571428571428,0.3024736801692125
32.0,implicit,0.7857142857142857,0.7142857142857142,0.24387604130795626
32.0,implicit,0.7857142857142857,0.7857142857142857,0.18283899469372095
32.0,implicit,0.7857142857142857,0.8571428571428571,0.11972425887983833
32.0,implicit,0.7857142857142857,0.9285714285714285,0.05113673932012522
32.0,implicit,0.7857142857142857,1.0,0.06116762888408679
32.0,implicit,0.8571428571428571,0.0,0.06116762888408679
32.0,implicit,0.8571428571428571,0.07142857142857142,0.029417166017120903
32.0,implicit,0.8571428571428571,0.14285714285714285,0.07708650266046721
32.0,implicit,0.8571428571428571,0.21428571428571427,0.11972425887983816
32.0,implicit,0.8571428571428571,0.2857142857142857,0.16051971616605967
32.0,implicit,0.8571428571428571,0.3571428571428571,0.19960820325969686
32.0,implicit,0.8571428571428571,0.42857142857142855,0.23264146309792547
32.0,implicit,0.8571428571428571,0.5,0.24789448227587185
32.0,implicit,0.8571428571428571,0.5714285714285714,0.23264146309792497
32.0,implicit,0.8571428571428571,0.6428571428571428,0.19960820325969753
32.0,implicit,0.8571428571428571,0.7142857142857142,0.1605197161660598
32.0,implicit,0.8571428571428571,0.7857142857142857,0.11972425887983824
32.0,implicit,0.8571428571428571,0.8571428571428571,0.07708650266046728
32.0,implicit,0.8571428571428571,0.9285714285714285,0.029417166017120914
32.0,implicit,0.8571428571428571,1.0,0.06116762888408679
32.0,implicit,0.9285714285714285,0.0,0.06116762888408679
32.0,implicit,0.9285714285714285,0.07142857142857142,0.00440010781426704
32.0,implicit,0.9285714285714285,0.14285714285714285,0.029417166017120924
32.0,implicit,0.9285714285714285,0.21428571428571427,0.05113673932012503
32.0,implicit,0.9285714285714285,0.2857142857142857,0.07160454054981946
32.0,implicit,0.9285714285714285,0.3571428571428571,0.09115816915933421
32.0,implicit,0.9285714285714285,0.42857142857142855,0.10767644043273587
32.0,implicit,0.9285714285714285,0.5,0.11530342586402703
32.0,implicit,0.9285714285714285,0.5714285714285714,0.10767644043273565
32.0,implicit,0.9285714285714285,0.6428571428571428,0.09115816915933396
32.0,implicit,0.9285714285714285,0.7142857142857142,0.07160454054981945
32.0,implicit,0.9285714285714285,0.7857142857142857,0.05113673932012505
32.0,implicit,0.9285714285714285,0.8571428571428571,0.02941716601712095
32.0,implicit,0.9285714285714285,0.9285714285714285,0.00440010781426705
32.0,implicit,0.9285714285714285,1.0,0.06116762888408679
32.0,implicit,1.0,0.0,0.06116762888408679
32.0,implicit,1.0,0.07142857142857142,0.06116762888408679
32.0,implicit,1.0,0.14285714285714285,0.06116762888408679
32.0,implicit,1.0,0.21428571428571427,0.06116762888408679
32.0,implicit,1.0,0.2857142857142857,0.06116762888408679
32.0,implicit,1.0,0.3571428571428571,0.06116762888408679
32.0,implicit,1.0,0.42857142857142855,0.06116762888408679
32.0,implicit,1.0,0.5,0.06116762888408679
32.0,implicit,1.0,0.5714285714285714,0.06116762888408679
32.0,implicit,1.0,0.6428571428571428,0.06116762888408679
32.0,implicit,1.0,0.7142857142857142,0.06116762888408679
32.0,implicit,1.0,0.7857142857142857,0.06116762888408679
32.0,implicit,1.0,0.8571428571428571,0.06116762888408679
32.0,implicit,1.0,0.9285714285714285,0.06116762888408679
32.0,implicit,1.0,1.0,0.06116762888408679
33.0,implicit,0.0,0.0,0.09312801191161986
33.0,implicit,0.0,0.07142857142857142,0.09312801191161986
33.0,implicit,0.0,0.14285714285714285,0.09312801191161986
33.0,implicit,0.0,0.21428571428571427,0.09312801191161986
33.0,implicit,0.0,0.2857142857142857,0.09312801191161986
33.0,implicit,0.0,0.3571428571428571,0.09312801191161986
33.0,implicit,0.0,0.42857142857142855,0.09312801191161986
33.0,implicit,0.0,0.5,0.09312801191161986
33.0,implicit,0.0,0.5714285714285714,0.09312801191161986
33.0,implicit,0.0,0.6428571428571428,0.09312801191161986
33.0,implicit,0.0,0.7142857142857142,0.09312801191161986
33.0,implicit,0.0,0.7857142857142857,0.09312801191161986
33.0,implicit,0.0,0.8571428571428571,0.09312801191161986
33.0,implicit,0.0,0.9285714285714285,0.09312801191161986
33.0,implicit,0.0,1.0,0.09312801191161986
33.0,implicit,0.07142857142857142,0.0,0.09312801191161986
33.0,implicit,0.07142857142857142,0.07142857142857142,0.01051683257550803
33.0,implicit,0.07142857142857142,0.14285714285714285,0.0324483809527258
33.0,implicit,0.07142857142857142,0.21428571428571427,0.05413928426662233
33.0,implicit,0.07142857142857142,0.2857142857142857,0.07461049388717401
33.0,implicit,0.07142857142857142,0.3571428571428571,0.09410471251932938
33.0,implicit,0.07142857142857142,0.42857142857142855,0.11046436190655332
33.0,implicit,0.07142857142857142,0.5,0.11792415244463968
33.0,implicit,0.07142857142857142,0.5714285714285714,0.11046436190655308
33.0,implicit,0.07142857142857142,0.6428571428571428,0.09410471251932924
33.0,implicit,0.07142857142857142,0.7142857142857142,0.07461049388717397
33.0,implicit,0.07142857142857142,0.7857142857142857,0.05413928426662234
33.0,implicit,0.07142857142857142,0.8571428571428571,0.032448380952725814
33.0,implicit,0.07142857142857142,0.9285714285714285,0.01051683257550804
33.0,implicit,0.07142857142857142,1.0,0.09312801191161986
33.0,implicit,0.14285714285714285,0.0,0.09312801191161986
33.0,implicit,0.14285714285714285,0.07142857142857142,0.03244838095272581
33.0,implicit,0.14285714285714285,0.14285714285714285,0.07694456093103501
33.0,implicit,0.14285714285714285,0.21428571428571427,0.11958991201099857
33.0,implicit,0.14285714285714285,0.2857142857142857,0.16038431967042283
33.0,implicit,0.14285714285714285,0.3571428571428571,0.1993513599513916
33.0,implicit,0.14285714285714285,0.42857142857142855,0.23206670032942825
33.0,implicit,0.14285714285714285,0.5,0.24698515830148177
33.0,implicit,0.14285714285714285,0.5714285714285714,0.2320667003294277
33.0,implicit,0.14285714285714285,0.6428571428571428,0.19935135995139103
33.0,implicit,0.14285714285714285,0.7142857142857142,0.1603843196704227
33.0,implicit,0.14285714285714285,0.7857142857142857,0.11958991201099861
33.0,implicit,0.14285714285714285,0.8571428571428571,0.07694456093103502
33.0,implicit,0.14285714285714285,0.9285714285714285,0.03244838095272583
33.0,implicit,0.14285714285714285,1.0,0.09312801191161986
33.0,implicit,0.21428571428571427,0.0,0.09312801191161986
33.0,implicit,0.21428571428571427,0.07142857142857142,0.05413928426662212
33.0,implicit,0.21428571428571427,0.14285714285714285,0.11958991201099842
33.0,implicit,0.21428571428571427,0.21428571428571427,0.18272346292907427
33.0,implicit,0.21428571428571427,0.2857142857142857,0.24374363641102417
33.0,implicit,0.21428571428571427,0.3571428571428571,0.302153543540836
33.0,implicit,0.21428571428571427,0.42857142857142855,0.3512060034551187
33.0,implicit,0.21428571428571427,0.5,0.37357504446537904
33.0,implicit,0.21428571428571427,0.5714285714285714,0.35120600345511727
33.0,implicit,0.21428571428571427,0.6428571428571428,0.30215354354083573
33.0,implicit,0.21428571428571427,0.7142857142857142,0.24374363641102423
33.0,implicit,0.21428571428571427,0.7857142857142857,0.18272346292907432
33.0,implicit,0.21428571428571427,0.8571428571428571,0.11958991201099849
33.0,implicit,0.21428571428571427,0.9285714285714285,0.054139284266622165
33.0,implicit,0.21428571428571427,1.0,0.09312801191161986
33.0,implicit,0.2857142857142857,0.0,0.09312801191161986
33.0,implicit,0.2857142857142857,0.07142857142857142,0.07461049388717367
33.0,implicit,0.2857142857142857,0.14285714285714285,0.16038431967042266
33.0,implicit,0.2857142857142857,0.21428571428571427,0.24374363641102367
33.0,implicit,0.2857142857142857,0.2857142857142857,0.32482761510803854
33.0,implicit,0.2857142857142857,0.3571428571428571,0.4025398465421999
33.0,implicit,0.2857142857142857,0.42857142857142855,0.4678133059036678
33.0,implicit,0.2857142857142857,0.5,0.4975807800746348
33.0,implicit,0.2857142857142857,0.5714285714285714,0.4678133059036689
33.0,implicit,0.2857142857142857,0.6428571428571428,0.4025398465422
33.0,implicit,0.2857142857142857,0.7142857142857142,0.3248276151080385
33.0,implicit,0.2857142857142857,0.7857142857142857,0.2437436364110237
33.0,implicit,0.2857142857142857,0.8571428571428571,0.1603843196704227
33.0,implicit,0.2857142857142857,0.9285714285714285,0.0746104938871737
33.0,implicit,0.2857142857142857,1.0,0.09312801191161986
33.0,implicit,0.3571428571428571,0.0,0.09312801191161986
33.0,implicit,0.3571428571428571,0.07142857142857142,0.09410471251932903
33.0,implicit,0.3571428571428571,0.14285714285714285,0.1993513599513902
33.0,implicit,0.3571428571428571,0.21428571428571427,0.30215354354083496
33.0,implicit,0.3571428571428571,0.2857142857142857,0.40253984654219704
33.0,implicit,0.3571428571428571,0.3571428571428571,0.4988248888304891
33.0,implicit,0.3571428571428571,0.42857142857142855,0.5797095869991857
33.0,implicit,0.3571428571428571,0.5,0.6166002596852206
33.0,implicit,0.3571428571428571,0.5714285714285714,0.5797095869991875
33.0,implicit,0.3571428571428571,0.6428571428571428,0.4988248888304903
33.0,implicit,0.3571428571428571,0.7142857142857142,0.40253984654219704
33.0,implicit,0.3571428571428571,0.7857142857142857,0.3021535435408349
33.0,implicit,0.3571428571428571,0.8571428571428571,0.19935135995138992
33.0,implicit,0.3571428571428571,0.9285714285714285,0.09410471251932911
33.0,implicit,0.3571428571428571,1.0,0.09312801191161986
33.0,implicit,0.42857142857142855,0.0,0.09312801191161986
33.0,implicit,0.42857142857142855,0.07142857142857142,0.11046436190655345
33.0,implicit,0.42857142857142855,0.14285714285714285,0.2320667003294279
33.0,implicit,0.42857142857142855,0.21428571428571427,0.35120600345511777
33.0,implicit,0.42857142857142855,0.2857142857142857,0.46781330590366915
33.0,implicit,0.42857142857142855,0.3571428571428571,0.5797095869991893
33.0,implicit,0.42857142857142855,0.42857142857142855,0.6737234533758265
33.0,implicit,0.42857142857142855,0.5,0.7166111683278082
33.0,implicit,0.42857142857142855,0.5714285714285714,0.6737234533758236
33.0,implicit,0.42857142857142855,0.6428571428571428,0.5797095869991865
33.0,implicit,0.42857142857142855,0.7142857142857142,0.4678133059036675
33.0,implicit,0.42857142857142855,0.7857142857142857,0.3512060034551174
33.0,implicit,0.42857142857142855,0.8571428571428571,0.23206670032942786
33.0,implicit,0.42857142857142855,0.9285714285714285,0.1104643619065535
33.0,implicit,0.42857142857142855,1.0,0.09312801191161986
33.0,implicit,0.5,0.0,0.09312801191161986
33.0,implicit,0.5,0.07142857142857142,0.11792415244463983
33.0,implicit,0.5,0.14285714285714285,0.24698515830148227
33.0,implicit,0.5,0.21428571428571427,0.3735750444653819
33.0,implicit,0.5,0.2857142857142857,0.49758078007463663
33.0,implicit,0.5,0.3571428571428571,0.6166002596852223
33.0,implicit,0.5,0.42857142857142855,0.7166111683278071
33.0,implicit,0.5,0.5,0.7622438391537184
33.0,implicit,0.5,0.5714285714285714,0.7166111683278086
33.0,implicit,0.5,0.6428571428571428,0.61660025968522
33.0,implicit,0.5,0.7142857142857142,0.4975807800746333
33.0,implicit,0.5,0.7857142857142857,0.37357504446538153
33.0,implicit,0.5,0.8571428571428571,0.24698515830148243
33.0,implicit,0.5,0.9285714285714285,0.11792415244463988
33.0,implicit,0.5,1.0,0.09312801191161986
33.0,implicit,0.5714285714285714,0.0,0.09312801191161986
33.0,implicit,0.5714285714285714,0.07142857142857142,0.11046436190655316
33.0,implicit,0.5714285714285714,0.14285714285714285,0.23206670032942822
33.0,implicit,0.5714285714285714,0.21428571428571427,0.35120600345511943
33.0,implicit,0.5714285714285714,0.2857142857142857,0.4678133059036699
33.0,implicit,0.5714285714285714,0.3571428571428571,0.57970958699919
33.0,implicit,0.5714285714285714,0.42857142857142855,0.6737234533758264
33.0,implicit,0.5714285714285714,0.5,0.7166111683278109
33.0,implicit,0.5714285714285714,0.5714285714285714,0.6737234533758284
33.0,implicit,0.5714285714285714,0.6428571428571428,0.5797095869991896
33.0,implicit,0.5714285714285714,0.7142857142857142,0.4678133059036714
33.0,implicit,0.5714285714285714,0.7857142857142857,0.35120600345511926
33.0,implicit,0.5714285714285714,0.8571428571428571,0.23206670032942867
33.0,implicit,0.5714285714285714,0.9285714285714285,0.11046436190655329
33.0,implicit,0.5714285714285714,1.0,0.09312801191161986
33.0,implicit,0.6428571428571428,0.0,0.09312801191161986
33.0,implicit,0.6428571428571428,0.07142857142857142,0.09410471251932938
33.0,implicit,0.6428571428571428,0.14285714285714285,0.19935135995139253
33.0,implicit,0.6428571428571428,0.21428571428571427,0.30215354354083646
33.0,implicit,0.6428571428571428,0.2857142857142857,0.40253984654220043
33.0,implicit,0.6428571428571428,0.3571428571428571,0.49882488883049064
33.0,implicit,0.6428571428571428,0.42857142857142855,0.5797095869991886
33.0,implicit,0.6428571428571428,0.5,0.6166002596852209
33.0,implicit,0.6428571428571428,0.5714285714285714,0.5797095869991903
33.0,implicit,0.6428571428571428,0.6428571428571428,0.498824888830492
33.0,implicit,0.6428571428571428,0.7142857142857142,0.4025398465422013
33.0,implicit,0.6428571428571428,0.7857142857142857,0.30215354354083634
33.0,implicit,0.6428571428571428,0.8571428571428571,0.1993513599513913
33.0,implicit,0.6428571428571428,0.9285714285714285,0.09410471251932916
33.0,implicit,0.6428571428571428,1.0,0.09312801191161986
33.0,implicit,0.7142857142857142,0.0,0.09312801191161986
33.0,implicit,0.7142857142857142,0.07142857142857142,0.07461049388717406
33.0,implicit,0.7142857142857142,0.14285714285714285,0.16038431967042305
33.0,implicit,0.7142857142857142,0.21428571428571427,0.2437436364110244
33.0,implicit,0.7142857142857142,0.2857142857142857,0.324827615108039
33.0,implicit,0.7142857142857142,0.3571428571428571,0.4025398465421991
33.0,implicit,0.7142857142857142,0.42857142857142855,0.4678133059036687
33.0,implicit,0.7142857142857142,0.5,0.49758078007463574
33.0,implicit,0.7142857142857142,0.5714285714285714,0.4678133059036681
33.0,implicit,0.7142857142857142,0.6428571428571428,0.40253984654219827
33.0,implicit,0.7142857142857142,0.7142857142857142,0.324827615108039
33.0,implicit,0.7142857142857142,0.7857142857142857,0.24374363641102437
33.0,implicit,0.7142857142857142,0.8571428571428571,0.16038431967042274
33.0,implicit,0.7142857142857142,0.9285714285714285,0.07461049388717396
33.0,implicit,0.7142857142857142,1.0,0.09312801191161986
33.0,implicit,0.7857142857142857,0.0,0.09312801191161986
33.0,implicit,0.7857142857142857,0.07142857142857142,0.054139284266622345
33.0,implicit,0.7857142857142857,0.14285714285714285,0.11958991201099867
33.0,implicit,0.7857142857142857,0.21428571428571427,0.18272346292907443
33.0,implicit,0.7857142857142857,0.2857142857142857,0.24374363641102398
33.0,implicit,0.7857142857142857,0.3571428571428571,0.30215354354083557
33.0,implicit,0.7857142857142857,0.42857142857142855,0.3512060034551175
33.0,implicit,0.7857142857142857,0.5,0.3735750444653806
33.0,implicit,0.7857142857142857,0.5714285714285714,0.35120600345511666
33.0,implicit,0.7857142857142857,0.6428571428571428,0.30215354354083535
33.0,implicit,0.7857142857142857,0.7142857142857142,0.24374363641102398
33.0,implicit,0.7857142857142857,0.7857142857142857,0.18272346292907446
33.0,implicit,0.7857142857142857,0.8571428571428571,0.11958991201099867
33.0,implicit,0.7857142857142857,0.9285714285714285,0.05413928426662235
33.0,implicit,0.7857142857142857,1.0,0.09312801191161986
33.0,implicit,0.8571428571428571,0.0,0.09312801191161986
33.0,implicit,0.8571428571428571,0.07142857142857142,0.032448380952725814
33.0,implicit,0.8571428571428571,0.14285714285714285,0.07694456093103505
33.0,implicit,0.8571428571428571,0.21428571428571427,0.1195899120109985
33.0,implicit,0.8571428571428571,0.2857142857142857,0.1603843196704227
33.0,implicit,0.8571428571428571,0.3571428571428571,0.19935135995138994
33.0,implicit,0.8571428571428571,0.42857142857142855,0.2320667003294278
33.0,implicit,0.8571428571428571,0.5,0.2469851583014819
33.0,implicit,0.8571428571428571,0.5714285714285714,0.23206670032942722
33.0,implicit,0.8571428571428571,0.6428571428571428,0.1993513599513907
33.0,implicit,0.8571428571428571,0.7142857142857142,0.16038431967042285
33.0,implicit,0.8571428571428571,0.7857142857142857,0.1195899120109986
33.0,implicit,0.8571428571428571,0.8571428571428571,0.07694456093103509
33.0,implicit,0.8571428571428571,0.9285714285714285,0.03244838095272582
33.0,implicit,0.8571428571428571,1.0,0.09312801191161986
33.0,implicit,0.9285714285714285,0.0,0.09312801191161986
33.0,implicit,0.9285714285714285,0.07142857142857142,0.01051683257550804
33.0,implicit,0.9285714285714285,0.14285714285714285,0.03244838095272583
33.0,implicit,0.9285714285714285,0.21428571428571427,0.054139284266622165
33.0,implicit,0.9285714285714285,0.2857142857142857,0.07461049388717372
33.0,implicit,0.9285714285714285,0.3571428571428571,0.09410471251932928
33.0,implicit,0.9285714285714285,0.42857142857142855,0.1104643619065535
33.0,implicit,0.9285714285714285,0.5,0.11792415244463983
33.0,implicit,0.9285714285714285,0.5714285714285714,0.11046436190655327
33.0,implicit,0.9285714285714285,0.6428571428571428,0.09410471251932903
33.0,implicit,0.9285714285714285,0.7142857142857142,0.0746104938871737
33.0,implicit,0.9285714285714285,0.7857142857142857,0.054139284266622185
33.0,implicit,0.9285714285714285,0.8571428571428571,0.032448380952725855
33.0,implicit,0.9285714285714285,0.9285714285714285,0.01051683257550805
33.0,implicit,0.9285714285714285,1.0,0.09312801191161986
33.0,implicit,1.0,0.0,0.09312801191161986
33.0,implicit,1.0,0.07142857142857142,0.09312801191161986
33.0,implicit,1.0,0.14285714285714285,0.09312801191161986
33.0,implicit,1.0,0.21428571428571427,0.09312801191161986
33.0,implicit,1.0,0.2857142857142857,0.09312801191161986
33.0,implicit,1.0,0.3571428571428571,0.09312801191161986
33.0,implicit,1.0,0.42857142857142855,0.09312801191161986
33.0,implicit,1.0,0.5,0.09312801191161986
33.0,implicit,1.0,0.5714285714285714,0.09312801191161986
33.0,implicit,1.0,0.6428571428571428,0.09312801191161986
33.0,implicit,1.0,0.7142857142857142,0.09312801191161986
33.0,implicit,1.0,0.7857142857142857,0.09312801191161986
33.0,implicit,1.0,0.8571428571428571,0.09312801191161986
33.0,implicit,1.0,0.9285714285714285,0.09312801191161986
33.0,implicit,1.0,1.0,0.09312801191161986
34.0,implicit,0.0,0.0,-0.03092123758512146
34.0,implicit,0.0,0.07142857142857142,-0.03092123758512146
34.0,implicit,0.0,0.14285714285714285,-0.03092123758512146
34.0,implicit,0.0,0.21428571428571427,-0.03092123758512146
34.0,implicit,0.0,0.2857142857142857,-0.03092123758512146
34.0,implicit,0.0,0.3571428571428571,-0.03092123758512146
34.0,implicit,0.0,0.42857142857142855,-0.03092123758512146
34.0,implicit,0.0,0.5,-0.03092123758512146
34.0,implicit,0.0,0.5714285714285714,-0.03092123758512146
34.0,implicit,0.0,0.6428571428571428,-0.03092123758512146
34.0,implicit,0.0,0.7142857142857142,-0.03092123758512146
34.0,implicit,0.0,0.7857142857142857,-0.03092123758512146
34.0,implicit,0.0,0.8571428571428571,-0.03092123758512146
34.0,implicit,0.0,0.9285714285714285,-0.03092123758512146
34.0,implicit,0.0,1.0,-0.03092123758512146
34.0,implicit,0.07142857142857142,0.0,-0.03092123758512146
34.0,implicit,0.07142857142857142,0.07142857142857142,0.0081698142568127
34.0,implicit,0.07142857142857142,0.14285714285714285,0.031227565740826174
34.0,implicit,0.07142857142857142,0.21428571428571427,0.052901448376651714
34.0,implicit,0.07142857142857142,0.2857142857142857,0.07337347383739165
34.0,implicit,0.07142857142857142,0.3571428571428571,0.09280725237974263
34.0,implicit,0.07142857142857142,0.42857142857142855,0.10901080143079296
34.0,implicit,0.07142857142857142,0.5,0.11631228526681145
34.0,implicit,0.07142857142857142,0.5714285714285714,0.10901080143079271
34.0,implicit,0.07142857142857142,0.6428571428571428,0.0928072523797425
34.0,implicit,0.07142857142857142,0.7142857142857142,0.07337347383739162
34.0,implicit,0.07142857142857142,0.7857142857142857,0.052901448376651714
34.0,implicit,0.07142857142857142,0.8571428571428571,0.031227565740826184
34.0,implicit,0.07142857142857142,0.9285714285714285,0.008169814256812711
34.0,implicit,0.07142857142857142,1.0,-0.03092123758512146
34.0,implicit,0.14285714285714285,0.0,-0.03092123758512146
34.0,implicit,0.14285714285714285,0.07142857142857142,0.031227565740826177
34.0,implicit,0.14285714285714285,0.14285714285714285,0.07678986473852716
34.0,implicit,0.14285714285714285,0.21428571428571427,0.11944835813540469
34.0,implicit,0.14285714285714285,0.2857142857142857,0.16023839995357173
34.0,implicit,0.14285714285714285,0.3571428571428571,0.19908190568220924
34.0,implicit,0.14285714285714285,0.42857142857142855,0.23148430600606512
34.0,implicit,0.14285714285714285,0.5,0.24608596042477515
34.0,implicit,0.14285714285714285,0.5714285714285714,0.2314843060060645
34.0,implicit,0.14285714285714285,0.6428571428571428,0.19908190568220865
34.0,implicit,0.14285714285714285,0.7142857142857142,0.1602383999535716
34.0,implicit,0.14285714285714285,0.7857142857142857,0.11944835813540473
34.0,implicit,0.14285714285714285,0.8571428571428571,0.07678986473852717
34.0,implicit,0.14285714285714285,0.9285714285714285,0.031227565740826198
34.0,implicit,0.14285714285714285,1.0,-0.03092123758512146
34.0,implicit,0.21428571428571427,0.0,-0.03092123758512146
34.0,implicit,0.21428571428571427,0.07142857142857142,0.05290144837665149
34.0,implicit,0.21428571428571427,0.14285714285714285,0.11944835813540454
34.0,implicit,0.21428571428571427,0.21428571428571427,0.18260589596276994
34.0,implicit,0.21428571428571427,0.2857142857142857,0.24360507723246091
34.0,implicit,0.21428571428571427,0.3571428571428571,0.301823783879997
34.0,implicit,0.21428571428571427,0.42857142857142855,0.3504040348092374
34.0,implicit,0.21428571428571427,0.5,0.3722968744242783
34.0,implicit,0.21428571428571427,0.5714285714285714,0.3504040348092359
34.0,implicit,0.21428571428571427,0.6428571428571428,0.30182378387999664
34.0,implicit,0.21428571428571427,0.7142857142857142,0.24360507723246097
34.0,implicit,0.21428571428571427,0.7857142857142857,0.18260589596277
34.0,implicit,0.21428571428571427,0.8571428571428571,0.11944835813540461
34.0,implicit,0.21428571428571427,0.9285714285714285,0.05290144837665155
34.0,implicit,0.21428571428571427,1.0,-0.03092123758512146
34.0,implicit,0.2857142857142857,0.0,-0.03092123758512146
34.0,implicit,0.2857142857142857,0.07142857142857142,0.07337347383739132
34.0,implicit,0.2857142857142857,0.14285714285714285,0.16023839995357148
34.0,implicit,0.2857142857142857,0.21428571428571427,0.2436050772324604
34.0,implicit,0.2857142857142857,0.2857142857142857,0.32463400710681856
34.0,implicit,0.2857142857142857,0.3571428571428571,0.4020739245479336
34.0,implicit,0.2857142857142857,0.42857142857142855,0.4667059072523313
34.0,implicit,0.2857142857142857,0.5,0.4958339281295347
34.0,implicit,0.2857142857142857,0.5714285714285714,0.46670590725233246
34.0,implicit,0.2857142857142857,0.6428571428571428,0.4020739245479337
34.0,implicit,0.2857142857142857,0.7142857142857142,0.3246340071068185
34.0,implicit,0.2857142857142857,0.7857142857142857,0.24360507723246042
34.0,implicit,0.2857142857142857,0.8571428571428571,0.16023839995357148
34.0,implicit,0.2857142857142857,0.9285714285714285,0.07337347383739132
34.0,implicit,0.2857142857142857,1.0,-0.03092123758512146
34.0,implicit,0.3571428571428571,0.0,-0.03092123758512146
34.0,implicit,0.3571428571428571,0.07142857142857142,0.09280725237974224
34.0,implicit,0.3571428571428571,0.14285714285714285,0.19908190568220785
34.0,implicit,0.3571428571428571,0.21428571428571427,0.3018237838799961
34.0,implicit,0.3571428571428571,0.2857142857142857,0.4020739245479308
34.0,implicit,0.3571428571428571,0.3571428571428571,0.4979629600021941
34.0,implicit,0.3571428571428571,0.42857142857142855,0.5780053151443683
34.0,implicit,0.3571428571428571,0.5,0.6140822196130975
34.0,implicit,0.3571428571428571,0.5714285714285714,0.5780053151443708
34.0,implicit,0.3571428571428571,0.6428571428571428,0.4979629600021952
34.0,implicit,0.3571428571428571,0.7142857142857142,0.4020739245479309
34.0,implicit,0.3571428571428571,0.7857142857142857,0.301823783879996
34.0,implicit,0.3571428571428571,0.8571428571428571,0.1990819056822075
34.0,implicit,0.3571428571428571,0.9285714285714285,0.09280725237974231
34.0,implicit,0.3571428571428571,1.0,-0.03092123758512146
34.0,implicit,0.42857142857142855,0.0,-0.03092123758512146
34.0,implicit,0.42857142857142855,0.07142857142857142,0.10901080143079309
34.0,implicit,0.42857142857142855,0.14285714285714285,0.23148430600606476
34.0,implicit,0.42857142857142855,0.21428571428571427,0.35040403480923643
34.0,implicit,0.42857142857142855,0.2857142857142857,0.4667059072523327
34.0,implicit,0.42857142857142855,0.3571428571428571,0.5780053151443725
34.0,implicit,0.42857142857142855,0.42857142857142855,0.6709268832730938
34.0,implicit,0.42857142857142855,0.5,0.712817260858381
34.0,implicit,0.42857142857142855,0.5714285714285714,0.6709268832730908
34.0,implicit,0.42857142857142855,0.6428571428571428,0.5780053151443691
34.0,implicit,0.42857142857142855,0.7142857142857142,0.46670590725233113
34.0,implicit,0.42857142857142855,0.7857142857142857,0.350404034809236
34.0,implicit,0.42857142857142855,0.8571428571428571,0.23148430600606468
34.0,implicit,0.42857142857142855,0.9285714285714285,0.10901080143079313
34.0,implicit,0.42857142857142855,1.0,-0.03092123758512146
34.0,implicit,0.5,0.0,-0.03092123758512146
34.0,implicit,0.5,0.07142857142857142,0.1163122852668116
34.0,implicit,0.5,0.14285714285714285,0.24608596042477573
34.0,implicit,0.5,0.21428571428571427,0.3722968744242811
34.0,implicit,0.5,0.2857142857142857,0.49583392812953647
34.0,implicit,0.5,0.3571428571428571,0.6140822196130992
34.0,implicit,0.5,0.42857142857142855,0.7128172608583799
34.0,implicit,0.5,0.5,0.7573368050175755
34.0,implicit,0.5,0.5714285714285714,0.7128172608583816
34.0,implicit,0.5,0.6428571428571428,0.6140822196130971
34.0,implicit,0.5,0.7142857142857142,0.4958339281295335
34.0,implicit,0.5,0.7857142857142857,0.3722968744242808
34.0,implicit,0.5,0.8571428571428571,0.24608596042477587
34.0,implicit,0.5,0.9285714285714285,0.11631228526681166
34.0,implicit,0.5,1.0,-0.03092123758512146
34.0,implicit,0.5714285714285714,0.0,-0.03092123758512146
34.0,implicit,0.5714285714285714,0.07142857142857142,0.10901080143079282
34.0,implicit,0.5714285714285714,0.14285714285714285,0.23148430600606512
34.0,implicit,0.5714285714285714,0.21428571428571427,0.35040403480923815
34.0,implicit,0.5714285714285714,0.2857142857142857,0.46670590725233346
34.0,implicit,0.5714285714285714,0.3571428571428571,0.5780053151443729
34.0,implicit,0.5714285714285714,0.42857142857142855,0.6709268832730937
34.0,implicit,0.5714285714285714,0.5,0.7128172608583836
34.0,implicit,0.5714285714285714,0.5714285714285714,0.6709268832730955
34.0,implicit,0.5714285714285714,0.6428571428571428,0.5780053151443724
34.0,implicit,0.5714285714285714,0.7142857142857142,0.46670590725233496
34.0,implicit,0.5714285714285714,0.7857142857142857,0.3504040348092378
34.0,implicit,0.5714285714285714,0.8571428571428571,0.23148430600606548
34.0,implicit,0.5714285714285714,0.9285714285714285,0.10901080143079295
34.0,implicit,0.5714285714285714,1.0,-0.03092123758512146
34.0,implicit,0.6428571428571428,0.0,-0.03092123758512146
34.0,implicit,0.6428571428571428,0.07142857142857142,0.09280725237974262
34.0,implicit,0.6428571428571428,0.14285714285714285,0.1990819056822102
34.0,implicit,0.6428571428571428,0.21428571428571427,0.3018237838799975
34.0,implicit,0.6428571428571428,0.2857142857142857,0.4020739245479342
34.0,implicit,0.6428571428571428,0.3571428571428571,0.49796296000219575
34.0,implicit,0.6428571428571428,0.42857142857142855,0.5780053151443717
34.0,implicit,0.6428571428571428,0.5,0.614082219613098
34.0,implicit,0.6428571428571428,0.5714285714285714,0.5780053151443726
34.0,implicit,0.6428571428571428,0.6428571428571428,0.49796296000219703
34.0,implicit,0.6428571428571428,0.7142857142857142,0.40207392454793517
34.0,implicit,0.6428571428571428,0.7857142857142857,0.3018237838799973
34.0,implicit,0.6428571428571428,0.8571428571428571,0.19908190568220888
34.0,implicit,0.6428571428571428,0.9285714285714285,0.09280725237974238
34.0,implicit,0.6428571428571428,1.0,-0.03092123758512146
34.0,implicit,0.7142857142857142,0.0,-0.03092123758512146
34.0,implicit,0.7142857142857142,0.07142857142857142,0.07337347383739169
34.0,implicit,0.7142857142857142,0.14285714285714285,0.16023839995357195
34.0,implicit,0.7142857142857142,0.21428571428571427,0.24360507723246114
34.0,implicit,0.7142857142857142,0.2857142857142857,0.32463400710681894
34.0,implicit,0.7142857142857142,0.3571428571428571,0.402073924547933
34.0,implicit,0.7142857142857142,0.42857142857142855,0.46670590725233246
34.0,implicit,0.7142857142857142,0.5,0.4958339281295354
34.0,implicit,0.7142857142857142,0.5714285714285714,0.4667059072523317
34.0,implicit,0.7142857142857142,0.6428571428571428,0.4020739245479323
34.0,implicit,0.7142857142857142,0.7142857142857142,0.324634007106819
34.0,implicit,0.7142857142857142,0.7857142857142857,0.2436050772324611
34.0,implicit,0.7142857142857142,0.8571428571428571,0.16023839995357164
34.0,implicit,0.7142857142857142,0.9285714285714285,0.07337347383739161
34.0,implicit,0.7142857142857142,1.0,-0.03092123758512146
34.0,implicit,0.7857142857142857,0.0,-0.03092123758512146
34.0,implicit,0.7857142857142857,0.07142857142857142,0.05290144837665173
34.0,implicit,0.7857142857142857,0.14285714285714285,0.1194483581354048
34.0,implicit,0.7857142857142857,0.21428571428571427,0.1826058959627701
34.0,implicit,0.7857142857142857,0.2857142857142857,0.24360507723246067
34.0,implicit,0.7857142857142857,0.3571428571428571,0.30182378387999664
34.0,implicit,0.7857142857142857,0.42857142857142855,0.3504040348092361
34.0,implicit,0.7857142857142857,0.5,0.3722968744242797
34.0,implicit,0.7857142857142857,0.5714285714285714,0.3504040348092353
34.0,implicit,0.7857142857142857,0.6428571428571428,0.3018237838799964
34.0,implicit,0.7857142857142857,0.7142857142857142,0.24360507723246067
34.0,implicit,0.7857142857142857,0.7857142857142857,0.18260589596277013
34.0,implicit,0.7857142857142857,0.8571428571428571,0.11944835813540479
34.0,implicit,0.7857142857142857,0.9285714285714285,0.05290144837665173
34.0,implicit,0.7857142857142857,1.0,-0.03092123758512146
34.0,implicit,0.8571428571428571,0.0,-0.03092123758512146
34.0,implicit,0.8571428571428571,0.07142857142857142,0.031227565740826184
34.0,implicit,0.8571428571428571,0.14285714285714285,0.0767898647385272
34.0,implicit,0.8571428571428571,0.21428571428571427,0.11944835813540462
34.0,implicit,0.8571428571428571,0.2857142857142857,0.16023839995357153
34.0,implicit,0.8571428571428571,0.3571428571428571,0.19908190568220754
34.0,implicit,0.8571428571428571,0.42857142857142855,0.2314843060060646
34.0,implicit,0.8571428571428571,0.5,0.24608596042477526
34.0,implicit,0.8571428571428571,0.5714285714285714,0.2314843060060641
34.0,implicit,0.8571428571428571,0.6428571428571428,0.19908190568220835
34.0,implicit,0.8571428571428571,0.7142857142857142,0.16023839995357167
34.0,implicit,0.8571428571428571,0.7857142857142857,0.1194483581354047
34.0,implicit,0.8571428571428571,0.8571428571428571,0.07678986473852724
34.0,implicit,0.8571428571428571,0.9285714285714285,0.031227565740826184
34.0,implicit,0.8571428571428571,1.0,-0.03092123758512146
34.0,implicit,0.9285714285714285,0.0,-0.03092123758512146
34.0,implicit,0.9285714285714285,0.07142857142857142,0.008169814256812711
34.0,implicit,0.9285714285714285,0.14285714285714285,0.031227565740826198
34.0,implicit,0.9285714285714285,0.21428571428571427,0.05290144837665155
34.0,implicit,0.9285714285714285,0.2857142857142857,0.07337347383739136
34.0,implicit,0.9285714285714285,0.3571428571428571,0.09280725237974247
34.0,implicit,0.9285714285714285,0.42857142857142855,0.1090108014307931
34.0,implicit,0.9285714285714285,0.5,0.1163122852668116
34.0,implicit,0.9285714285714285,0.5714285714285714,0.10901080143079296
34.0,implicit,0.9285714285714285,0.6428571428571428,0.09280725237974224
34.0,implicit,0.9285714285714285,0.7142857142857142,0.07337347383739132
34.0,implicit,0.9285714285714285,0.7857142857142857,0.05290144837665157
34.0,implicit,0.9285714285714285,0.8571428571428571,0.031227565740826226
34.0,implicit,0.9285714285714285,0.9285714285714285,0.00816981425681272
34.0,implicit,0.9285714285714285,1.0,-0.03092123758512146
34.0,implicit,1.0,0.0,-0.03092123758512146
34.0,implicit,1.0,0.07142857142857142,-0.03092123758512146
34.0,implicit,1.0,0.14285714285714285,-0.03092123758512146
34.0,implicit,1.0,0.21428571428571427,-0.03092123758512146
34.0,implicit,1.0,0.2857142857142857,-0.03092123758512146
34.0,implicit,1.0,0.3571428571428571,-0.03092123758512146
34.0,implicit,1.0,0.42857142857142855,-0.03092123758512146
34.0,implicit,1.0,0.5,-0.03092123758512146
34.0,implicit,1.0,0.5714285714285714,-0.03092123758512146
34.0,implicit,1.0,0.6428571428571428,-0.03092123758512146
34.0,implicit,1.0,0.7142857142857142,-0.03092123758512146
34.0,implicit,1.0,0.7857142857142857,-0.03092123758512146
34.0,implicit,1.0,0.8571428571428571,-0.03092123758512146
34.0,implicit,1.0,0.9285714285714285,-0.03092123758512146
34.0,implicit,1.0,1.0,-0.03092123758512146
35.0,implicit,0.0,0.0,0.033126343140356396
35.0,implicit,0.0,0.07142857142857142,0.033126343140356396
35.0,implicit,0.0,0.14285714285714285,0.033126343140356396
35.0,implicit,0.0,0.21428571428571427,0.033126343140356396
35.0,implicit,0.0,0.2857142857142857,0.033126343140356396
35.0,implicit,0.0,0.3571428571428571,0.033126343140356396
35.0,implicit,0.0,0.42857142857142855,0.033126343140356396
35.0,implicit,0.0,0.5,0.033126343140356396
35.0,implicit,0.0,0.5714285714285714,0.033126343140356396
35.0,implicit,0.0,0.6428571428571428,0.033126343140356396
35.0,implicit,0.0,0.7142857142857142,0.033126343140356396
35.0,implicit,0.0,0.7857142857142857,0.033126343140356396
35.0,implicit,0.0,0.8571428571428571,0.033126343140356396
35.0,implicit,0.0,0.9285714285714285,0.033126343140356396
35.0,implicit,0.0,1.0,0.033126343140356396
35.0,implicit,0.07142857142857142,0.0,0.033126343140356396
35.0,implicit,0.07142857142857142,0.07142857142857142,0.009432623443344593
35.0,implicit,0.07142857142857142,0.14285714285714285,0.03184923247728016
35.0,implicit,0.07142857142857142,0.21428571428571427,0.053508174697092736
35.0,implicit,0.07142857142857142,0.2857142857142857,0.07397968925664146
35.0,implicit,0.07142857142857142,0.3571428571428571,0.09338287986860108
35.0,implicit,0.07142857142857142,0.42857142857142855,0.10950934413453943
35.0,implicit,0.07142857142857142,0.5,0.11673481138403911
35.0,implicit,0.07142857142857142,0.5714285714285714,0.1095093441345392
35.0,implicit,0.07142857142857142,0.6428571428571428,0.09338287986860092
35.0,implicit,0.07142857142857142,0.7142857142857142,0.07397968925664145
35.0,implicit,0.07142857142857142,0.7857142857142857,0.053508174697092736
35.0,implicit,0.07142857142857142,0.8571428571428571,0.031849232477280165
35.0,implicit,0.07142857142857142,0.9285714285714285,0.009432623443344603
35.0,implicit,0.07142857142857142,1.0,0.033126343140356396
35.0,implicit,0.14285714285714285,0.0,0.033126343140356396
35.0,implicit,0.14285714285714285,0.07142857142857142,0.031849232477280165
35.0,implicit,0.14285714285714285,0.14285714285714285,0.07672897939239397
35.0,implicit,0.14285714285714285,0.21428571428571427,0.1193855532778527
35.0,implicit,0.14285714285714285,0.2857142857142857,0.16017216849976387
35.0,implicit,0.14285714285714285,0.3571428571428571,0.19895317121429928
35.0,implicit,0.14285714285714285,0.42857142857142855,0.2312010088003261
35.0,implicit,0.14285714285714285,0.5,0.2456505277654979
35.0,implicit,0.14285714285714285,0.5714285714285714,0.23120100880032549
35.0,implicit,0.14285714285714285,0.6428571428571428,0.19895317121429867
35.0,implicit,0.14285714285714285,0.7142857142857142,0.16017216849976373
35.0,implicit,0.14285714285714285,0.7857142857142857,0.11938555327785275
35.0,implicit,0.14285714285714285,0.8571428571428571,0.076728979392394
35.0,implicit,0.14285714285714285,0.9285714285714285,0.031849232477280186
35.0,implicit,0.14285714285714285,1.0,0.033126343140356396
35.0,implicit,0.21428571428571427,0.0,0.033126343140356396
35.0,implicit,0.21428571428571427,0.07142857142857142,0.053508174697092514
35.0,implicit,0.21428571428571427,0.14285714285714285,0.11938555327785257
35.0,implicit,0.21428571428571427,0.21428571428571427,0.18254636603610555
35.0,implicit,0.21428571428571427,0.2857142857142857,0.24353349767364854
35.0,implicit,0.21428571428571427,0.3571428571428571,0.3016553837038455
35.0,implicit,0.21428571428571427,0.42857142857142855,0.3500023125548504
35.0,implicit,0.21428571428571427,0.5,0.3716664271535331
35.0,implicit,0.21428571428571427,0.5714285714285714,0.35000231255484904
35.0,implicit,0.21428571428571427,0.6428571428571428,0.3016553837038451
35.0,implicit,0.21428571428571427,0.7142857142857142,0.2435334976736486
35.0,implicit,0.21428571428571427,0.7857142857142857,0.1825463660361056
35.0,implicit,0.21428571428571427,0.8571428571428571,0.11938555327785264
35.0,implicit,0.21428571428571427,0.9285714285714285,0.05350817469709257
35.0,implicit,0.21428571428571427,1.0,0.033126343140356396
35.0,implicit,0.2857142857142857,0.0,0.033126343140356396
35.0,implicit,0.2857142857142857,0.07142857142857142,0.07397968925664113
35.0,implicit,0.2857142857142857,0.14285714285714285,0.16017216849976354
35.0,implicit,0.2857142857142857,0.21428571428571427,0.24353349767364807
35.0,implicit,0.2857142857142857,0.2857142857142857,0.32453274749960187
35.0,implicit,0.2857142857142857,0.3571428571428571,0.40183459487891293
35.0,implicit,0.2857142857142857,0.42857142857142855,0.4661493851776835
35.0,implicit,0.2857142857142857,0.5,0.4949701385300154
35.0,implicit,0.2857142857142857,0.5714285714285714,0.46614938517768467
35.0,implicit,0.2857142857142857,0.6428571428571428,0.40183459487891304
35.0,implicit,0.2857142857142857,0.7142857142857142,0.3245327474996018
35.0,implicit,0.2857142857142857,0.7857142857142857,0.2435334976736481
35.0,implicit,0.2857142857142857,0.8571428571428571,0.16017216849976354
35.0,implicit,0.2857142857142857,0.9285714285714285,0.07397968925664113
35.0,implicit,0.2857142857142857,1.0,0.033126343140356396
35.0,implicit,0.3571428571428571,0.0,0.033126343140356396
35.0,implicit,0.3571428571428571,0.07142857142857142,0.09338287986860071
35.0,implicit,0.3571428571428571,0.14285714285714285,0.19895317121429798
35.0,implicit,0.3571428571428571,0.21428571428571427,0.30165538370384454
35.0,implicit,0.3571428571428571,0.2857142857142857,0.40183459487891016
35.0,implicit,0.3571428571428571,0.3571428571428571,0.4975230528187454
35.0,implicit,0.3571428571428571,0.42857142857142855,0.5771487001168292
35.0,implicit,0.3571428571428571,0.5,0.6128343736519004
35.0,implicit,0.3571428571428571,0.5714285714285714,0.5771487001168321
35.0,implicit,0.3571428571428571,0.6428571428571428,0.49752305281874637
35.0,implicit,0.3571428571428571,0.7142857142857142,0.4018345948789102
35.0,implicit,0.3571428571428571,0.7857142857142857,0.3016553837038444
35.0,implicit,0.3571428571428571,0.8571428571428571,0.19895317121429765
35.0,implicit,0.3571428571428571,0.9285714285714285,0.09338287986860079
35.0,implicit,0.3571428571428571,1.0,0.033126343140356396
35.0,implicit,0.42857142857142855,0.0,0.033126343140356396
35.0,implicit,0.42857142857142855,0.07142857142857142,0.10950934413453954
35.0,implicit,0.42857142857142855,0.14285714285714285,0.23120100880032568
35.0,implicit,0.42857142857142855,0.21428571428571427,0.3500023125548495
35.0,implicit,0.42857142857142855,0.2857142857142857,0.466149385177685
35.0,implicit,0.42857142857142855,0.3571428571428571,0.577148700116834
35.0,implicit,0.42857142857142855,0.42857142857142855,0.6695309517987648
35.0,implicit,0.42857142857142855,0.5,0.7109420355056139
35.0,implicit,0.42857142857142855,0.5714285714285714,0.6695309517987617
35.0,implicit,0.42857142857142855,0.6428571428571428,0.5771487001168303
35.0,implicit,0.42857142857142855,0.7142857142857142,0.46614938517768334
35.0,implicit,0.42857142857142855,0.7857142857142857,0.3500023125548491
35.0,implicit,0.42857142857142855,0.8571428571428571,0.23120100880032562
35.0,implicit,0.42857142857142855,0.9285714285714285,0.1095093441345396
35.0,implicit,0.42857142857142855,1.0,0.033126343140356396
35.0,implicit,0.5,0.0,0.033126343140356396
35.0,implicit,0.5,0.07142857142857142,0.11673481138403927
35.0,implicit,0.5,0.14285714285714285,0.24565052776549848
35.0,implicit,0.5,0.21428571428571427,0.37166642715353576
35.0,implicit,0.5,0.2857142857142857,0.4949701385300173
35.0,implicit,0.5,0.3571428571428571,0.6128343736519022
35.0,implicit,0.5,0.42857142857142855,0.7109420355056127
35.0,implicit,0.5,0.5,0.7549275688605643
35.0,implicit,0.5,0.5714285714285714,0.7109420355056144
35.0,implicit,0.5,0.6428571428571428,0.6128343736518999
35.0,implicit,0.5,0.7142857142857142,0.49497013853001415
35.0,implicit,0.5,0.7857142857142857,0.3716664271535355
35.0,implicit,0.5,0.8571428571428571,0.24565052776549862
35.0,implicit,0.5,0.9285714285714285,0.11673481138403932
35.0,implicit,0.5,1.0,0.033126343140356396
35.0,implicit,0.5714285714285714,0.0,0.033126343140356396
35.0,implicit,0.5714285714285714,0.07142857142857142,0.1095093441345393
35.0,implicit,0.5714285714285714,0.14285714285714285,0.23120100880032604
35.0,implicit,0.5714285714285714,0.21428571428571427,0.3500023125548513
35.0,implicit,0.5714285714285714,0.2857142857142857,0.4661493851776857
35.0,implicit,0.5714285714285714,0.3571428571428571,0.5771487001168341
35.0,implicit,0.5714285714285714,0.42857142857142855,0.6695309517987647
35.0,implicit,0.5714285714285714,0.5,0.7109420355056163
35.0,implicit,0.5714285714285714,0.5714285714285714,0.6695309517987661
35.0,implicit,0.5714285714285714,0.6428571428571428,0.5771487001168333
35.0,implicit,0.5714285714285714,0.7142857142857142,0.46614938517768717
35.0,implicit,0.5714285714285714,0.7857142857142857,0.3500023125548509
35.0,implicit,0.5714285714285714,0.8571428571428571,0.23120100880032643
35.0,implicit,0.5714285714285714,0.9285714285714285,0.10950934413453942
35.0,implicit,0.5714285714285714,1.0,0.033126343140356396
35.0,implicit,0.6428571428571428,0.0,0.033126343140356396
35.0,implicit,0.6428571428571428,0.07142857142857142,0.09338287986860105
35.0,implicit,0.6428571428571428,0.14285714285714285,0.19895317121430026
35.0,implicit,0.6428571428571428,0.21428571428571427,0.3016553837038459
35.0,implicit,0.6428571428571428,0.2857142857142857,0.40183459487891354
35.0,implicit,0.6428571428571428,0.3571428571428571,0.49752305281874704
35.0,implicit,0.6428571428571428,0.42857142857142855,0.5771487001168331
35.0,implicit,0.6428571428571428,0.5,0.6128343736519012
35.0,implicit,0.6428571428571428,0.5714285714285714,0.5771487001168337
35.0,implicit,0.6428571428571428,0.6428571428571428,0.49752305281874837
35.0,implicit,0.6428571428571428,0.7142857142857142,0.4018345948789146
35.0,implicit,0.6428571428571428,0.7857142857142857,0.30165538370384576
35.0,implicit,0.6428571428571428,0.8571428571428571,0.19895317121429892
35.0,implicit,0.6428571428571428,0.9285714285714285,0.0933828798686008
35.0,implicit,0.6428571428571428,1.0,0.033126343140356396
35.0,implicit,0.7142857142857142,0.0,0.033126343140356396
35.0,implicit,0.7142857142857142,0.07142857142857142,0.07397968925664151
35.0,implicit,0.7142857142857142,0.14285714285714285,0.16017216849976412
35.0,implicit,0.7142857142857142,0.21428571428571427,0.2435334976736488
35.0,implicit,0.7142857142857142,0.2857142857142857,0.32453274749960226
35.0,implicit,0.7142857142857142,0.3571428571428571,0.4018345948789125
35.0,implicit,0.7142857142857142,0.42857142857142855,0.4661493851776849
35.0,implicit,0.7142857142857142,0.5,0.49497013853001604
35.0,implicit,0.7142857142857142,0.5714285714285714,0.4661493851776839
35.0,implicit,0.7142857142857142,0.6428571428571428,0.4018345948789117
35.0,implicit,0.7142857142857142,0.7142857142857142,0.3245327474996023
35.0,implicit,0.7142857142857142,0.7857142857142857,0.24353349767364876
35.0,implicit,0.7142857142857142,0.8571428571428571,0.1601721684997638
35.0,implicit,0.7142857142857142,0.9285714285714285,0.07397968925664143
35.0,implicit,0.7142857142857142,1.0,0.033126343140356396
35.0,implicit,0.7857142857142857,0.0,0.033126343140356396
35.0,implicit,0.7857142857142857,0.07142857142857142,0.05350817469709275
35.0,implicit,0.7857142857142857,0.14285714285714285,0.11938555327785283
35.0,implicit,0.7857142857142857,0.21428571428571427,0.18254636603610574
35.0,implicit,0.7857142857142857,0.2857142857142857,0.24353349767364832
35.0,implicit,0.7857142857142857,0.3571428571428571,0.3016553837038451
35.0,implicit,0.7857142857142857,0.42857142857142855,0.3500023125548493
35.0,implicit,0.7857142857142857,0.5,0.3716664271535343
35.0,implicit,0.7857142857142857,0.5714285714285714,0.3500023125548485
35.0,implicit,0.7857142857142857,0.6428571428571428,0.3016553837038449
35.0,implicit,0.7857142857142857,0.7142857142857142,0.24353349767364832
35.0,implicit,0.7857142857142857,0.7857142857142857,0.1825463660361058
35.0,implicit,0.7857142857142857,0.8571428571428571,0.11938555327785282
35.0,implicit,0.7857142857142857,0.9285714285714285,0.05350817469709275
35.0,implicit,0.7857142857142857,1.0,0.033126343140356396
35.0,implicit,0.8571428571428571,0.0,0.033126343140356396
35.0,implicit,0.8571428571428571,0.07142857142857142,0.03184923247728017
35.0,implicit,0.8571428571428571,0.14285714285714285,0.07672897939239402
35.0,implicit,0.8571428571428571,0.21428571428571427,0.11938555327785265
35.0,implicit,0.8571428571428571,0.2857142857142857,0.1601721684997636
35.0,implicit,0.8571428571428571,0.3571428571428571,0.1989531712142977
35.0,implicit,0.8571428571428571,0.42857142857142855,0.23120100880032549
35.0,implicit,0.8571428571428571,0.5,0.245650527765498
35.0,implicit,0.8571428571428571,0.5714285714285714,0.231201008800325
35.0,implicit,0.8571428571428571,0.6428571428571428,0.19895317121429845
35.0,implicit,0.8571428571428571,0.7142857142857142,0.16017216849976373
35.0,implicit,0.8571428571428571,0.7857142857142857,0.11938555327785273
35.0,implicit,0.8571428571428571,0.8571428571428571,0.07672897939239406
35.0,implicit,0.8571428571428571,0.9285714285714285,0.03184923247728017
35.0,implicit,0.8571428571428571,1.0,0.033126343140356396
35.0,implicit,0.9285714285714285,0.0,0.033126343140356396
35.0,implicit,0.9285714285714285,0.07142857142857142,0.009432623443344603
35.0,implicit,0.9285714285714285,0.14285714285714285,0.031849232477280186
35.0,implicit,0.9285714285714285,0.21428571428571427,0.05350817469709257
35.0,implicit,0.9285714285714285,0.2857142857142857,0.07397968925664117
35.0,implicit,0.9285714285714285,0.3571428571428571,0.09338287986860092
35.0,implicit,0.9285714285714285,0.42857142857142855,0.10950934413453957
35.0,implicit,0.9285714285714285,0.5,0.11673481138403925
35.0,implicit,0.9285714285714285,0.5714285714285714,0.1095093441345394
35.0,implicit,0.9285714285714285,0.6428571428571428,0.09338287986860072
35.0,implicit,0.9285714285714285,0.7142857142857142,0.07397968925664113
35.0,implicit,0.9285714285714285,0.7857142857142857,0.05350817469709259
35.0,implicit,0.9285714285714285,0.8571428571428571,0.031849232477280214
35.0,implicit,0.9285714285714285,0.9285714285714285,0.009432623443344612
35.0,implicit,0.9285714285714285,1.0,0.033126343140356396
35.0,implicit,1.0,0.0,0.033126343140356396
35.0,implicit,1.0,0.07142857142857142,0.033126343140356396
35.0,implicit,1.0,0.14285714285714285,0.033126343140356396
35.0,implicit,1.0,0.21428571428571427,0.033126343140356396
35.0,implicit,1.0,0.2857142857142857,0.033126343140356396
35.0,implicit,1.0,0.3571428571428571,0.033126343140356396
35.0,implicit,1.0,0.42857142857142855,0.033126343140356396
35.0,implicit,1.0,0.5,0.033126343140356396
35.0,implicit,1.0,0.5714285714285714,0.033126343140356396
35.0,implicit,1.0,0.6428571428571428,0.033126343140356396
35.0,implicit,1.0,0.7142857142857142,0.033126343140356396
35.0,implicit,1.0,0.7857142857142857,0.033126343140356396
35.0,implicit,1.0,0.8571428571428571,0.033126343140356396
35.0,implicit,1.0,0.9285714285714285,0.033126343140356396
35.0,implicit,1.0,1.0,0.033126343140356396
36.0,implicit,0.0,0.0,-0.047917423784529
36.0,implicit,0.0,0.07142857142857142,-0.047917423784529
36.0,implicit,0.0,0.14285714285714285,-0.047917423784529
36.0,implicit,0.0,0.21428571428571427,-0.047917423784529
36.0,implicit,0.0,0.2857142857142857,-0.047917423784529
36.0,implicit,0.0,0.3571428571428571,-0.047917423784529
36.0,implicit,0.0,0.42857142857142855,-0.047917423784529
36.0,implicit,0.0,0.5,-0.047917423784529
36.0,implicit,0.0,0.5714285714285714,-0.047917423784529
36.0,implicit,0.0,0.6428571428571428,-0.047917423784529
36.0,implicit,0.0,0.7142857142857142,-0.047917423784529
36.0,implicit,0.0,0.7857142857142857,-0.047917423784529
36.0,implicit,0.0,0.8571428571428571,-0.047917423784529
36.0,implicit,0.0,0.9285714285714285,-0.047917423784529
36.0,implicit,0.0,1.0,-0.047917423784529
36.0,implicit,0.07142857142857142,0.0,-0.047917423784529
36.0,implicit,0.07142857142857142,0.07142857142857142,0.011308509824346577
36.0,implicit,0.07142857142857142,0.14285714285714285,0.03282723751908013
36.0,implicit,0.07142857142857142,0.21428571428571427,0.05442855485317956
36.0,implicit,0.07142857142857142,0.2857142857142857,0.07489660192636823
36.0,implicit,0.07142857142857142,0.3571428571428571,0.09423790467783374
36.0,implicit,0.07142857142857142,0.42857142857142855,0.11021215998229776
36.0,implicit,0.07142857142857142,0.5,0.11729150242793064
36.0,implicit,0.07142857142857142,0.5714285714285714,0.1102121599822975
36.0,implicit,0.07142857142857142,0.6428571428571428,0.09423790467783359
36.0,implicit,0.07142857142857142,0.7142857142857142,0.07489660192636821
36.0,implicit,0.07142857142857142,0.7857142857142857,0.05442855485317956
36.0,implicit,0.07142857142857142,0.8571428571428571,0.032827237519080135
36.0,implicit,0.07142857142857142,0.9285714285714285,0.011308509824346585
36.0,implicit,0.07142857142857142,1.0,-0.047917423784529
36.0,implicit,0.14285714285714285,0.0,-0.047917423784529
36.0,implicit,0.14285714285714285,0.07142857142857142,0.03282723751908013
36.0,implicit,0.14285714285714285,0.14285714285714285,0.0766749926887217
36.0,implicit,0.14285714285714285,0.21428571428571427,0.11929422169379272
36.0,implicit,0.14285714285714285,0.2857142857142857,0.1600707464367562
36.0,implicit,0.14285714285714285,0.3571428571428571,0.19872534759538124
36.0,implicit,0.14285714285714285,0.42857142857142855,0.23066793530305502
36.0,implicit,0.14285714285714285,0.5,0.2448249853919941
36.0,implicit,0.14285714285714285,0.5714285714285714,0.23066793530305438
36.0,implicit,0.14285714285714285,0.6428571428571428,0.19872534759538069
36.0,implicit,0.14285714285714285,0.7142857142857142,0.16007074643675603
36.0,implicit,0.14285714285714285,0.7857142857142857,0.11929422169379275
36.0,implicit,0.14285714285714285,0.8571428571428571,0.07667499268872173
36.0,implicit,0.14285714285714285,0.9285714285714285,0.032827237519080156
36.0,implicit,0.14285714285714285,1.0,-0.047917423784529
36.0,implicit,0.21428571428571427,0.0,-0.047917423784529
36.0,implicit,0.21428571428571427,0.07142857142857142,0.05442855485317933
36.0,implicit,0.21428571428571427,0.14285714285714285,0.11929422169379257
36.0,implicit,0.21428571428571427,0.21428571428571427,0.18242739748674525
36.0,implicit,0.21428571428571427,0.2857142857142857,0.24338655100723253
36.0,implicit,0.21428571428571427,0.3571428571428571,0.3013124948212882
36.0,implicit,0.21428571428571427,0.42857142857142855,0.3491984367845775
36.0,implicit,0.21428571428571427,0.5,0.37042275676789677
36.0,implicit,0.21428571428571427,0.5714285714285714,0.34919843678457624
36.0,implicit,0.21428571428571427,0.6428571428571428,0.3013124948212879
36.0,implicit,0.21428571428571427,0.7142857142857142,0.24338655100723258
36.0,implicit,0.21428571428571427,0.7857142857142857,0.1824273974867453
36.0,implicit,0.21428571428571427,0.8571428571428571,0.11929422169379264
36.0,implicit,0.21428571428571427,0.9285714285714285,0.05442855485317938
36.0,implicit,0.21428571428571427,1.0,-0.047917423784529
36.0,implicit,0.2857142857142857,0.0,-0.047917423784529
36.0,implicit,0.2857142857142857,0.07142857142857142,0.07489660192636788
36.0,implicit,0.2857142857142857,0.14285714285714285,0.1600707464367558
36.0,implicit,0.2857142857142857,0.21428571428571427,0.24338655100723205
36.0,implicit,0.2857142857142857,0.2857142857142857,0.3243213768303659
36.0,implicit,0.2857142857142857,0.3571428571428571,0.4013434782432879
36.0,implicit,0.2857142857142857,0.42857142857142855,0.46503111318835233
36.0,implicit,0.2857142857142857,0.5,0.49326079328928574
36.0,implicit,0.2857142857142857,0.5714285714285714,0.4650311131883536
36.0,implicit,0.2857142857142857,0.6428571428571428,0.40134347824328814
36.0,implicit,0.2857142857142857,0.7142857142857142,0.3243213768303658
36.0,implicit,0.2857142857142857,0.7857142857142857,0.2433865510072321
36.0,implicit,0.2857142857142857,0.8571428571428571,0.16007074643675578
36.0,implicit,0.2857142857142857,0.9285714285714285,0.07489660192636788
36.0,implicit,0.2857142857142857,1.0,-0.047917423784529
36.0,implicit,0.3571428571428571,0.0,-0.047917423784529
36.0,implicit,0.3571428571428571,0.07142857142857142,0.0942379046778334
36.0,implicit,0.3571428571428571,0.14285714285714285,0.19872534759538008
36.0,implicit,0.3571428571428571,0.21428571428571427,0.3013124948212873
36.0,implicit,0.3571428571428571,0.2857142857142857,0.401343478243285
36.0,implicit,0.3571428571428571,0.3571428571428571,0.49662599038817445
36.0,implicit,0.3571428571428571,0.42857142857142855,0.5754273684354908
36.0,implicit,0.3571428571428571,0.5,0.6103600733120242
36.0,implicit,0.3571428571428571,0.5714285714285714,0.5754273684354931
36.0,implicit,0.3571428571428571,0.6428571428571428,0.49662599038817506
36.0,implicit,0.3571428571428571,0.7142857142857142,0.4013434782432851
36.0,implicit,0.3571428571428571,0.7857142857142857,0.30131249482128725
36.0,implicit,0.3571428571428571,0.8571428571428571,0.1987253475953797
36.0,implicit,0.3571428571428571,0.9285714285714285,0.09423790467783347
36.0,implicit,0.3571428571428571,1.0,-0.047917423784529
36.0,implicit,0.42857142857142855,0.0,-0.047917423784529
36.0,implicit,0.42857142857142855,0.07142857142857142,0.11021215998229784
36.0,implicit,0.42857142857142855,0.14285714285714285,0.2306679353030546
36.0,implicit,0.42857142857142855,0.21428571428571427,0.3491984367845765
36.0,implicit,0.42857142857142855,0.2857142857142857,0.4650311131883538
36.0,implicit,0.42857142857142855,0.3571428571428571,0.5754273684354955
36.0,implicit,0.42857142857142855,0.42857142857142855,0.666744851433115
36.0,implicit,0.42857142857142855,0.5,0.7072338566845747
36.0,implicit,0.42857142857142855,0.5714285714285714,0.6667448514331117
36.0,implicit,0.42857142857142855,0.6428571428571428,0.5754273684354917
36.0,implicit,0.42857142857142855,0.7142857142857142,0.46503111318835233
36.0,implicit,0.42857142857142855,0.7857142857142857,0.34919843678457607
36.0,implicit,0.42857142857142855,0.8571428571428571,0.23066793530305452
36.0,implicit,0.42857142857142855,0.9285714285714285,0.11021215998229789
36.0,implicit,0.42857142857142855,1.0,-0.047917423784529
36.0,implicit,0.5,0.0,-0.047917423784529
36.0,implicit,0.5,0.07142857142857142,0.1172915024279308
36.0,implicit,0.5,0.14285714285714285,0.24482498539199468
36.0,implicit,0.5,0.21428571428571427,0.37042275676789954
36.0,implicit,0.5,0.2857142857142857,0.49326079328928735
36.0,implicit,0.5,0.3571428571428571,0.6103600733120262
36.0,implicit,0.5,0.42857142857142855,0.7072338566845743
36.0,implicit,0.5,0.5,0.7501937411915023
36.0,implicit,0.5,0.5714285714285714,0.7072338566845755
36.0,implicit,0.5,0.6428571428571428,0.6103600733120239
36.0,implicit,0.5,0.7142857142857142,0.4932607932892842
36.0,implicit,0.5,0.7857142857142857,0.3704227567678992
36.0,implicit,0.5,0.8571428571428571,0.24482498539199482
36.0,implicit,0.5,0.9285714285714285,0.11729150242793085
36.0,implicit,0.5,1.0,-0.047917423784529
36.0,implicit,0.5714285714285714,0.0,-0.047917423784529
36.0,implicit,0.5714285714285714,0.07142857142857142,0.11021215998229766
36.0,implicit,0.5714285714285714,0.14285714285714285,0.230667935303055
36.0,implicit,0.5714285714285714,0.21428571428571427,0.34919843678457846
36.0,implicit,0.5714285714285714,0.2857142857142857,0.4650311131883546
36.0,implicit,0.5714285714285714,0.3571428571428571,0.5754273684354957
36.0,implicit,0.5714285714285714,0.42857142857142855,0.6667448514331147
36.0,implicit,0.5714285714285714,0.5,0.7072338566845771
36.0,implicit,0.5714285714285714,0.5714285714285714,0.6667448514331162
36.0,implicit,0.5714285714285714,0.6428571428571428,0.5754273684354944
36.0,implicit,0.5714285714285714,0.7142857142857142,0.4650311131883563
36.0,implicit,0.5714285714285714,0.7857142857142857,0.34919843678457824
36.0,implicit,0.5714285714285714,0.8571428571428571,0.23066793530305543
36.0,implicit,0.5714285714285714,0.9285714285714285,0.11021215998229775
36.0,implicit,0.5714285714285714,1.0,-0.047917423784529
36.0,implicit,0.6428571428571428,0.0,-0.047917423784529
36.0,implicit,0.6428571428571428,0.07142857142857142,0.09423790467783373
36.0,implicit,0.6428571428571428,0.14285714285714285,0.19872534759538218
36.0,implicit,0.6428571428571428,0.21428571428571427,0.3013124948212888
36.0,implicit,0.6428571428571428,0.2857142857142857,0.40134347824328864
36.0,implicit,0.6428571428571428,0.3571428571428571,0.4966259903881757
36.0,implicit,0.6428571428571428,0.42857142857142855,0.5754273684354947
36.0,implicit,0.6428571428571428,0.5,0.6103600733120254
36.0,implicit,0.6428571428571428,0.5714285714285714,0.575427368435495
36.0,implicit,0.6428571428571428,0.6428571428571428,0.496625990388177
36.0,implicit,0.6428571428571428,0.7142857142857142,0.40134347824328953
36.0,implicit,0.6428571428571428,0.7857142857142857,0.30131249482128863
36.0,implicit,0.6428571428571428,0.8571428571428571,0.19872534759538096
36.0,implicit,0.6428571428571428,0.9285714285714285,0.09423790467783348
36.0,implicit,0.6428571428571428,1.0,-0.047917423784529
36.0,implicit,0.7142857142857142,0.0,-0.047917423784529
36.0,implicit,0.7142857142857142,0.07142857142857142,0.0748966019263683
36.0,implicit,0.7142857142857142,0.14285714285714285,0.16007074643675645
36.0,implicit,0.7142857142857142,0.21428571428571427,0.24338655100723278
36.0,implicit,0.7142857142857142,0.2857142857142857,0.3243213768303662
36.0,implicit,0.7142857142857142,0.3571428571428571,0.40134347824328725
36.0,implicit,0.7142857142857142,0.42857142857142855,0.4650311131883537
36.0,implicit,0.7142857142857142,0.5,0.49326079328928585
36.0,implicit,0.7142857142857142,0.5714285714285714,0.4650311131883528
36.0,implicit,0.7142857142857142,0.6428571428571428,0.40134347824328653
36.0,implicit,0.7142857142857142,0.7142857142857142,0.3243213768303663
36.0,implicit,0.7142857142857142,0.7857142857142857,0.24338655100723275
36.0,implicit,0.7142857142857142,0.8571428571428571,0.1600707464367561
36.0,implicit,0.7142857142857142,0.9285714285714285,0.07489660192636817
36.0,implicit,0.7142857142857142,1.0,-0.047917423784529
36.0,implicit,0.7857142857142857,0.0,-0.047917423784529
36.0,implicit,0.7857142857142857,0.07142857142857142,0.05442855485317958
36.0,implicit,0.7857142857142857,0.14285714285714285,0.11929422169379286
36.0,implicit,0.7857142857142857,0.21428571428571427,0.1824273974867454
36.0,implicit,0.7857142857142857,0.2857142857142857,0.24338655100723233
36.0,implicit,0.7857142857142857,0.3571428571428571,0.3013124948212879
36.0,implicit,0.7857142857142857,0.42857142857142855,0.3491984367845764
36.0,implicit,0.7857142857142857,0.5,0.37042275676789793
36.0,implicit,0.7857142857142857,0.5714285714285714,0.3491984367845755
36.0,implicit,0.7857142857142857,0.6428571428571428,0.3013124948212877
36.0,implicit,0.7857142857142857,0.7142857142857142,0.24338655100723233
36.0,implicit,0.7857142857142857,0.7857142857142857,0.18242739748674547
36.0,implicit,0.7857142857142857,0.8571428571428571,0.11929422169379285
36.0,implicit,0.7857142857142857,0.9285714285714285,0.05442855485317957
36.0,implicit,0.7857142857142857,1.0,-0.047917423784529
36.0,implicit,0.8571428571428571,0.0,-0.047917423784529
36.0,implicit,0.8571428571428571,0.07142857142857142,0.03282723751908014
36.0,implicit,0.8571428571428571,0.14285714285714285,0.07667499268872174
36.0,implicit,0.8571428571428571,0.21428571428571427,0.11929422169379265
36.0,implicit,0.8571428571428571,0.2857142857142857,0.16007074643675584
36.0,implicit,0.8571428571428571,0.3571428571428571,0.19872534759537971
36.0,implicit,0.8571428571428571,0.42857142857142855,0.23066793530305446
36.0,implicit,0.8571428571428571,0.5,0.24482498539199424
36.0,implicit,0.8571428571428571,0.5714285714285714,0.2306679353030539
36.0,implicit,0.8571428571428571,0.6428571428571428,0.1987253475953805
36.0,implicit,0.8571428571428571,0.7142857142857142,0.16007074643675598
36.0,implicit,0.8571428571428571,0.7857142857142857,0.11929422169379272
36.0,implicit,0.8571428571428571,0.8571428571428571,0.0766749926887218
36.0,implicit,0.8571428571428571,0.9285714285714285,0.03282723751908014
36.0,implicit,0.8571428571428571,1.0,-0.047917423784529
36.0,implicit,0.9285714285714285,0.0,-0.047917423784529
36.0,implicit,0.9285714285714285,0.07142857142857142,0.011308509824346585
36.0,implicit,0.9285714285714285,0.14285714285714285,0.032827237519080156
36.0,implicit,0.9285714285714285,0.21428571428571427,0.05442855485317938
36.0,implicit,0.9285714285714285,0.2857142857142857,0.07489660192636792
36.0,implicit,0.9285714285714285,0.3571428571428571,0.09423790467783358
36.0,implicit,0.9285714285714285,0.42857142857142855,0.11021215998229786
36.0,implicit,0.9285714285714285,0.5,0.11729150242793075
36.0,implicit,0.9285714285714285,0.5714285714285714,0.11021215998229772
36.0,implicit,0.9285714285714285,0.6428571428571428,0.09423790467783343
36.0,implicit,0.9285714285714285,0.7142857142857142,0.07489660192636788
36.0,implicit,0.9285714285714285,0.7857142857142857,0.05442855485317939
36.0,implicit,0.9285714285714285,0.8571428571428571,0.032827237519080184
36.0,implicit,0.9285714285714285,0.9285714285714285,0.011308509824346596
36.0,implicit,0.9285714285714285,1.0,-0.047917423784529
36.0,implicit,1.0,0.0,-0.047917423784529
36.0,implicit,1.0,0.07142857142857142,-0.047917423784529
36.0,implicit,1.0,0.14285714285714285,-0.047917423784529
36.0,implicit,1.0,0.21428571428571427,-0.047917423784529
36.0,implicit,1.0,0.2857142857142857,-0.047917423784529
36.0,implicit,1.0,0.3571428571428571,-0.047917423784529
36.0,implicit,1.0,0.42857142857142855,-0.047917423784529
36.0,implicit,1.0,0.5,-0.047917423784529
36.0,implicit,1.0,0.5714285714285714,-0.047917423784529
36.0,implicit,1.0,0.6428571428571428,-0.047917423784529
36.0,implicit,1.0,0.7142857142857142,-0.047917423784529
36.0,implicit,1.0,0.7857142857142857,-0.047917423784529
36.0,implicit,1.0,0.8571428571428571,-0.047917423784529
36.0,implicit,1.0,0.9285714285714285,-0.047917423784529
36.0,implicit,1.0,1.0,-0.047917423784529
37.0,implicit,0.0,0.0,-0.11063349740060283
37.0,implicit,0.0,0.07142857142857142,-0.11063349740060283
37.0,implicit,0.0,0.14285714285714285,-0.11063349740060283
37.0,implicit,0.0,0.21428571428571427,-0.11063349740060283
37.0,implicit,0.0,0.2857142857142857,-0.11063349740060283
37.0,implicit,0.0,0.3571428571428571,-0.11063349740060283
37.0,implicit,0.0,0.42857142857142855,-0.11063349740060283
37.0,implicit,0.0,0.5,-0.11063349740060283
37.0,implicit,0.0,0.5714285714285714,-0.11063349740060283
37.0,implicit,0.0,0.6428571428571428,-0.11063349740060283
37.0,implicit,0.0,0.7142857142857142,-0.11063349740060283
37.0,implicit,0.0,0.7857142857142857,-0.11063349740060283
37.0,implicit,0.0,0.8571428571428571,-0.11063349740060283
37.0,implicit,0.0,0.9285714285714285,-0.11063349740060283
37.0,implicit,0.0,1.0,-0.11063349740060283
37.0,implicit,0.07142857142857142,0.0,-0.11063349740060283
37.0,implicit,0.07142857142857142,0.07142857142857142,0.008455326326310292
37.0,implicit,0.07142857142857142,0.14285714285714285,0.031381048497781214
37.0,implicit,0.07142857142857142,0.21428571428571427,0.05295614801047955
37.0,implicit,0.07142857142857142,0.2857142857142857,0.0734182539795803
37.0,implicit,0.07142857142857142,0.3571428571428571,0.09269676319358226
37.0,implicit,0.07142857142857142,0.42857142857142855,0.10852145200363751
37.0,implicit,0.07142857142857142,0.5,0.11546209436458542
37.0,implicit,0.07142857142857142,0.5714285714285714,0.10852145200363723
37.0,implicit,0.07142857142857142,0.6428571428571428,0.09269676319358211
37.0,implicit,0.07142857142857142,0.7142857142857142,0.07341825397958027
37.0,implicit,0.07142857142857142,0.7857142857142857,0.05295614801047955
37.0,implicit,0.07142857142857142,0.8571428571428571,0.03138104849778122
37.0,implicit,0.07142857142857142,0.9285714285714285,0.0084553263263103
37.0,implicit,0.07142857142857142,1.0,-0.11063349740060283
37.0,implicit,0.14285714285714285,0.0,-0.11063349740060283
37.0,implicit,0.14285714285714285,0.07142857142857142,0.031381048497781214
37.0,implicit,0.14285714285714285,0.14285714285714285,0.07656851370750084
37.0,implicit,0.14285714285714285,0.21428571428571427,0.11917664673456961
37.0,implicit,0.14285714285714285,0.2857142857142857,0.15993943146535303
37.0,implicit,0.14285714285714285,0.3571428571428571,0.19846587776702995
37.0,implicit,0.14285714285714285,0.42857142857142855,0.23010844188498092
37.0,implicit,0.14285714285714285,0.5,0.2439878526274361
37.0,implicit,0.14285714285714285,0.5714285714285714,0.23010844188498034
37.0,implicit,0.14285714285714285,0.6428571428571428,0.1984658777670294
37.0,implicit,0.14285714285714285,0.7142857142857142,0.15993943146535286
37.0,implicit,0.14285714285714285,0.7857142857142857,0.1191766467345696
37.0,implicit,0.14285714285714285,0.8571428571428571,0.07656851370750087
37.0,implicit,0.14285714285714285,0.9285714285714285,0.031381048497781235
37.0,implicit,0.14285714285714285,1.0,-0.11063349740060283
37.0,implicit,0.21428571428571427,0.0,-0.11063349740060283
37.0,implicit,0.21428571428571427,0.07142857142857142,0.052956148010479306
37.0,implicit,0.21428571428571427,0.14285714285714285,0.11917664673456942
37.0,implicit,0.21428571428571427,0.21428571428571427,0.18230733028384277
37.0,implicit,0.21428571428571427,0.2857142857142857,0.24323396854537216
37.0,implicit,0.21428571428571427,0.3571428571428571,0.3009610909255402
37.0,implicit,0.21428571428571427,0.42857142857142855,0.34839367950128314
37.0,implicit,0.21428571428571427,0.5,0.36920038581049036
37.0,implicit,0.21428571428571427,0.5714285714285714,0.3483936795012819
37.0,implicit,0.21428571428571427,0.6428571428571428,0.3009610909255399
37.0,implicit,0.21428571428571427,0.7142857142857142,0.24323396854537221
37.0,implicit,0.21428571428571427,0.7857142857142857,0.18230733028384283
37.0,implicit,0.21428571428571427,0.8571428571428571,0.11917664673456949
37.0,implicit,0.21428571428571427,0.9285714285714285,0.052956148010479355
37.0,implicit,0.21428571428571427,1.0,-0.11063349740060283
37.0,implicit,0.2857142857142857,0.0,-0.11063349740060283
37.0,implicit,0.2857142857142857,0.07142857142857142,0.07341825397957992
37.0,implicit,0.2857142857142857,0.14285714285714285,0.15993943146535264
37.0,implicit,0.2857142857142857,0.21428571428571427,0.2432339685453717
37.0,implicit,0.2857142857142857,0.2857142857142857,0.324098279722675
37.0,implicit,0.2857142857142857,0.3571428571428571,0.40083612144546854
37.0,implicit,0.2857142857142857,0.42857142857142855,0.4639063808100053
37.0,implicit,0.2857142857142857,0.5,0.49157446356704226
37.0,implicit,0.2857142857142857,0.5714285714285714,0.4639063808100065
37.0,implicit,0.2857142857142857,0.6428571428571428,0.4008361214454687
37.0,implicit,0.2857142857142857,0.7142857142857142,0.32409827972267496
37.0,implicit,0.2857142857142857,0.7857142857142857,0.2432339685453717
37.0,implicit,0.2857142857142857,0.8571428571428571,0.1599394314653526
37.0,implicit,0.2857142857142857,0.9285714285714285,0.0734182539795799
37.0,implicit,0.2857142857142857,1.0,-0.11063349740060283
37.0,implicit,0.3571428571428571,0.0,-0.11063349740060283
37.0,implicit,0.3571428571428571,0.07142857142857142,0.0926967631935819
37.0,implicit,0.3571428571428571,0.14285714285714285,0.19846587776702873
37.0,implicit,0.3571428571428571,0.21428571428571427,0.3009610909255393
37.0,implicit,0.3571428571428571,0.2857142857142857,0.4008361214454657
37.0,implicit,0.3571428571428571,0.3571428571428571,0.4957067697372227
37.0,implicit,0.3571428571428571,0.42857142857142855,0.5736963074439918
37.0,implicit,0.3571428571428571,0.5,0.6079131182462882
37.0,implicit,0.3571428571428571,0.5714285714285714,0.5736963074439939
37.0,implicit,0.3571428571428571,0.6428571428571428,0.49570676973722355
37.0,implicit,0.3571428571428571,0.7142857142857142,0.4008361214454658
37.0,implicit,0.3571428571428571,0.7857142857142857,0.30096109092553924
37.0,implicit,0.3571428571428571,0.8571428571428571,0.1984658777670283
37.0,implicit,0.3571428571428571,0.9285714285714285,0.09269676319358193
37.0,implicit,0.3571428571428571,1.0,-0.11063349740060283
37.0,implicit,0.42857142857142855,0.0,-0.11063349740060283
37.0,implicit,0.42857142857142855,0.07142857142857142,0.1085214520036376
37.0,implicit,0.42857142857142855,0.14285714285714285,0.2301084418849805
37.0,implicit,0.42857142857142855,0.21428571428571427,0.3483936795012822
37.0,implicit,0.42857142857142855,0.2857142857142857,0.4639063808100067
37.0,implicit,0.42857142857142855,0.3571428571428571,0.5736963074439959
37.0,implicit,0.42857142857142855,0.42857142857142855,0.6639676967510272
37.0,implicit,0.42857142857142855,0.5,0.703580521634049
37.0,implicit,0.42857142857142855,0.5714285714285714,0.6639676967510235
37.0,implicit,0.42857142857142855,0.6428571428571428,0.5736963074439922
37.0,implicit,0.42857142857142855,0.7142857142857142,0.4639063808100053
37.0,implicit,0.42857142857142855,0.7857142857142857,0.34839367950128186
37.0,implicit,0.42857142857142855,0.8571428571428571,0.23010844188498045
37.0,implicit,0.42857142857142855,0.9285714285714285,0.10852145200363762
37.0,implicit,0.42857142857142855,1.0,-0.11063349740060283
37.0,implicit,0.5,0.0,-0.11063349740060283
37.0,implicit,0.5,0.07142857142857142,0.1154620943645856
37.0,implicit,0.5,0.14285714285714285,0.24398785262743672
37.0,implicit,0.5,0.21428571428571427,0.36920038581049314
37.0,implicit,0.5,0.2857142857142857,0.4915744635670441
37.0,implicit,0.5,0.3571428571428571,0.6079131182462904
37.0,implicit,0.5,0.42857142857142855,0.7035805216340488
37.0,implicit,0.5,0.5,0.7455678787229978
37.0,implicit,0.5,0.5714285714285714,0.7035805216340499
37.0,implicit,0.5,0.6428571428571428,0.6079131182462876
37.0,implicit,0.5,0.7142857142857142,0.49157446356704093
37.0,implicit,0.5,0.7857142857142857,0.36920038581049275
37.0,implicit,0.5,0.8571428571428571,0.24398785262743683
37.0,implicit,0.5,0.9285714285714285,0.11546209436458565
37.0,implicit,0.5,1.0,-0.11063349740060283
37.0,implicit,0.5714285714285714,0.0,-0.11063349740060283
37.0,implicit,0.5714285714285714,0.07142857142857142,0.10852145200363743
37.0,implicit,0.5714285714285714,0.14285714285714285,0.23010844188498097
37.0,implicit,0.5714285714285714,0.21428571428571427,0.3483936795012839
37.0,implicit,0.5714285714285714,0.2857142857142857,0.4639063808100075
37.0,implicit,0.5714285714285714,0.3571428571428571,0.5736963074439962
37.0,implicit,0.5714285714285714,0.42857142857142855,0.6639676967510266
37.0,implicit,0.5714285714285714,0.5,0.7035805216340518
37.0,implicit,0.5714285714285714,0.5714285714285714,0.663967696751028
37.0,implicit,0.5714285714285714,0.6428571428571428,0.5736963074439948
37.0,implicit,0.5714285714285714,0.7142857142857142,0.4639063808100091
37.0,implicit,0.5714285714285714,0.7857142857142857,0.34839367950128364
37.0,implicit,0.5714285714285714,0.8571428571428571,0.23010844188498142
37.0,implicit,0.5714285714285714,0.9285714285714285,0.1085214520036375
37.0,implicit,0.5714285714285714,1.0,-0.11063349740060283
37.0,implicit,0.6428571428571428,0.0,-0.11063349740060283
37.0,implicit,0.6428571428571428,0.07142857142857142,0.09269676319358226
37.0,implicit,0.6428571428571428,0.14285714285714285,0.19846587776703095
37.0,implicit,0.6428571428571428,0.21428571428571427,0.3009610909255407
37.0,implicit,0.6428571428571428,0.2857142857142857,0.4008361214454693
37.0,implicit,0.6428571428571428,0.3571428571428571,0.49570676973722433
37.0,implicit,0.6428571428571428,0.42857142857142855,0.5736963074439954
37.0,implicit,0.6428571428571428,0.5,0.6079131182462896
37.0,implicit,0.6428571428571428,0.5714285714285714,0.5736963074439956
37.0,implicit,0.6428571428571428,0.6428571428571428,0.4957067697372255
37.0,implicit,0.6428571428571428,0.7142857142857142,0.40083612144547026
37.0,implicit,0.6428571428571428,0.7857142857142857,0.3009610909255407
37.0,implicit,0.6428571428571428,0.8571428571428571,0.19846587776702967
37.0,implicit,0.6428571428571428,0.9285714285714285,0.09269676319358205
37.0,implicit,0.6428571428571428,1.0,-0.11063349740060283
37.0,implicit,0.7142857142857142,0.0,-0.11063349740060283
37.0,implicit,0.7142857142857142,0.07142857142857142,0.07341825397958036
37.0,implicit,0.7142857142857142,0.14285714285714285,0.15993943146535328
37.0,implicit,0.7142857142857142,0.21428571428571427,0.2432339685453724
37.0,implicit,0.7142857142857142,0.2857142857142857,0.3240982797226754
37.0,implicit,0.7142857142857142,0.3571428571428571,0.40083612144546793
37.0,implicit,0.7142857142857142,0.42857142857142855,0.46390638081000657
37.0,implicit,0.7142857142857142,0.5,0.4915744635670427
37.0,implicit,0.7142857142857142,0.5714285714285714,0.46390638081000557
37.0,implicit,0.7142857142857142,0.6428571428571428,0.40083612144546715
37.0,implicit,0.7142857142857142,0.7142857142857142,0.3240982797226755
37.0,implicit,0.7142857142857142,0.7857142857142857,0.2432339685453724
37.0,implicit,0.7142857142857142,0.8571428571428571,0.15993943146535292
37.0,implicit,0.7142857142857142,0.9285714285714285,0.07341825397958024
37.0,implicit,0.7142857142857142,1.0,-0.11063349740060283
37.0,implicit,0.7857142857142857,0.0,-0.11063349740060283
37.0,implicit,0.7857142857142857,0.07142857142857142,0.05295614801047957
37.0,implicit,0.7857142857142857,0.14285714285714285,0.11917664673456972
37.0,implicit,0.7857142857142857,0.21428571428571427,0.18230733028384294
37.0,implicit,0.7857142857142857,0.2857142857142857,0.24323396854537194
37.0,implicit,0.7857142857142857,0.3571428571428571,0.30096109092553985
37.0,implicit,0.7857142857142857,0.42857142857142855,0.348393679501282
37.0,implicit,0.7857142857142857,0.5,0.36920038581049147
37.0,implicit,0.7857142857142857,0.5714285714285714,0.3483936795012812
37.0,implicit,0.7857142857142857,0.6428571428571428,0.30096109092553974
37.0,implicit,0.7857142857142857,0.7142857142857142,0.24323396854537194
37.0,implicit,0.7857142857142857,0.7857142857142857,0.182307330283843
37.0,implicit,0.7857142857142857,0.8571428571428571,0.11917664673456971
37.0,implicit,0.7857142857142857,0.9285714285714285,0.05295614801047956
37.0,implicit,0.7857142857142857,1.0,-0.11063349740060283
37.0,implicit,0.8571428571428571,0.0,-0.11063349740060283
37.0,implicit,0.8571428571428571,0.07142857142857142,0.03138104849778123
37.0,implicit,0.8571428571428571,0.14285714285714285,0.0765685137075009
37.0,implicit,0.8571428571428571,0.21428571428571427,0.11917664673456951
37.0,implicit,0.8571428571428571,0.2857142857142857,0.15993943146535267
37.0,implicit,0.8571428571428571,0.3571428571428571,0.19846587776702834
37.0,implicit,0.8571428571428571,0.42857142857142855,0.2301084418849804
37.0,implicit,0.8571428571428571,0.5,0.24398785262743627
37.0,implicit,0.8571428571428571,0.5714285714285714,0.23010844188497984
37.0,implicit,0.8571428571428571,0.6428571428571428,0.19846587776702915
37.0,implicit,0.8571428571428571,0.7142857142857142,0.1599394314653528
37.0,implicit,0.8571428571428571,0.7857142857142857,0.11917664673456961
37.0,implicit,0.8571428571428571,0.8571428571428571,0.07656851370750095
37.0,implicit,0.8571428571428571,0.9285714285714285,0.031381048497781235
37.0,implicit,0.8571428571428571,1.0,-0.11063349740060283
37.0,implicit,0.9285714285714285,0.0,-0.11063349740060283
37.0,implicit,0.9285714285714285,0.07142857142857142,0.0084553263263103
37.0,implicit,0.9285714285714285,0.14285714285714285,0.031381048497781235
37.0,implicit,0.9285714285714285,0.21428571428571427,0.052956148010479355
37.0,implicit,0.9285714285714285,0.2857142857142857,0.07341825397957996
37.0,implicit,0.9285714285714285,0.3571428571428571,0.09269676319358208
37.0,implicit,0.9285714285714285,0.42857142857142855,0.1085214520036376
37.0,implicit,0.9285714285714285,0.5,0.11546209436458556
37.0,implicit,0.9285714285714285,0.5714285714285714,0.10852145200363746
37.0,implicit,0.9285714285714285,0.6428571428571428,0.0926967631935819
37.0,implicit,0.9285714285714285,0.7142857142857142,0.07341825397957993
37.0,implicit,0.9285714285714285,0.7857142857142857,0.052956148010479376
37.0,implicit,0.9285714285714285,0.8571428571428571,0.03138104849778127
37.0,implicit,0.9285714285714285,0.9285714285714285,0.008455326326310311
37.0,implicit,0.9285714285714285,1.0,-0.11063349740060283
37.0,implicit,1.0,0.0,-0.11063349740060283
37.0,implicit,1.0,0.07142857142857142,-0.11063349740060283
37.0,implicit,1.0,0.14285714285714285,-0.11063349740060283
37.0,implicit,1.0,0.21428571428571427,-0.11063349740060283
37.0,implicit,1.0,0.2857142857142857,-0.11063349740060283
37.0,implicit,1.0,0.3571428571428571,-0.11063349740060283
37.0,implicit,1.0,0.42857142857142855,-0.11063349740060283
37.0,implicit,1.0,0.5,-0.11063349740060283
37.0,implicit,1.0,0.5714285714285714,-0.11063349740060283
37.0,implicit,1.0,0.6428571428571428,-0.11063349740060283
37.0,implicit,1.0,0.7142857142857142,-0.11063349740060283
37.0,implicit,1.0,0.7857142857142857,-0.11063349740060283
37.0,implicit,1.0,0.8571428571428571,-0.11063349740060283
37.0,implicit,1.0,0.9285714285714285,-0.11063349740060283
37.0,implicit,1.0,1.0,-0.11063349740060283
38.0,implicit,0.0,0.0,-0.11962066240806708
38.0,implicit,0.0,0.07142857142857142,-0.11962066240806708
38.0,implicit,0.0,0.14285714285714285,-0.11962066240806708
38.0,implicit,0.0,0.21428571428571427,-0.11962066240806708
38.0,implicit,0.0,0.2857142857142857,-0.11962066240806708
38.0,implicit,0.0,0.3571428571428571,-0.11962066240806708
38.0,implicit,0.0,0.42857142857142855,-0.11962066240806708
38.0,implicit,0.0,0.5,-0.11962066240806708
38.0,implicit,0.0,0.5714285714285714,-0.11962066240806708
38.0,implicit,0.0,0.6428571428571428,-0.11962066240806708
38.0,implicit,0.0,0.7142857142857142,-0.11962066240806708
38.0,implicit,0.0,0.7857142857142857,-0.11962066240806708
38.0,implicit,0.0,0.8571428571428571,-0.11962066240806708
38.0,implicit,0.0,0.9285714285714285,-0.11962066240806708
38.0,implicit,0.0,1.0,-0.11962066240806708
38.0,implicit,0.07142857142857142,0.0,-0.11962066240806708
38.0,implicit,0.07142857142857142,0.07142857142857142,0.005687574594176168
38.0,implicit,0.07142857142857142,0.14285714285714285,0.02993387478485153
38.0,implicit,0.07142857142857142,0.21428571428571427,0.05152239130521917
38.0,implicit,0.07142857142857142,0.2857142857142857,0.07198114762855992
38.0,implicit,0.07142857142857142,0.3571428571428571,0.09122794615697884
38.0,implicit,0.07142857142857142,0.42857142857142855,0.10697885012646957
38.0,implicit,0.07142857142857142,0.5,0.11385276691034359
38.0,implicit,0.07142857142857142,0.5714285714285714,0.10697885012646928
38.0,implicit,0.07142857142857142,0.6428571428571428,0.0912279461569787
38.0,implicit,0.07142857142857142,0.7142857142857142,0.0719811476285599
38.0,implicit,0.07142857142857142,0.7857142857142857,0.05152239130521917
38.0,implicit,0.07142857142857142,0.8571428571428571,0.029933874784851537
38.0,implicit,0.07142857142857142,0.9285714285714285,0.005687574594176176
38.0,implicit,0.07142857142857142,1.0,-0.11962066240806708
38.0,implicit,0.14285714285714285,0.0,-0.11962066240806708
38.0,implicit,0.14285714285714285,0.07142857142857142,0.029933874784851527
38.0,implicit,0.14285714285714285,0.14285714285714285,0.07646173223799463
38.0,implicit,0.14285714285714285,0.21428571428571427,0.11909056146595734
38.0,implicit,0.14285714285714285,0.2857142857142857,0.1598456531746966
38.0,implicit,0.14285714285714285,0.3571428571428571,0.1983074133187042
38.0,implicit,0.14285714285714285,0.42857142857142855,0.2298019412148135
38.0,implicit,0.14285714285714285,0.5,0.24354777366492225
38.0,implicit,0.14285714285714285,0.5714285714285714,0.22980194121481295
38.0,implicit,0.14285714285714285,0.6428571428571428,0.1983074133187037
38.0,implicit,0.14285714285714285,0.7142857142857142,0.1598456531746964
38.0,implicit,0.14285714285714285,0.7857142857142857,0.11909056146595733
38.0,implicit,0.14285714285714285,0.8571428571428571,0.07646173223799466
38.0,implicit,0.14285714285714285,0.9285714285714285,0.02993387478485155
38.0,implicit,0.14285714285714285,1.0,-0.11962066240806708
38.0,implicit,0.21428571428571427,0.0,-0.11962066240806708
38.0,implicit,0.21428571428571427,0.07142857142857142,0.05152239130521893
38.0,implicit,0.21428571428571427,0.14285714285714285,0.11909056146595713
38.0,implicit,0.21428571428571427,0.21428571428571427,0.18224581859421574
38.0,implicit,0.21428571428571427,0.2857142857142857,0.24315503232989522
38.0,implicit,0.21428571428571427,0.3571428571428571,0.30078174236169597
38.0,implicit,0.21428571428571427,0.42857142857142855,0.34799054142393404
38.0,implicit,0.21428571428571427,0.5,0.3685962793236061
38.0,implicit,0.21428571428571427,0.5714285714285714,0.34799054142393276
38.0,implicit,0.21428571428571427,0.6428571428571428,0.3007817423616957
38.0,implicit,0.21428571428571427,0.7142857142857142,0.24315503232989527
38.0,implicit,0.21428571428571427,0.7857142857142857,0.1822458185942158
38.0,implicit,0.21428571428571427,0.8571428571428571,0.1190905614659572
38.0,implicit,0.21428571428571427,0.9285714285714285,0.051522391305218976
38.0,implicit,0.21428571428571427,1.0,-0.11962066240806708
38.0,implicit,0.2857142857142857,0.0,-0.11962066240806708
38.0,implicit,0.2857142857142857,0.07142857142857142,0.07198114762855955
38.0,implicit,0.2857142857142857,0.14285714285714285,0.15984565317469615
38.0,implicit,0.2857142857142857,0.21428571428571427,0.24315503232989472
38.0,implicit,0.2857142857142857,0.2857142857142857,0.32398234698145856
38.0,implicit,0.2857142857142857,0.3571428571428571,0.4005764830458027
38.0,implicit,0.2857142857142857,0.42857142857142855,0.4633417624364737
38.0,implicit,0.2857142857142857,0.5,0.4907394630962583
38.0,implicit,0.2857142857142857,0.5714285714285714,0.4633417624364749
38.0,implicit,0.2857142857142857,0.6428571428571428,0.4005764830458028
38.0,implicit,0.2857142857142857,0.7142857142857142,0.3239823469814585
38.0,implicit,0.2857142857142857,0.7857142857142857,0.2431550323298947
38.0,implicit,0.2857142857142857,0.8571428571428571,0.1598456531746961
38.0,implicit,0.2857142857142857,0.9285714285714285,0.07198114762855953
38.0,implicit,0.2857142857142857,1.0,-0.11962066240806708
38.0,implicit,0.3571428571428571,0.0,-0.11962066240806708
38.0,implicit,0.3571428571428571,0.07142857142857142,0.09122794615697848
38.0,implicit,0.3571428571428571,0.14285714285714285,0.19830741331870308
38.0,implicit,0.3571428571428571,0.21428571428571427,0.300781742361695
38.0,implicit,0.3571428571428571,0.2857142857142857,0.40057648304579985
38.0,implicit,0.3571428571428571,0.3571428571428571,0.4952391604364857
38.0,implicit,0.3571428571428571,0.42857142857142855,0.5728275095718909
38.0,implicit,0.3571428571428571,0.5,0.6066994829246737
38.0,implicit,0.3571428571428571,0.5714285714285714,0.572827509571893
38.0,implicit,0.3571428571428571,0.6428571428571428,0.49523916043648664
38.0,implicit,0.3571428571428571,0.7142857142857142,0.40057648304579996
38.0,implicit,0.3571428571428571,0.7857142857142857,0.300781742361695
38.0,implicit,0.3571428571428571,0.8571428571428571,0.1983074133187026
38.0,implicit,0.3571428571428571,0.9285714285714285,0.0912279461569785
38.0,implicit,0.3571428571428571,1.0,-0.11962066240806708
38.0,implicit,0.42857142857142855,0.0,-0.11962066240806708
38.0,implicit,0.42857142857142855,0.07142857142857142,0.10697885012646963
38.0,implicit,0.42857142857142855,0.14285714285714285,0.2298019412148131
38.0,implicit,0.42857142857142855,0.21428571428571427,0.347990541423933
38.0,implicit,0.42857142857142855,0.2857142857142857,0.463341762436475
38.0,implicit,0.42857142857142855,0.3571428571428571,0.5728275095718951
38.0,implicit,0.42857142857142855,0.42857142857142855,0.6625829044955992
38.0,implicit,0.42857142857142855,0.5,0.7017738698895934
38.0,implicit,0.42857142857142855,0.5714285714285714,0.6625829044955953
38.0,implicit,0.42857142857142855,0.6428571428571428,0.5728275095718913
38.0,implicit,0.42857142857142855,0.7142857142857142,0.46334176243647357
38.0,implicit,0.42857142857142855,0.7857142857142857,0.34799054142393265
38.0,implicit,0.42857142857142855,0.8571428571428571,0.229801941214813
38.0,implicit,0.42857142857142855,0.9285714285714285,0.10697885012646965
38.0,implicit,0.42857142857142855,1.0,-0.11962066240806708
38.0,implicit,0.5,0.0,-0.11962066240806708
38.0,implicit,0.5,0.07142857142857142,0.11385276691034378
38.0,implicit,0.5,0.14285714285714285,0.2435477736649229
38.0,implicit,0.5,0.21428571428571427,0.36859627932360894
38.0,implicit,0.5,0.2857142857142857,0.49073946309626026
38.0,implicit,0.5,0.3571428571428571,0.6066994829246758
38.0,implicit,0.5,0.42857142857142855,0.7017738698895929
38.0,implicit,0.5,0.5,0.7432936975889647
38.0,implicit,0.5,0.5714285714285714,0.7017738698895942
38.0,implicit,0.5,0.6428571428571428,0.606699482924673
38.0,implicit,0.5,0.7142857142857142,0.49073946309625716
38.0,implicit,0.5,0.7857142857142857,0.3685962793236085
38.0,implicit,0.5,0.8571428571428571,0.24354777366492297
38.0,implicit,0.5,0.9285714285714285,0.11385276691034382
38.0,implicit,0.5,1.0,-0.11962066240806708
38.0,implicit,0.5714285714285714,0.0,-0.11962066240806708
38.0,implicit,0.5714285714285714,0.07142857142857142,0.1069788501264695
38.0,implicit,0.5714285714285714,0.14285714285714285,0.2298019412148136
38.0,implicit,0.5714285714285714,0.21428571428571427,0.3479905414239348
38.0,implicit,0.5714285714285714,0.2857142857142857,0.46334176243647585
38.0,implicit,0.5714285714285714,0.3571428571428571,0.5728275095718951
38.0,implicit,0.5714285714285714,0.42857142857142855,0.6625829044955985
38.0,implicit,0.5714285714285714,0.5,0.7017738698895959
38.0,implicit,0.5714285714285714,0.5714285714285714,0.6625829044955998
38.0,implicit,0.5714285714285714,0.6428571428571428,0.5728275095718939
38.0,implicit,0.5714285714285714,0.7142857142857142,0.46334176243647757
38.0,implicit,0.5714285714285714,0.7857142857142857,0.34799054142393443
38.0,implicit,0.5714285714285714,0.8571428571428571,0.229801941214814
38.0,implicit,0.5714285714285714,0.9285714285714285,0.10697885012646954
38.0,implicit,0.5714285714285714,1.0,-0.11962066240806708
38.0,implicit,0.6428571428571428,0.0,-0.11962066240806708
38.0,implicit,0.6428571428571428,0.07142857142857142,0.09122794615697885
38.0,implicit,0.6428571428571428,0.14285714285714285,0.19830741331870524
38.0,implicit,0.6428571428571428,0.21428571428571427,0.30078174236169647
38.0,implicit,0.6428571428571428,0.2857142857142857,0.4005764830458034
38.0,implicit,0.6428571428571428,0.3571428571428571,0.4952391604364874
38.0,implicit,0.6428571428571428,0.42857142857142855,0.5728275095718944
38.0,implicit,0.6428571428571428,0.5,0.6066994829246749
38.0,implicit,0.6428571428571428,0.5714285714285714,0.5728275095718945
38.0,implicit,0.6428571428571428,0.6428571428571428,0.4952391604364885
38.0,implicit,0.6428571428571428,0.7142857142857142,0.40057648304580445
38.0,implicit,0.6428571428571428,0.7857142857142857,0.30078174236169647
38.0,implicit,0.6428571428571428,0.8571428571428571,0.19830741331870397
38.0,implicit,0.6428571428571428,0.9285714285714285,0.0912279461569786
38.0,implicit,0.6428571428571428,1.0,-0.11962066240806708
38.0,implicit,0.7142857142857142,0.0,-0.11962066240806708
38.0,implicit,0.7142857142857142,0.07142857142857142,0.07198114762855999
38.0,implicit,0.7142857142857142,0.14285714285714285,0.15984565317469682
38.0,implicit,0.7142857142857142,0.21428571428571427,0.2431550323298955
38.0,implicit,0.7142857142857142,0.2857142857142857,0.32398234698145895
38.0,implicit,0.7142857142857142,0.3571428571428571,0.40057648304580223
38.0,implicit,0.7142857142857142,0.42857142857142855,0.46334176243647485
38.0,implicit,0.7142857142857142,0.5,0.49073946309625904
38.0,implicit,0.7142857142857142,0.5714285714285714,0.463341762436474
38.0,implicit,0.7142857142857142,0.6428571428571428,0.40057648304580135
38.0,implicit,0.7142857142857142,0.7142857142857142,0.323982346981459
38.0,implicit,0.7142857142857142,0.7857142857142857,0.2431550323298955
38.0,implicit,0.7142857142857142,0.8571428571428571,0.15984565317469648
38.0,implicit,0.7142857142857142,0.9285714285714285,0.07198114762855987
38.0,implicit,0.7142857142857142,1.0,-0.11962066240806708
38.0,implicit,0.7857142857142857,0.0,-0.11962066240806708
38.0,implicit,0.7857142857142857,0.07142857142857142,0.0515223913052192
38.0,implicit,0.7857142857142857,0.14285714285714285,0.11909056146595745
38.0,implicit,0.7857142857142857,0.21428571428571427,0.18224581859421593
38.0,implicit,0.7857142857142857,0.2857142857142857,0.24315503232989502
38.0,implicit,0.7857142857142857,0.3571428571428571,0.30078174236169564
38.0,implicit,0.7857142857142857,0.42857142857142855,0.3479905414239328
38.0,implicit,0.7857142857142857,0.5,0.3685962793236072
38.0,implicit,0.7857142857142857,0.5714285714285714,0.347990541423932
38.0,implicit,0.7857142857142857,0.6428571428571428,0.3007817423616955
38.0,implicit,0.7857142857142857,0.7142857142857142,0.24315503232989502
38.0,implicit,0.7857142857142857,0.7857142857142857,0.18224581859421596
38.0,implicit,0.7857142857142857,0.8571428571428571,0.11909056146595744
38.0,implicit,0.7857142857142857,0.9285714285714285,0.051522391305219184
38.0,implicit,0.7857142857142857,1.0,-0.11962066240806708
38.0,implicit,0.8571428571428571,0.0,-0.11962066240806708
38.0,implicit,0.8571428571428571,0.07142857142857142,0.029933874784851544
38.0,implicit,0.8571428571428571,0.14285714285714285,0.07646173223799468
38.0,implicit,0.8571428571428571,0.21428571428571427,0.11909056146595724
38.0,implicit,0.8571428571428571,0.2857142857142857,0.15984565317469615
38.0,implicit,0.8571428571428571,0.3571428571428571,0.1983074133187027
38.0,implicit,0.8571428571428571,0.42857142857142855,0.22980194121481298
38.0,implicit,0.8571428571428571,0.5,0.24354777366492242
38.0,implicit,0.8571428571428571,0.5714285714285714,0.2298019412148124
38.0,implicit,0.8571428571428571,0.6428571428571428,0.1983074133187035
38.0,implicit,0.8571428571428571,0.7142857142857142,0.15984565317469632
38.0,implicit,0.8571428571428571,0.7857142857142857,0.11909056146595734
38.0,implicit,0.8571428571428571,0.8571428571428571,0.07646173223799474
38.0,implicit,0.8571428571428571,0.9285714285714285,0.02993387478485155
38.0,implicit,0.8571428571428571,1.0,-0.11962066240806708
38.0,implicit,0.9285714285714285,0.0,-0.11962066240806708
38.0,implicit,0.9285714285714285,0.07142857142857142,0.005687574594176176
38.0,implicit,0.9285714285714285,0.14285714285714285,0.02993387478485155
38.0,implicit,0.9285714285714285,0.21428571428571427,0.05152239130521898
38.0,implicit,0.9285714285714285,0.2857142857142857,0.0719811476285596
38.0,implicit,0.9285714285714285,0.3571428571428571,0.09122794615697867
38.0,implicit,0.9285714285714285,0.42857142857142855,0.10697885012646963
38.0,implicit,0.9285714285714285,0.5,0.11385276691034373
38.0,implicit,0.9285714285714285,0.5714285714285714,0.1069788501264695
38.0,implicit,0.9285714285714285,0.6428571428571428,0.09122794615697848
38.0,implicit,0.9285714285714285,0.7142857142857142,0.07198114762855956
38.0,implicit,0.9285714285714285,0.7857142857142857,0.051522391305219004
38.0,implicit,0.9285714285714285,0.8571428571428571,0.029933874784851582
38.0,implicit,0.9285714285714285,0.9285714285714285,0.005687574594176187
38.0,implicit,0.9285714285714285,1.0,-0.11962066240806708
38.0,implicit,1.0,0.0,-0.11962066240806708
38.0,implicit,1.0,0.07142857142857142,-0.11962066240806708
38.0,implicit,1.0,0.14285714285714285,-0.11962066240806708
38.0,implicit,1.0,0.21428571428571427,-0.11962066240806708
38.0,implicit,1.0,0.2857142857142857,-0.11962066240806708
38.0,implicit,1.0,0.3571428571428571,-0.11962066240806708
38.0,implicit,1.0,0.42857142857142855,-0.11962066240806708
38.0,implicit,1.0,0.5,-0.11962066240806708
38.0,implicit,1.0,0.5714285714285714,-0.11962066240806708
38.0,implicit,1.0,0.6428571428571428,-0.11962066240806708
38.0,implicit,1.0,0.7142857142857142,-0.11962066240806708
38.0,implicit,1.0,0.7857142857142857,-0.11962066240806708
38.0,implicit,1.0,0.8571428571428571,-0.11962066240806708
38.0,implicit,1.0,0.9285714285714285,-0.11962066240806708
38.0,implicit,1.0,1.0,-0.11962066240806708
39.0,implicit,0.0,0.0,0.1356240028570823
39.0,implicit,0.0,0.07142857142857142,0.1356240028570823
39.0,implicit,0.0,0.14285714285714285,0.1356240028570823
39.0,implicit,0.0,0.21428571428571427,0.1356240028570823
39.0,implicit,0.0,0.2857142857142857,0.1356240028570823
39.0,implicit,0.0,0.3571428571428571,0.1356240028570823
39.0,implicit,0.0,0.42857142857142855,0.1356240028570823
39.0,implicit,0.0,0.5,0.1356240028570823
39.0,implicit,0.0,0.5714285714285714,0.1356240028570823
39.0,implicit,0.0,0.6428571428571428,0.1356240028570823
39.0,implicit,0.0,0.7142857142857142,0.1356240028570823
39.0,implicit,0.0,0.7857142857142857,0.1356240028570823
39.0,implicit,0.0,0.8571428571428571,0.1356240028570823
39.0,implicit,0.0,0.9285714285714285,0.1356240028570823
39.0,implicit,0.0,1.0,0.1356240028570823
39.0,implicit,0.07142857142857142,0.0,0.1356240028570823
39.0,implicit,0.07142857142857142,0.07142857142857142,0.012264821643521578
39.0,implicit,0.07142857142857142,0.14285714285714285,0.033220821860800026
39.0,implicit,0.07142857142857142,0.21428571428571427,0.05477448670069016
39.0,implicit,0.07142857142857142,0.2857142857142857,0.07522498751363739
39.0,implicit,0.07142857142857142,0.3571428571428571,0.09440778109166424
39.0,implicit,0.07142857142857142,0.42857142857142855,0.11001312063479933
39.0,implicit,0.07142857142857142,0.5,0.11675853757185287
39.0,implicit,0.07142857142857142,0.5714285714285714,0.11001312063479902
39.0,implicit,0.07142857142857142,0.6428571428571428,0.09440778109166409
39.0,implicit,0.07142857142857142,0.7142857142857142,0.07522498751363736
39.0,implicit,0.07142857142857142,0.7857142857142857,0.05477448670069016
39.0,implicit,0.07142857142857142,0.8571428571428571,0.03322082186080003
39.0,implicit,0.07142857142857142,0.9285714285714285,0.012264821643521587
39.0,implicit,0.07142857142857142,1.0,0.1356240028570823
39.0,implicit,0.14285714285714285,0.0,0.1356240028570823
39.0,implicit,0.14285714285714285,0.07142857142857142,0.03322082186080002
39.0,implicit,0.14285714285714285,0.14285714285714285,0.07637703835850478
39.0,implicit,0.14285714285714285,0.21428571428571427,0.11898265050151836
39.0,implicit,0.14285714285714285,0.2857142857142857,0.159719888045182
39.0,implicit,0.14285714285714285,0.3571428571428571,0.19805114706403965
39.0,implicit,0.14285714285714285,0.42857142857142855,0.22925357186305118
39.0,implicit,0.14285714285714285,0.5,0.24274213513217924
39.0,implicit,0.14285714285714285,0.5714285714285714,0.22925357186305056
39.0,implicit,0.14285714285714285,0.6428571428571428,0.1980511470640392
39.0,implicit,0.14285714285714285,0.7142857142857142,0.1597198880451818
39.0,implicit,0.14285714285714285,0.7857142857142857,0.11898265050151835
39.0,implicit,0.14285714285714285,0.8571428571428571,0.0763770383585048
39.0,implicit,0.14285714285714285,0.9285714285714285,0.03322082186080005
39.0,implicit,0.14285714285714285,1.0,0.1356240028570823
39.0,implicit,0.21428571428571427,0.0,0.1356240028570823
39.0,implicit,0.21428571428571427,0.07142857142857142,0.05477448670068992
39.0,implicit,0.21428571428571427,0.14285714285714285,0.11898265050151817
39.0,implicit,0.21428571428571427,0.21428571428571427,0.1821215477676677
39.0,implicit,0.21428571428571427,0.2857142857142857,0.24299273746904165
39.0,implicit,0.21428571428571427,0.3571428571428571,0.3004167641429375
39.0,implicit,0.21428571428571427,0.42857142857142855,0.347183788322475
39.0,implicit,0.21428571428571427,0.5,0.3674023735740084
39.0,implicit,0.21428571428571427,0.5714285714285714,0.3471837883224738
39.0,implicit,0.21428571428571427,0.6428571428571428,0.3004167641429373
39.0,implicit,0.21428571428571427,0.7142857142857142,0.24299273746904165
39.0,implicit,0.21428571428571427,0.7857142857142857,0.18212154776766776
39.0,implicit,0.21428571428571427,0.8571428571428571,0.11898265050151823
39.0,implicit,0.21428571428571427,0.9285714285714285,0.05477448670068997
39.0,implicit,0.21428571428571427,1.0,0.1356240028570823
39.0,implicit,0.2857142857142857,0.0,0.1356240028570823
39.0,implicit,0.2857142857142857,0.07142857142857142,0.07522498751363696
39.0,implicit,0.2857142857142857,0.14285714285714285,0.15971988804518156
39.0,implicit,0.2857142857142857,0.21428571428571427,0.24299273746904115
39.0,implicit,0.2857142857142857,0.2857142857142857,0.32374176067901134
39.0,implicit,0.2857142857142857,0.3571428571428571,0.4000455540613043
39.0,implicit,0.2857142857142857,0.42857142857142855,0.4622083441988746
39.0,implicit,0.2857142857142857,0.5,0.48908492817877236
39.0,implicit,0.2857142857142857,0.5714285714285714,0.4622083441988759
39.0,implicit,0.2857142857142857,0.6428571428571428,0.4000455540613045
39.0,implicit,0.2857142857142857,0.7142857142857142,0.3237417606790113
39.0,implicit,0.2857142857142857,0.7857142857142857,0.24299273746904113
39.0,implicit,0.2857142857142857,0.8571428571428571,0.1597198880451815
39.0,implicit,0.2857142857142857,0.9285714285714285,0.07522498751363695
39.0,implicit,0.2857142857142857,1.0,0.1356240028570823
39.0,implicit,0.3571428571428571,0.0,0.1356240028570823
39.0,implicit,0.3571428571428571,0.07142857142857142,0.0944077810916639
39.0,implicit,0.3571428571428571,0.14285714285714285,0.19805114706403856
39.0,implicit,0.3571428571428571,0.21428571428571427,0.30041676414293667
39.0,implicit,0.3571428571428571,0.2857142857142857,0.4000455540613017
39.0,implicit,0.3571428571428571,0.3571428571428571,0.49428855332688504
39.0,implicit,0.3571428571428571,0.42857142857142855,0.5710840944664429
39.0,implicit,0.3571428571428571,0.5,0.6042911346208113
39.0,implicit,0.3571428571428571,0.5714285714285714,0.5710840944664449
39.0,implicit,0.3571428571428571,0.6428571428571428,0.4942885533268857
39.0,implicit,0.3571428571428571,0.7142857142857142,0.40004555406130177
39.0,implicit,0.3571428571428571,0.7857142857142857,0.3004167641429366
39.0,implicit,0.3571428571428571,0.8571428571428571,0.1980511470640381
39.0,implicit,0.3571428571428571,0.9285714285714285,0.09440778109166391
39.0,implicit,0.3571428571428571,1.0,0.1356240028570823
39.0,implicit,0.42857142857142855,0.0,0.1356240028570823
39.0,implicit,0.42857142857142855,0.07142857142857142,0.11001312063479941
39.0,implicit,0.42857142857142855,0.14285714285714285,0.22925357186305073
39.0,implicit,0.42857142857142855,0.21428571428571427,0.347183788322474
39.0,implicit,0.42857142857142855,0.2857142857142857,0.4622083441988762
39.0,implicit,0.42857142857142855,0.3571428571428571,0.5710840944664465
39.0,implicit,0.42857142857142855,0.42857142857142855,0.659821658978072
39.0,implicit,0.42857142857142855,0.5,0.6981995390947502
39.0,implicit,0.42857142857142855,0.5714285714285714,0.6598216589780682
39.0,implicit,0.42857142857142855,0.6428571428571428,0.5710840944664431
39.0,implicit,0.42857142857142855,0.7142857142857142,0.4622083441988746
39.0,implicit,0.42857142857142855,0.7857142857142857,0.34718378832247354
39.0,implicit,0.42857142857142855,0.8571428571428571,0.22925357186305062
39.0,implicit,0.42857142857142855,0.9285714285714285,0.11001312063479944
39.0,implicit,0.42857142857142855,1.0,0.1356240028570823
39.0,implicit,0.5,0.0,0.1356240028570823
39.0,implicit,0.5,0.07142857142857142,0.11675853757185305
39.0,implicit,0.5,0.14285714285714285,0.2427421351321799
39.0,implicit,0.5,0.21428571428571427,0.36740237357401123
39.0,implicit,0.5,0.2857142857142857,0.4890849281787741
39.0,implicit,0.5,0.3571428571428571,0.6042911346208133
39.0,implicit,0.5,0.42857142857142855,0.69819953909475
39.0,implicit,0.5,0.5,0.7388195764220669
39.0,implicit,0.5,0.5714285714285714,0.6981995390947509
39.0,implicit,0.5,0.6428571428571428,0.6042911346208104
39.0,implicit,0.5,0.7142857142857142,0.48908492817877103
39.0,implicit,0.5,0.7857142857142857,0.3674023735740107
39.0,implicit,0.5,0.8571428571428571,0.24274213513218
39.0,implicit,0.5,0.9285714285714285,0.1167585375718531
39.0,implicit,0.5,1.0,0.1356240028570823
39.0,implicit,0.5714285714285714,0.0,0.1356240028570823
39.0,implicit,0.5714285714285714,0.07142857142857142,0.11001312063479932
39.0,implicit,0.5714285714285714,0.14285714285714285,0.22925357186305123
39.0,implicit,0.5714285714285714,0.21428571428571427,0.34718378832247593
39.0,implicit,0.5714285714285714,0.2857142857142857,0.46220834419887696
39.0,implicit,0.5714285714285714,0.3571428571428571,0.5710840944664469
39.0,implicit,0.5714285714285714,0.42857142857142855,0.6598216589780715
39.0,implicit,0.5714285714285714,0.5,0.6981995390947526
39.0,implicit,0.5714285714285714,0.5714285714285714,0.6598216589780725
39.0,implicit,0.5714285714285714,0.6428571428571428,0.5710840944664457
39.0,implicit,0.5714285714285714,0.7142857142857142,0.46220834419887863
39.0,implicit,0.5714285714285714,0.7857142857142857,0.3471837883224754
39.0,implicit,0.5714285714285714,0.8571428571428571,0.22925357186305156
39.0,implicit,0.5714285714285714,0.9285714285714285,0.11001312063479933
39.0,implicit,0.5714285714285714,1.0,0.1356240028570823
39.0,implicit,0.6428571428571428,0.0,0.1356240028570823
39.0,implicit,0.6428571428571428,0.07142857142857142,0.09440778109166427
39.0,implicit,0.6428571428571428,0.14285714285714285,0.1980511470640407
39.0,implicit,0.6428571428571428,0.21428571428571427,0.300416764142938
39.0,implicit,0.6428571428571428,0.2857142857142857,0.4000455540613053
39.0,implicit,0.6428571428571428,0.3571428571428571,0.49428855332688676
39.0,implicit,0.6428571428571428,0.42857142857142855,0.5710840944664465
39.0,implicit,0.6428571428571428,0.5,0.6042911346208124
39.0,implicit,0.6428571428571428,0.5714285714285714,0.5710840944664463
39.0,implicit,0.6428571428571428,0.6428571428571428,0.4942885533268878
39.0,implicit,0.6428571428571428,0.7142857142857142,0.4000455540613062
39.0,implicit,0.6428571428571428,0.7857142857142857,0.300416764142938
39.0,implicit,0.6428571428571428,0.8571428571428571,0.19805114706403948
39.0,implicit,0.6428571428571428,0.9285714285714285,0.09440778109166402
39.0,implicit,0.6428571428571428,1.0,0.1356240028570823
39.0,implicit,0.7142857142857142,0.0,0.1356240028570823
39.0,implicit,0.7142857142857142,0.07142857142857142,0.07522498751363746
39.0,implicit,0.7142857142857142,0.14285714285714285,0.15971988804518228
39.0,implicit,0.7142857142857142,0.21428571428571427,0.24299273746904196
39.0,implicit,0.7142857142857142,0.2857142857142857,0.3237417606790118
39.0,implicit,0.7142857142857142,0.3571428571428571,0.400045554061304
39.0,implicit,0.7142857142857142,0.42857142857142855,0.4622083441988759
39.0,implicit,0.7142857142857142,0.5,0.48908492817877286
39.0,implicit,0.7142857142857142,0.5714285714285714,0.4622083441988752
39.0,implicit,0.7142857142857142,0.6428571428571428,0.4000455540613032
39.0,implicit,0.7142857142857142,0.7142857142857142,0.3237417606790118
39.0,implicit,0.7142857142857142,0.7857142857142857,0.24299273746904193
39.0,implicit,0.7142857142857142,0.8571428571428571,0.15971988804518192
39.0,implicit,0.7142857142857142,0.9285714285714285,0.07522498751363732
39.0,implicit,0.7142857142857142,1.0,0.1356240028570823
39.0,implicit,0.7857142857142857,0.0,0.1356240028570823
39.0,implicit,0.7857142857142857,0.07142857142857142,0.0547744867006902
39.0,implicit,0.7857142857142857,0.14285714285714285,0.11898265050151847
39.0,implicit,0.7857142857142857,0.21428571428571427,0.1821215477676679
39.0,implicit,0.7857142857142857,0.2857142857142857,0.24299273746904146
39.0,implicit,0.7857142857142857,0.3571428571428571,0.3004167641429373
39.0,implicit,0.7857142857142857,0.42857142857142855,0.34718378832247376
39.0,implicit,0.7857142857142857,0.5,0.3674023735740095
39.0,implicit,0.7857142857142857,0.5714285714285714,0.34718378832247304
39.0,implicit,0.7857142857142857,0.6428571428571428,0.30041676414293716
39.0,implicit,0.7857142857142857,0.7142857142857142,0.24299273746904146
39.0,implicit,0.7857142857142857,0.7857142857142857,0.18212154776766792
39.0,implicit,0.7857142857142857,0.8571428571428571,0.11898265050151846
39.0,implicit,0.7857142857142857,0.9285714285714285,0.054774486700690184
39.0,implicit,0.7857142857142857,1.0,0.1356240028570823
39.0,implicit,0.8571428571428571,0.0,0.1356240028570823
39.0,implicit,0.8571428571428571,0.07142857142857142,0.03322082186080004
39.0,implicit,0.8571428571428571,0.14285714285714285,0.07637703835850483
39.0,implicit,0.8571428571428571,0.21428571428571427,0.11898265050151828
39.0,implicit,0.8571428571428571,0.2857142857142857,0.15971988804518159
39.0,implicit,0.8571428571428571,0.3571428571428571,0.19805114706403817
39.0,implicit,0.8571428571428571,0.42857142857142855,0.2292535718630506
39.0,implicit,0.8571428571428571,0.5,0.2427421351321794
39.0,implicit,0.8571428571428571,0.5714285714285714,0.22925357186304995
39.0,implicit,0.8571428571428571,0.6428571428571428,0.198051147064039
39.0,implicit,0.8571428571428571,0.7142857142857142,0.15971988804518172
39.0,implicit,0.8571428571428571,0.7857142857142857,0.11898265050151839
39.0,implicit,0.8571428571428571,0.8571428571428571,0.07637703835850489
39.0,implicit,0.8571428571428571,0.9285714285714285,0.03322082186080005
39.0,implicit,0.8571428571428571,1.0,0.1356240028570823
39.0,implicit,0.9285714285714285,0.0,0.1356240028570823
39.0,implicit,0.9285714285714285,0.07142857142857142,0.012264821643521587
39.0,implicit,0.9285714285714285,0.14285714285714285,0.03322082186080005
39.0,implicit,0.9285714285714285,0.21428571428571427,0.054774486700689975
39.0,implicit,0.9285714285714285,0.2857142857142857,0.07522498751363701
39.0,implicit,0.9285714285714285,0.3571428571428571,0.09440778109166406
39.0,implicit,0.9285714285714285,0.42857142857142855,0.11001312063479939
39.0,implicit,0.9285714285714285,0.5,0.11675853757185298
39.0,implicit,0.9285714285714285,0.5714285714285714,0.1100131206347993
39.0,implicit,0.9285714285714285,0.6428571428571428,0.09440778109166391
39.0,implicit,0.9285714285714285,0.7142857142857142,0.07522498751363697
39.0,implicit,0.9285714285714285,0.7857142857142857,0.05477448670069
39.0,implicit,0.9285714285714285,0.8571428571428571,0.03322082186080007
39.0,implicit,0.9285714285714285,0.9285714285714285,0.012264821643521598
39.0,implicit,0.9285714285714285,1.0,0.1356240028570823
39.0,implicit,1.0,0.0,0.1356240028570823
39.0,implicit,1.0,0.07142857142857142,0.1356240028570823
39.0,implicit,1.0,0.14285714285714285,0.1356240028570823
39.0,implicit,1.0,0.21428571428571427,0.1356240028570823
39.0,implicit,1.0,0.2857142857142857,0.1356240028570823
39.0,implicit,1.0,0.3571428571428571,0.1356240028570823
39.0,implicit,1.0,0.42857142857142855,0.1356240028570823
39.0,implicit,1.0,0.5,0.1356240028570823
39.0,implicit,1.0,0.5714285714285714,0.1356240028570823
39.0,implicit,1.0,0.6428571428571428,0.1356240028570823
39.0,implicit,1.0,0.7142857142857142,0.1356240028570823
39.0,implicit,1.0,0.7857142857142857,0.1356240028570823
39.0,implicit,1.0,0.8571428571428571,0.1356240028570823
39.0,implicit,1.0,0.9285714285714285,0.1356240028570823
39.0,implicit,1.0,1.0,0.1356240028570823
40.0,implicit,0.0,0.0,0.10035328978920242
40.0,implicit,0.0,0.07142857142857142,0.10035328978920242
40.0,implicit,0.0,0.14285714285714285,0.10035328978920242
40.0,implicit,0.0,0.21428571428571427,0.10035328978920242
40.0,implicit,0.0,0.2857142857142857,0.10035328978920242
40.0,implicit,0.0,0.3571428571428571,0.10035328978920242
40.0,implicit,0.0,0.42857142857142855,0.10035328978920242
40.0,implicit,0.0,0.5,0.10035328978920242
40.0,implicit,0.0,0.5714285714285714,0.10035328978920242
40.0,implicit,0.0,0.6428571428571428,0.10035328978920242
40.0,implicit,0.0,0.7142857142857142,0.10035328978920242
40.0,implicit,0.0,0.7857142857142857,0.10035328978920242
40.0,implicit,0.0,0.8571428571428571,0.10035328978920242
40.0,implicit,0.0,0.9285714285714285,0.10035328978920242
40.0,implicit,0.0,1.0,0.10035328978920242
40.0,implicit,0.07142857142857142,0.0,0.10035328978920242
40.0,implicit,0.07142857142857142,0.07142857142857142,0.015173801781807258
40.0,implicit,0.07142857142857142,0.14285714285714285,0.034758784401692666
40.0,implicit,0.07142857142857142,0.21428571428571427,0.0562375660292183
40.0,implicit,0.07142857142857142,0.2857142857142857,0.07667677977156949
40.0,implicit,0.07142857142857142,0.3571428571428571,0.09579481952119842
40.0,implicit,0.07142857142857142,0.42857142857142855,0.11125727120977019
40.0,implicit,0.07142857142857142,0.5,0.11788042028226199
40.0,implicit,0.07142857142857142,0.5714285714285714,0.11125727120976987
40.0,implicit,0.07142857142857142,0.6428571428571428,0.09579481952119825
40.0,implicit,0.07142857142857142,0.7142857142857142,0.07667677977156948
40.0,implicit,0.07142857142857142,0.7857142857142857,0.0562375660292183
40.0,implicit,0.07142857142857142,0.8571428571428571,0.03475878440169268
40.0,implicit,0.07142857142857142,0.9285714285714285,0.015173801781807267
40.0,implicit,0.07142857142857142,1.0,0.10035328978920242
40.0,implicit,0.14285714285714285,0.0,0.10035328978920242
40.0,implicit,0.14285714285714285,0.07142857142857142,0.034758784401692666
40.0,implicit,0.14285714285714285,0.14285714285714285,0.07638768722497846
40.0,implicit,0.14285714285714285,0.21428571428571427,0.11892345510819217
40.0,implicit,0.14285714285714285,0.2857142857142857,0.15963845957258221
40.0,implicit,0.14285714285714285,0.3571428571428571,0.1978377953673562
40.0,implicit,0.14285714285714285,0.42857142857142855,0.2287534174731576
40.0,implicit,0.14285714285714285,0.5,0.2419971551710329
40.0,implicit,0.14285714285714285,0.5714285714285714,0.22875341747315706
40.0,implicit,0.14285714285714285,0.6428571428571428,0.1978377953673558
40.0,implicit,0.14285714285714285,0.7142857142857142,0.159638459572582
40.0,implicit,0.14285714285714285,0.7857142857142857,0.11892345510819216
40.0,implicit,0.14285714285714285,0.8571428571428571,0.07638768722497848
40.0,implicit,0.14285714285714285,0.9285714285714285,0.034758784401692694
40.0,implicit,0.14285714285714285,1.0,0.10035328978920242
40.0,implicit,0.21428571428571427,0.0,0.10035328978920242
40.0,implicit,0.21428571428571427,0.07142857142857142,0.05623756602921804
40.0,implicit,0.21428571428571427,0.14285714285714285,0.11892345510819198
40.0,implicit,0.21428571428571427,0.21428571428571427,0.18199795585880468
40.0,implicit,0.21428571428571427,0.2857142857142857,0.24282577218103626
40.0,implicit,0.21428571428571427,0.3571428571428571,0.3000447912491051
40.0,implicit,0.21428571428571427,0.42857142857142855,0.34637779544340036
40.0,implicit,0.21428571428571427,0.5,0.36622783151657234
40.0,implicit,0.21428571428571427,0.5714285714285714,0.3463777954433992
40.0,implicit,0.21428571428571427,0.6428571428571428,0.30004479124910494
40.0,implicit,0.21428571428571427,0.7142857142857142,0.24282577218103624
40.0,implicit,0.21428571428571427,0.7857142857142857,0.18199795585880474
40.0,implicit,0.21428571428571427,0.8571428571428571,0.11892345510819204
40.0,implicit,0.21428571428571427,0.9285714285714285,0.05623756602921809
40.0,implicit,0.21428571428571427,1.0,0.10035328978920242
40.0,implicit,0.2857142857142857,0.0,0.10035328978920242
40.0,implicit,0.2857142857142857,0.07142857142857142,0.07667677977156905
40.0,implicit,0.2857142857142857,0.14285714285714285,0.15963845957258188
40.0,implicit,0.2857142857142857,0.21428571428571427,0.24282577218103585
40.0,implicit,0.2857142857142857,0.2857142857142857,0.32348968566354
40.0,implicit,0.2857142857142857,0.3571428571428571,0.39949948006477715
40.0,implicit,0.2857142857142857,0.42857142857142855,0.46106978411884486
40.0,implicit,0.2857142857142857,0.5,0.48744997580589544
40.0,implicit,0.2857142857142857,0.5714285714285714,0.4610697841188462
40.0,implicit,0.2857142857142857,0.6428571428571428,0.39949948006477726
40.0,implicit,0.2857142857142857,0.7142857142857142,0.32348968566353997
40.0,implicit,0.2857142857142857,0.7857142857142857,0.24282577218103585
40.0,implicit,0.2857142857142857,0.8571428571428571,0.15963845957258177
40.0,implicit,0.2857142857142857,0.9285714285714285,0.07667677977156903
40.0,implicit,0.2857142857142857,1.0,0.10035328978920242
40.0,implicit,0.3571428571428571,0.0,0.10035328978920242
40.0,implicit,0.3571428571428571,0.07142857142857142,0.09579481952119812
40.0,implicit,0.3571428571428571,0.14285714285714285,0.19783779536735505
40.0,implicit,0.3571428571428571,0.21428571428571427,0.3000447912491042
40.0,implicit,0.3571428571428571,0.2857142857142857,0.3994994800647745
40.0,implicit,0.3571428571428571,0.3571428571428571,0.49331822603244563
40.0,implicit,0.3571428571428571,0.42857142857142855,0.5693338162342099
40.0,implicit,0.3571428571428571,0.5,0.6019070767852298
40.0,implicit,0.3571428571428571,0.5714285714285714,0.5693338162342119
40.0,implicit,0.3571428571428571,0.6428571428571428,0.4933182260324464
40.0,implicit,0.3571428571428571,0.7142857142857142,0.39949948006477454
40.0,implicit,0.3571428571428571,0.7857142857142857,0.3000447912491041
40.0,implicit,0.3571428571428571,0.8571428571428571,0.19783779536735466
40.0,implicit,0.3571428571428571,0.9285714285714285,0.09579481952119809
40.0,implicit,0.3571428571428571,1.0,0.10035328978920242
40.0,implicit,0.42857142857142855,0.0,0.10035328978920242
40.0,implicit,0.42857142857142855,0.07142857142857142,0.11125727120977022
40.0,implicit,0.42857142857142855,0.14285714285714285,0.22875341747315722
40.0,implicit,0.42857142857142855,0.21428571428571427,0.3463777954433994
40.0,implicit,0.42857142857142855,0.2857142857142857,0.46106978411884647
40.0,implicit,0.42857142857142855,0.3571428571428571,0.569333816234213
40.0,implicit,0.42857142857142855,0.42857142857142855,0.6570724454782393
40.0,implicit,0.42857142857142855,0.5,0.6946758141594015
40.0,implicit,0.42857142857142855,0.5714285714285714,0.6570724454782352
40.0,implicit,0.42857142857142855,0.6428571428571428,0.56933381623421
40.0,implicit,0.42857142857142855,0.7142857142857142,0.46106978411884475
40.0,implicit,0.42857142857142855,0.7857142857142857,0.346377795443399
40.0,implicit,0.42857142857142855,0.8571428571428571,0.22875341747315708
40.0,implicit,0.42857142857142855,0.9285714285714285,0.11125727120977023
40.0,implicit,0.42857142857142855,1.0,0.10035328978920242
40.0,implicit,0.5,0.0,0.10035328978920242
40.0,implicit,0.5,0.07142857142857142,0.11788042028226216
40.0,implicit,0.5,0.14285714285714285,0.24199715517103354
40.0,implicit,0.5,0.21428571428571427,0.3662278315165751
40.0,implicit,0.5,0.2857142857142857,0.4874499758058972
40.0,implicit,0.5,0.3571428571428571,0.601907076785232
40.0,implicit,0.5,0.42857142857142855,0.6946758141594014
40.0,implicit,0.5,0.5,0.7344403628682761
40.0,implicit,0.5,0.5714285714285714,0.6946758141594019
40.0,implicit,0.5,0.6428571428571428,0.6019070767852285
40.0,implicit,0.5,0.7142857142857142,0.4874499758058942
40.0,implicit,0.5,0.7857142857142857,0.3662278315165746
40.0,implicit,0.5,0.8571428571428571,0.2419971551710336
40.0,implicit,0.5,0.9285714285714285,0.11788042028226221
40.0,implicit,0.5,1.0,0.10035328978920242
40.0,implicit,0.5714285714285714,0.0,0.10035328978920242
40.0,implicit,0.5714285714285714,0.07142857142857142,0.11125727120977018
40.0,implicit,0.5714285714285714,0.14285714285714285,0.22875341747315778
40.0,implicit,0.5714285714285714,0.21428571428571427,0.34637779544340136
40.0,implicit,0.5714285714285714,0.2857142857142857,0.46106978411884714
40.0,implicit,0.5714285714285714,0.3571428571428571,0.5693338162342138
40.0,implicit,0.5714285714285714,0.42857142857142855,0.6570724454782387
40.0,implicit,0.5714285714285714,0.5,0.6946758141594036
40.0,implicit,0.5714285714285714,0.5714285714285714,0.6570724454782391
40.0,implicit,0.5714285714285714,0.6428571428571428,0.5693338162342125
40.0,implicit,0.5714285714285714,0.7142857142857142,0.4610697841188489
40.0,implicit,0.5714285714285714,0.7857142857142857,0.34637779544340064
40.0,implicit,0.5714285714285714,0.8571428571428571,0.22875341747315817
40.0,implicit,0.5714285714285714,0.9285714285714285,0.11125727120977015
40.0,implicit,0.5714285714285714,1.0,0.10035328978920242
40.0,implicit,0.6428571428571428,0.0,0.10035328978920242
40.0,implicit,0.6428571428571428,0.07142857142857142,0.09579481952119843
40.0,implicit,0.6428571428571428,0.14285714285714285,0.1978377953673573
40.0,implicit,0.6428571428571428,0.21428571428571427,0.3000447912491056
40.0,implicit,0.6428571428571428,0.2857142857142857,0.39949948006477815
40.0,implicit,0.6428571428571428,0.3571428571428571,0.49331822603244746
40.0,implicit,0.6428571428571428,0.42857142857142855,0.5693338162342134
40.0,implicit,0.6428571428571428,0.5,0.6019070767852311
40.0,implicit,0.6428571428571428,0.5714285714285714,0.5693338162342132
40.0,implicit,0.6428571428571428,0.6428571428571428,0.49331822603244835
40.0,implicit,0.6428571428571428,0.7142857142857142,0.39949948006477914
40.0,implicit,0.6428571428571428,0.7857142857142857,0.3000447912491056
40.0,implicit,0.6428571428571428,0.8571428571428571,0.19783779536735613
40.0,implicit,0.6428571428571428,0.9285714285714285,0.09579481952119817
40.0,implicit,0.6428571428571428,1.0,0.10035328978920242
40.0,implicit,0.7142857142857142,0.0,0.10035328978920242
40.0,implicit,0.7142857142857142,0.07142857142857142,0.07667677977156956
40.0,implicit,0.7142857142857142,0.14285714285714285,0.15963845957258246
40.0,implicit,0.7142857142857142,0.21428571428571427,0.24282577218103657
40.0,implicit,0.7142857142857142,0.2857142857142857,0.32348968566354047
40.0,implicit,0.7142857142857142,0.3571428571428571,0.3994994800647768
40.0,implicit,0.7142857142857142,0.42857142857142855,0.4610697841188462
40.0,implicit,0.7142857142857142,0.5,0.48744997580589594
40.0,implicit,0.7142857142857142,0.5714285714285714,0.46106978411884547
40.0,implicit,0.7142857142857142,0.6428571428571428,0.3994994800647761
40.0,implicit,0.7142857142857142,0.7142857142857142,0.32348968566354047
40.0,implicit,0.7142857142857142,0.7857142857142857,0.24282577218103654
40.0,implicit,0.7142857142857142,0.8571428571428571,0.15963845957258213
40.0,implicit,0.7142857142857142,0.9285714285714285,0.07667677977156943
40.0,implicit,0.7142857142857142,1.0,0.10035328978920242
40.0,implicit,0.7857142857142857,0.0,0.10035328978920242
40.0,implicit,0.7857142857142857,0.07142857142857142,0.05623756602921834
40.0,implicit,0.7857142857142857,0.14285714285714285,0.11892345510819229
40.0,implicit,0.7857142857142857,0.21428571428571427,0.18199795585880488
40.0,implicit,0.7857142857142857,0.2857142857142857,0.24282577218103615
40.0,implicit,0.7857142857142857,0.3571428571428571,0.3000447912491049
40.0,implicit,0.7857142857142857,0.42857142857142855,0.3463777954433991
40.0,implicit,0.7857142857142857,0.5,0.3662278315165735
40.0,implicit,0.7857142857142857,0.5714285714285714,0.34637779544339836
40.0,implicit,0.7857142857142857,0.6428571428571428,0.3000447912491047
40.0,implicit,0.7857142857142857,0.7142857142857142,0.24282577218103615
40.0,implicit,0.7857142857142857,0.7857142857142857,0.1819979558588049
40.0,implicit,0.7857142857142857,0.8571428571428571,0.11892345510819227
40.0,implicit,0.7857142857142857,0.9285714285714285,0.05623756602921832
40.0,implicit,0.7857142857142857,1.0,0.10035328978920242
40.0,implicit,0.8571428571428571,0.0,0.10035328978920242
40.0,implicit,0.8571428571428571,0.07142857142857142,0.03475878440169269
40.0,implicit,0.8571428571428571,0.14285714285714285,0.0763876872249785
40.0,implicit,0.8571428571428571,0.21428571428571427,0.11892345510819208
40.0,implicit,0.8571428571428571,0.2857142857142857,0.15963845957258185
40.0,implicit,0.8571428571428571,0.3571428571428571,0.19783779536735474
40.0,implicit,0.8571428571428571,0.42857142857142855,0.2287534174731571
40.0,implicit,0.8571428571428571,0.5,0.24199715517103298
40.0,implicit,0.8571428571428571,0.5714285714285714,0.22875341747315653
40.0,implicit,0.8571428571428571,0.6428571428571428,0.1978377953673556
40.0,implicit,0.8571428571428571,0.7142857142857142,0.15963845957258202
40.0,implicit,0.8571428571428571,0.7857142857142857,0.11892345510819219
40.0,implicit,0.8571428571428571,0.8571428571428571,0.07638768722497855
40.0,implicit,0.8571428571428571,0.9285714285714285,0.034758784401692694
40.0,implicit,0.8571428571428571,1.0,0.10035328978920242
40.0,implicit,0.9285714285714285,0.0,0.10035328978920242
40.0,implicit,0.9285714285714285,0.07142857142857142,0.015173801781807267
40.0,implicit,0.9285714285714285,0.14285714285714285,0.0347587844016927
40.0,implicit,0.9285714285714285,0.21428571428571427,0.0562375660292181
40.0,implicit,0.9285714285714285,0.2857142857142857,0.07667677977156911
40.0,implicit,0.9285714285714285,0.3571428571428571,0.09579481952119827
40.0,implicit,0.9285714285714285,0.42857142857142855,0.1112572712097702
40.0,implicit,0.9285714285714285,0.5,0.11788042028226209
40.0,implicit,0.9285714285714285,0.5714285714285714,0.11125727120977014
40.0,implicit,0.9285714285714285,0.6428571428571428,0.0957948195211981
40.0,implicit,0.9285714285714285,0.7142857142857142,0.07667677977156906
40.0,implicit,0.9285714285714285,0.7857142857142857,0.05623756602921814
40.0,implicit,0.9285714285714285,0.8571428571428571,0.03475878440169272
40.0,implicit,0.9285714285714285,0.9285714285714285,0.015173801781807276
40.0,implicit,0.9285714285714285,1.0,0.10035328978920242
40.0,implicit,1.0,0.0,0.10035328978920242
40.0,implicit,1.0,0.07142857142857142,0.10035328978920242
40.0,implicit,1.0,0.14285714285714285,0.10035328978920242
40.0,implicit,1.0,0.21428571428571427,0.10035328978920242
40.0,implicit,1.0,0.2857142857142857,0.10035328978920242
40.0,implicit,1.0,0.3571428571428571,0.10035328978920242
40.0,implicit,1.0,0.42857142857142855,0.10035328978920242
40.0,implicit,1.0,0.5,0.10035328978920242
40.0,implicit,1.0,0.5714285714285714,0.10035328978920242
40.0,implicit,1.0,0.6428571428571428,0.10035328978920242
40.0,implicit,1.0,0.7142857142857142,0.10035328978920242
40.0,implicit,1.0,0.7857142857142857,0.10035328978920242
40.0,implicit,1.0,0.8571428571428571,0.10035328978920242
40.0,implicit,1.0,0.9285714285714285,0.10035328978920242
40.0,implicit,1.0,1.0,0.10035328978920242
41.0,implicit,0.0,0.0,0.036163602504763415
41.0,implicit,0.0,0.07142857142857142,0.036163602504763415
41.0,implicit,0.0,0.14285714285714285,0.036163602504763415
41.0,implicit,0.0,0.21428571428571427,0.036163602504763415
41.0,implicit,0.0,0.2857142857142857,0.036163602504763415
41.0,implicit,0.0,0.3571428571428571,0.036163602504763415
41.0,implicit,0.0,0.42857142857142855,0.036163602504763415
41.0,implicit,0.0,0.5,0.036163602504763415
41.0,implicit,0.0,0.5714285714285714,0.036163602504763415
41.0,implicit,0.0,0.6428571428571428,0.036163602504763415
41.0,implicit,0.0,0.7142857142857142,0.036163602504763415
41.0,implicit,0.0,0.7857142857142857,0.036163602504763415
41.0,implicit,0.0,0.8571428571428571,0.036163602504763415
41.0,implicit,0.0,0.9285714285714285,0.036163602504763415
41.0,implicit,0.0,1.0,0.036163602504763415
41.0,implicit,0.07142857142857142,0.0,0.036163602504763415
41.0,implicit,0.07142857142857142,0.07142857142857142,0.016243011227597335
41.0,implicit,0.07142857142857142,0.14285714285714285,0.03536363025633146
41.0,implicit,0.07142857142857142,0.21428571428571427,0.05679207325209072
41.0,implicit,0.07142857142857142,0.2857142857142857,0.07722426250231525
41.0,implicit,0.07142857142857142,0.3571428571428571,0.09630965063606117
41.0,implicit,0.07142857142857142,0.42857142857142855,0.11170166069630343
41.0,implicit,0.07142857142857142,0.5,0.11826588227482092
41.0,implicit,0.07142857142857142,0.5714285714285714,0.1117016606963031
41.0,implicit,0.07142857142857142,0.6428571428571428,0.09630965063606098
41.0,implicit,0.07142857142857142,0.7142857142857142,0.07722426250231522
41.0,implicit,0.07142857142857142,0.7857142857142857,0.056792073252090715
41.0,implicit,0.07142857142857142,0.8571428571428571,0.03536363025633147
41.0,implicit,0.07142857142857142,0.9285714285714285,0.01624301122759734
41.0,implicit,0.07142857142857142,1.0,0.036163602504763415
41.0,implicit,0.14285714285714285,0.0,0.036163602504763415
41.0,implicit,0.14285714285714285,0.07142857142857142,0.035363630256331456
41.0,implicit,0.14285714285714285,0.14285714285714285,0.07642662640823135
41.0,implicit,0.14285714285714285,0.21428571428571427,0.11891145141555551
41.0,implicit,0.14285714285714285,0.2857142857142857,0.15961339140660472
41.0,implicit,0.14285714285714285,0.3571428571428571,0.19774625652631553
41.0,implicit,0.14285714285714285,0.42857142857142855,0.22852046309267424
41.0,implicit,0.14285714285714285,0.5,0.2416461932469471
41.0,implicit,0.14285714285714285,0.5714285714285714,0.22852046309267368
41.0,implicit,0.14285714285714285,0.6428571428571428,0.1977462565263151
41.0,implicit,0.14285714285714285,0.7142857142857142,0.1596133914066045
41.0,implicit,0.14285714285714285,0.7857142857142857,0.11891145141555548
41.0,implicit,0.14285714285714285,0.8571428571428571,0.07642662640823136
41.0,implicit,0.14285714285714285,0.9285714285714285,0.03536363025633148
41.0,implicit,0.14285714285714285,1.0,0.036163602504763415
41.0,implicit,0.21428571428571427,0.0,0.036163602504763415
41.0,implicit,0.21428571428571427,0.07142857142857142,0.056792073252090465
41.0,implicit,0.21428571428571427,0.14285714285714285,0.1189114514155553
41.0,implicit,0.21428571428571427,0.21428571428571427,0.18193710676037456
41.0,implicit,0.21428571428571427,0.2857142857142857,0.2427409126274448
41.0,implicit,0.21428571428571427,0.3571428571428571,0.29985660594546343
41.0,implicit,0.21428571428571427,0.42857142857142855,0.3459755073086625
41.0,implicit,0.21428571428571427,0.5,0.3656478537171592
41.0,implicit,0.21428571428571427,0.5714285714285714,0.3459755073086612
41.0,implicit,0.21428571428571427,0.6428571428571428,0.29985660594546326
41.0,implicit,0.21428571428571427,0.7142857142857142,0.2427409126274447
41.0,implicit,0.21428571428571427,0.7857142857142857,0.1819371067603746
41.0,implicit,0.21428571428571427,0.8571428571428571,0.11891145141555536
41.0,implicit,0.21428571428571427,0.9285714285714285,0.056792073252090514
41.0,implicit,0.21428571428571427,1.0,0.036163602504763415
41.0,implicit,0.2857142857142857,0.0,0.036163602504763415
41.0,implicit,0.2857142857142857,0.07142857142857142,0.07722426250231477
41.0,implicit,0.2857142857142857,0.14285714285714285,0.15961339140660435
41.0,implicit,0.2857142857142857,0.21428571428571427,0.24274091262744432
41.0,implicit,0.2857142857142857,0.2857142857142857,0.32335940758365134
41.0,implicit,0.2857142857142857,0.3571428571428571,0.3992209169602709
41.0,implicit,0.2857142857142857,0.42857142857142855,0.4604987358828032
41.0,implicit,0.2857142857142857,0.5,0.4866394834676506
41.0,implicit,0.2857142857142857,0.5714285714285714,0.46049873588280454
41.0,implicit,0.2857142857142857,0.6428571428571428,0.399220916960271
41.0,implicit,0.2857142857142857,0.7142857142857142,0.3233594075836513
41.0,implicit,0.2857142857142857,0.7857142857142857,0.24274091262744432
41.0,implicit,0.2857142857142857,0.8571428571428571,0.15961339140660427
41.0,implicit,0.2857142857142857,0.9285714285714285,0.07722426250231476
41.0,implicit,0.2857142857142857,1.0,0.036163602504763415
41.0,implicit,0.3571428571428571,0.0,0.036163602504763415
41.0,implicit,0.3571428571428571,0.07142857142857142,0.09630965063606087
41.0,implicit,0.3571428571428571,0.14285714285714285,0.1977462565263143
41.0,implicit,0.3571428571428571,0.21428571428571427,0.2998566059454625
41.0,implicit,0.3571428571428571,0.2857142857142857,0.3992209169602681
41.0,implicit,0.3571428571428571,0.3571428571428571,0.4928259616973073
41.0,implicit,0.3571428571428571,0.42857142857142855,0.5684564220253701
41.0,implicit,0.3571428571428571,0.5,0.6007238274556785
41.0,implicit,0.3571428571428571,0.5714285714285714,0.568456422025372
41.0,implicit,0.3571428571428571,0.6428571428571428,0.49282596169730813
41.0,implicit,0.3571428571428571,0.7142857142857142,0.3992209169602681
41.0,implicit,0.3571428571428571,0.7857142857142857,0.2998566059454624
41.0,implicit,0.3571428571428571,0.8571428571428571,0.19774625652631397
41.0,implicit,0.3571428571428571,0.9285714285714285,0.09630965063606083
41.0,implicit,0.3571428571428571,1.0,0.036163602504763415
41.0,implicit,0.42857142857142855,0.0,0.036163602504763415
41.0,implicit,0.42857142857142855,0.07142857142857142,0.11170166069630347
41.0,implicit,0.42857142857142855,0.14285714285714285,0.2285204630926738
41.0,implicit,0.42857142857142855,0.21428571428571427,0.34597550730866133
41.0,implicit,0.42857142857142855,0.2857142857142857,0.46049873588280493
41.0,implicit,0.42857142857142855,0.3571428571428571,0.5684564220253732
41.0,implicit,0.42857142857142855,0.42857142857142855,0.6557026602386484
41.0,implicit,0.42857142857142855,0.5,0.692932436454365
41.0,implicit,0.42857142857142855,0.5714285714285714,0.6557026602386441
41.0,implicit,0.42857142857142855,0.6428571428571428,0.5684564220253702
41.0,implicit,0.42857142857142855,0.7142857142857142,0.46049873588280305
41.0,implicit,0.42857142857142855,0.7857142857142857,0.34597550730866095
41.0,implicit,0.42857142857142855,0.8571428571428571,0.22852046309267365
41.0,implicit,0.42857142857142855,0.9285714285714285,0.11170166069630348
41.0,implicit,0.42857142857142855,1.0,0.036163602504763415
41.0,implicit,0.5,0.0,0.036163602504763415
41.0,implicit,0.5,0.07142857142857142,0.1182658822748211
41.0,implicit,0.5,0.14285714285714285,0.24164619324694778
41.0,implicit,0.5,0.21428571428571427,0.36564785371716196
41.0,implicit,0.5,0.2857142857142857,0.4866394834676525
41.0,implicit,0.5,0.3571428571428571,0.6007238274556808
41.0,implicit,0.5,0.42857142857142855,0.6929324364543651
41.0,implicit,0.5,0.5,0.7322848958151814
41.0,implicit,0.5,0.5714285714285714,0.6929324364543654
41.0,implicit,0.5,0.6428571428571428,0.6007238274556772
41.0,implicit,0.5,0.7142857142857142,0.48663948346764935
41.0,implicit,0.5,0.7857142857142857,0.3656478537171614
41.0,implicit,0.5,0.8571428571428571,0.24164619324694783
41.0,implicit,0.5,0.9285714285714285,0.11826588227482114
41.0,implicit,0.5,1.0,0.036163602504763415
41.0,implicit,0.5714285714285714,0.0,0.036163602504763415
41.0,implicit,0.5714285714285714,0.07142857142857142,0.11170166069630343
41.0,implicit,0.5714285714285714,0.14285714285714285,0.2285204630926744
41.0,implicit,0.5714285714285714,0.21428571428571427,0.3459755073086635
41.0,implicit,0.5714285714285714,0.2857142857142857,0.4604987358828056
41.0,implicit,0.5714285714285714,0.3571428571428571,0.568456422025374
41.0,implicit,0.5714285714285714,0.42857142857142855,0.6557026602386478
41.0,implicit,0.5714285714285714,0.5,0.6929324364543673
41.0,implicit,0.5714285714285714,0.5714285714285714,0.6557026602386481
41.0,implicit,0.5714285714285714,0.6428571428571428,0.5684564220253728
41.0,implicit,0.5714285714285714,0.7142857142857142,0.4604987358828072
41.0,implicit,0.5714285714285714,0.7857142857142857,0.3459755073086627
41.0,implicit,0.5714285714285714,0.8571428571428571,0.22852046309267474
41.0,implicit,0.5714285714285714,0.9285714285714285,0.11170166069630338
41.0,implicit,0.5714285714285714,1.0,0.036163602504763415
41.0,implicit,0.6428571428571428,0.0,0.036163602504763415
41.0,implicit,0.6428571428571428,0.07142857142857142,0.09630965063606119
41.0,implicit,0.6428571428571428,0.14285714285714285,0.19774625652631664
41.0,implicit,0.6428571428571428,0.21428571428571427,0.299856605945464
41.0,implicit,0.6428571428571428,0.2857142857142857,0.39922091696027184
41.0,implicit,0.6428571428571428,0.3571428571428571,0.4928259616973093
41.0,implicit,0.6428571428571428,0.42857142857142855,0.5684564220253735
41.0,implicit,0.6428571428571428,0.5,0.60072382745568
41.0,implicit,0.6428571428571428,0.5714285714285714,0.5684564220253733
41.0,implicit,0.6428571428571428,0.6428571428571428,0.49282596169731
41.0,implicit,0.6428571428571428,0.7142857142857142,0.39922091696027284
41.0,implicit,0.6428571428571428,0.7857142857142857,0.299856605945464
41.0,implicit,0.6428571428571428,0.8571428571428571,0.19774625652631544
41.0,implicit,0.6428571428571428,0.9285714285714285,0.0963096506360609
41.0,implicit,0.6428571428571428,1.0,0.036163602504763415
41.0,implicit,0.7142857142857142,0.0,0.036163602504763415
41.0,implicit,0.7142857142857142,0.07142857142857142,0.07722426250231532
41.0,implicit,0.7142857142857142,0.14285714285714285,0.15961339140660497
41.0,implicit,0.7142857142857142,0.21428571428571427,0.24274091262744507
41.0,implicit,0.7142857142857142,0.2857142857142857,0.32335940758365184
41.0,implicit,0.7142857142857142,0.3571428571428571,0.3992209169602705
41.0,implicit,0.7142857142857142,0.42857142857142855,0.46049873588280454
41.0,implicit,0.7142857142857142,0.5,0.48663948346765123
41.0,implicit,0.7142857142857142,0.5714285714285714,0.4604987358828037
41.0,implicit,0.7142857142857142,0.6428571428571428,0.3992209169602697
41.0,implicit,0.7142857142857142,0.7142857142857142,0.32335940758365184
41.0,implicit,0.7142857142857142,0.7857142857142857,0.24274091262744507
41.0,implicit,0.7142857142857142,0.8571428571428571,0.15961339140660463
41.0,implicit,0.7142857142857142,0.9285714285714285,0.07722426250231516
41.0,implicit,0.7142857142857142,1.0,0.036163602504763415
41.0,implicit,0.7857142857142857,0.0,0.036163602504763415
41.0,implicit,0.7857142857142857,0.07142857142857142,0.05679207325209076
41.0,implicit,0.7857142857142857,0.14285714285714285,0.1189114514155556
41.0,implicit,0.7857142857142857,0.21428571428571427,0.18193710676037475
41.0,implicit,0.7857142857142857,0.2857142857142857,0.2427409126274446
41.0,implicit,0.7857142857142857,0.3571428571428571,0.29985660594546315
41.0,implicit,0.7857142857142857,0.42857142857142855,0.34597550730866106
41.0,implicit,0.7857142857142857,0.5,0.3656478537171602
41.0,implicit,0.7857142857142857,0.5714285714285714,0.3459755073086604
41.0,implicit,0.7857142857142857,0.6428571428571428,0.299856605945463
41.0,implicit,0.7857142857142857,0.7142857142857142,0.2427409126274446
41.0,implicit,0.7857142857142857,0.7857142857142857,0.18193710676037478
41.0,implicit,0.7857142857142857,0.8571428571428571,0.11891145141555559
41.0,implicit,0.7857142857142857,0.9285714285714285,0.056792073252090736
41.0,implicit,0.7857142857142857,1.0,0.036163602504763415
41.0,implicit,0.8571428571428571,0.0,0.036163602504763415
41.0,implicit,0.8571428571428571,0.07142857142857142,0.03536363025633148
41.0,implicit,0.8571428571428571,0.14285714285714285,0.07642662640823139
41.0,implicit,0.8571428571428571,0.21428571428571427,0.1189114514155554
41.0,implicit,0.8571428571428571,0.2857142857142857,0.15961339140660435
41.0,implicit,0.8571428571428571,0.3571428571428571,0.19774625652631408
41.0,implicit,0.8571428571428571,0.42857142857142855,0.22852046309267368
41.0,implicit,0.8571428571428571,0.5,0.2416461932469472
41.0,implicit,0.8571428571428571,0.5714285714285714,0.22852046309267315
41.0,implicit,0.8571428571428571,0.6428571428571428,0.19774625652631492
41.0,implicit,0.8571428571428571,0.7142857142857142,0.1596133914066045
41.0,implicit,0.8571428571428571,0.7857142857142857,0.11891145141555552
41.0,implicit,0.8571428571428571,0.8571428571428571,0.07642662640823143
41.0,implicit,0.8571428571428571,0.9285714285714285,0.035363630256331484
41.0,implicit,0.8571428571428571,1.0,0.036163602504763415
41.0,implicit,0.9285714285714285,0.0,0.036163602504763415
41.0,implicit,0.9285714285714285,0.07142857142857142,0.01624301122759734
41.0,implicit,0.9285714285714285,0.14285714285714285,0.035363630256331484
41.0,implicit,0.9285714285714285,0.21428571428571427,0.05679207325209053
41.0,implicit,0.9285714285714285,0.2857142857142857,0.07722426250231486
41.0,implicit,0.9285714285714285,0.3571428571428571,0.096309650636061
41.0,implicit,0.9285714285714285,0.42857142857142855,0.11170166069630344
41.0,implicit,0.9285714285714285,0.5,0.11826588227482102
41.0,implicit,0.9285714285714285,0.5714285714285714,0.11170166069630337
41.0,implicit,0.9285714285714285,0.6428571428571428,0.09630965063606084
41.0,implicit,0.9285714285714285,0.7142857142857142,0.07722426250231479
41.0,implicit,0.9285714285714285,0.7857142857142857,0.056792073252090555
41.0,implicit,0.9285714285714285,0.8571428571428571,0.035363630256331505
41.0,implicit,0.9285714285714285,0.9285714285714285,0.01624301122759735
41.0,implicit,0.9285714285714285,1.0,0.036163602504763415
41.0,implicit,1.0,0.0,0.036163602504763415
41.0,implicit,1.0,0.07142857142857142,0.036163602504763415
41.0,implicit,1.0,0.14285714285714285,0.036163602504763415
41.0,implicit,1.0,0.21428571428571427,0.036163602504763415
41.0,implicit,1.0,0.2857142857142857,0.036163602504763415
41.0,implicit,1.0,0.3571428571428571,0.036163602504763415
41.0,implicit,1.0,0.42857142857142855,0.036163602504763415
41.0,implicit,1.0,0.5,0.036163602504763415
41.0,implicit,1.0,0.5714285714285714,0.036163602504763415
41.0,implicit,1.0,0.6428571428571428,0.036163602504763415
41.0,implicit,1.0,0.7142857142857142,0.036163602504763415
41.0,implicit,1.0,0.7857142857142857,0.036163602504763415
41.0,implicit,1.0,0.8571428571428571,0.036163602504763415
41.0,implicit,1.0,0.9285714285714285,0.036163602504763415
41.0,implicit,1.0,1.0,0.036163602504763415
42.0,implicit,0.0,0.0,0.036139560550841394
42.0,implicit,0.0,0.07142857142857142,0.036139560550841394
42.0,implicit,0.0,0.14285714285714285,0.036139560550841394
42.0,implicit,0.0,0.21428571428571427,0.036139560550841394
42.0,implicit,0.0,0.2857142857142857,0.036139560550841394
42.0,implicit,0.0,0.3571428571428571,0.036139560550841394
42.0,implicit,0.0,0.42857142857142855,0.036139560550841394
42.0,implicit,0.0,0.5,0.036139560550841394
42.0,implicit,0.0,0.5714285714285714,0.036139560550841394
42.0,implicit,0.0,0.6428571428571428,0.036139560550841394
42.0,implicit,0.0,0.7142857142857142,0.036139560550841394
42.0,implicit,0.0,0.7857142857142857,0.036139560550841394
42.0,implicit,0.0,0.8571428571428571,0.036139560550841394
42.0,implicit,0.0,0.9285714285714285,0.036139560550841394
42.0,implicit,0.0,1.0,0.036139560550841394
42.0,implicit,0.07142857142857142,0.0,0.036139560550841394
42.0,implicit,0.07142857142857142,0.07142857142857142,0.01571585427615281
42.0,implicit,0.07142857142857142,0.14285714285714285,0.03520232185267716
42.0,implicit,0.07142857142857142,0.21428571428571427,0.056551172840797484
42.0,implicit,0.07142857142857142,0.2857142857142857,0.07696707951642202
42.0,implicit,0.07142857142857142,0.3571428571428571,0.0959866338184302
42.0,implicit,0.07142857142857142,0.42857142857142855,0.11123975723054799
42.0,implicit,0.07142857142857142,0.5,0.11769029321305809
42.0,implicit,0.07142857142857142,0.5714285714285714,0.11123975723054766
42.0,implicit,0.07142857142857142,0.6428571428571428,0.09598663381843
42.0,implicit,0.07142857142857142,0.7142857142857142,0.07696707951642198
42.0,implicit,0.07142857142857142,0.7857142857142857,0.05655117284079747
42.0,implicit,0.07142857142857142,0.8571428571428571,0.035202321852677174
42.0,implicit,0.07142857142857142,0.9285714285714285,0.015715854276152814
42.0,implicit,0.07142857142857142,1.0,0.036139560550841394
42.0,implicit,0.14285714285714285,0.0,0.036139560550841394
42.0,implicit,0.14285714285714285,0.07142857142857142,0.03520232185267715
42.0,implicit,0.14285714285714285,0.14285714285714285,0.0764739801368903
42.0,implicit,0.14285714285714285,0.21428571428571427,0.11887345758612064
42.0,implicit,0.14285714285714285,0.2857142857142857,0.1595458185403418
42.0,implicit,0.14285714285714285,0.3571428571428571,0.19754477516321053
42.0,implicit,0.14285714285714285,0.42857142857142855,0.2280401085245854
42.0,implicit,0.14285714285714285,0.5,0.24093814716609216
42.0,implicit,0.14285714285714285,0.5714285714285714,0.22804010852458487
42.0,implicit,0.14285714285714285,0.6428571428571428,0.19754477516321023
42.0,implicit,0.14285714285714285,0.7142857142857142,0.15954581854034156
42.0,implicit,0.14285714285714285,0.7857142857142857,0.11887345758612061
42.0,implicit,0.14285714285714285,0.8571428571428571,0.07647398013689032
42.0,implicit,0.14285714285714285,0.9285714285714285,0.035202321852677174
42.0,implicit,0.14285714285714285,1.0,0.036139560550841394
42.0,implicit,0.21428571428571427,0.0,0.036139560550841394
42.0,implicit,0.21428571428571427,0.07142857142857142,0.05655117284079721
42.0,implicit,0.21428571428571427,0.14285714285714285,0.1188734575861204
42.0,implicit,0.21428571428571427,0.21428571428571427,0.18181657416989708
42.0,implicit,0.21428571428571427,0.2857142857142857,0.2425681316856319
42.0,implicit,0.21428571428571427,0.3571428571428571,0.2994756285931428
42.0,implicit,0.21428571428571427,0.42857142857142855,0.3451721222911288
42.0,implicit,0.21428571428571427,0.5,0.36450152955887766
42.0,implicit,0.21428571428571427,0.5714285714285714,0.3451721222911276
42.0,implicit,0.21428571428571427,0.6428571428571428,0.29947562859314264
42.0,implicit,0.21428571428571427,0.7142857142857142,0.24256813168563185
42.0,implicit,0.21428571428571427,0.7857142857142857,0.18181657416989713
42.0,implicit,0.21428571428571427,0.8571428571428571,0.11887345758612043
42.0,implicit,0.21428571428571427,0.9285714285714285,0.05655117284079726
42.0,implicit,0.21428571428571427,1.0,0.036139560550841394
42.0,implicit,0.2857142857142857,0.0,0.036139560550841394
42.0,implicit,0.2857142857142857,0.07142857142857142,0.07696707951642154
42.0,implicit,0.2857142857142857,0.14285714285714285,0.15954581854034147
42.0,implicit,0.2857142857142857,0.21428571428571427,0.24256813168563146
42.0,implicit,0.2857142857142857,0.2857142857142857,0.3230905043062333
42.0,implicit,0.2857142857142857,0.3571428571428571,0.3986530412197366
42.0,implicit,0.2857142857142857,0.42857142857142855,0.4593534000672623
42.0,implicit,0.2857142857142857,0.5,0.48503179505145927
42.0,implicit,0.2857142857142857,0.5714285714285714,0.4593534000672635
42.0,implicit,0.2857142857142857,0.6428571428571428,0.3986530412197368
42.0,implicit,0.2857142857142857,0.7142857142857142,0.32309050430623326
42.0,implicit,0.2857142857142857,0.7857142857142857,0.24256813168563146
42.0,implicit,0.2857142857142857,0.8571428571428571,0.15954581854034136
42.0,implicit,0.2857142857142857,0.9285714285714285,0.07696707951642152
42.0,implicit,0.2857142857142857,1.0,0.036139560550841394
42.0,implicit,0.3571428571428571,0.0,0.036139560550841394
42.0,implicit,0.3571428571428571,0.07142857142857142,0.09598663381842987
42.0,implicit,0.3571428571428571,0.14285714285714285,0.19754477516320937
42.0,implicit,0.3571428571428571,0.21428571428571427,0.2994756285931418
42.0,implicit,0.3571428571428571,0.2857142857142857,0.3986530412197339
42.0,implicit,0.3571428571428571,0.3571428571428571,0.49182780856655395
42.0,implicit,0.3571428571428571,0.42857142857142855,0.5666977221702939
42.0,implicit,0.3571428571428571,0.5,0.5983742786487318
42.0,implicit,0.3571428571428571,0.5714285714285714,0.5666977221702958
42.0,implicit,0.3571428571428571,0.6428571428571428,0.4918278085665548
42.0,implicit,0.3571428571428571,0.7142857142857142,0.39865304121973383
42.0,implicit,0.3571428571428571,0.7857142857142857,0.29947562859314164
42.0,implicit,0.3571428571428571,0.8571428571428571,0.19754477516320898
42.0,implicit,0.3571428571428571,0.9285714285714285,0.09598663381842983
42.0,implicit,0.3571428571428571,1.0,0.036139560550841394
42.0,implicit,0.42857142857142855,0.0,0.036139560550841394
42.0,implicit,0.42857142857142855,0.07142857142857142,0.11123975723054802
42.0,implicit,0.42857142857142855,0.14285714285714285,0.22804010852458495
42.0,implicit,0.42857142857142855,0.21428571428571427,0.3451721222911276
42.0,implicit,0.42857142857142855,0.2857142857142857,0.4593534000672641
42.0,implicit,0.42857142857142855,0.3571428571428571,0.5666977221702966
42.0,implicit,0.42857142857142855,0.42857142857142855,0.6529732810193688
42.0,implicit,0.42857142857142855,0.5,0.6894817031915567
42.0,implicit,0.42857142857142855,0.5714285714285714,0.6529732810193644
42.0,implicit,0.42857142857142855,0.6428571428571428,0.5666977221702941
42.0,implicit,0.42857142857142855,0.7142857142857142,0.4593534000672621
42.0,implicit,0.42857142857142855,0.7857142857142857,0.34517212229112715
42.0,implicit,0.42857142857142855,0.8571428571428571,0.2280401085245848
42.0,implicit,0.42857142857142855,0.9285714285714285,0.11123975723054803
42.0,implicit,0.42857142857142855,1.0,0.036139560550841394
42.0,implicit,0.5,0.0,0.036139560550841394
42.0,implicit,0.5,0.07142857142857142,0.11769029321305828
42.0,implicit,0.5,0.14285714285714285,0.24093814716609285
42.0,implicit,0.5,0.21428571428571427,0.3645015295588804
42.0,implicit,0.5,0.2857142857142857,0.4850317950514613
42.0,implicit,0.5,0.3571428571428571,0.5983742786487342
42.0,implicit,0.5,0.42857142857142855,0.6894817031915567
42.0,implicit,0.5,0.5,0.728039513468781
42.0,implicit,0.5,0.5714285714285714,0.6894817031915572
42.0,implicit,0.5,0.6428571428571428,0.5983742786487304
42.0,implicit,0.5,0.7142857142857142,0.4850317950514584
42.0,implicit,0.5,0.7857142857142857,0.36450152955887993
42.0,implicit,0.5,0.8571428571428571,0.24093814716609288
42.0,implicit,0.5,0.9285714285714285,0.11769029321305831
42.0,implicit,0.5,1.0,0.036139560550841394
42.0,implicit,0.5714285714285714,0.0,0.036139560550841394
42.0,implicit,0.5714285714285714,0.07142857142857142,0.11123975723054798
42.0,implicit,0.5714285714285714,0.14285714285714285,0.22804010852458562
42.0,implicit,0.5714285714285714,0.21428571428571427,0.34517212229112965
42.0,implicit,0.5714285714285714,0.2857142857142857,0.45935340006726477
42.0,implicit,0.5714285714285714,0.3571428571428571,0.5666977221702978
42.0,implicit,0.5714285714285714,0.42857142857142855,0.6529732810193681
42.0,implicit,0.5714285714285714,0.5,0.6894817031915589
42.0,implicit,0.5714285714285714,0.5714285714285714,0.6529732810193684
42.0,implicit,0.5714285714285714,0.6428571428571428,0.5666977221702966
42.0,implicit,0.5714285714285714,0.7142857142857142,0.4593534000672663
42.0,implicit,0.5714285714285714,0.7857142857142857,0.3451721222911289
42.0,implicit,0.5714285714285714,0.8571428571428571,0.22804010852458592
42.0,implicit,0.5714285714285714,0.9285714285714285,0.11123975723054792
42.0,implicit,0.5714285714285714,1.0,0.036139560550841394
42.0,implicit,0.6428571428571428,0.0,0.036139560550841394
42.0,implicit,0.6428571428571428,0.07142857142857142,0.09598663381843024
42.0,implicit,0.6428571428571428,0.14285714285714285,0.19754477516321173
42.0,implicit,0.6428571428571428,0.21428571428571427,0.29947562859314336
42.0,implicit,0.6428571428571428,0.2857142857142857,0.3986530412197376
42.0,implicit,0.6428571428571428,0.3571428571428571,0.4918278085665561
42.0,implicit,0.6428571428571428,0.42857142857142855,0.5666977221702976
42.0,implicit,0.6428571428571428,0.5,0.5983742786487329
42.0,implicit,0.6428571428571428,0.5714285714285714,0.566697722170297
42.0,implicit,0.6428571428571428,0.6428571428571428,0.49182780856655683
42.0,implicit,0.6428571428571428,0.7142857142857142,0.3986530412197386
42.0,implicit,0.6428571428571428,0.7857142857142857,0.2994756285931434
42.0,implicit,0.6428571428571428,0.8571428571428571,0.1975447751632106
42.0,implicit,0.6428571428571428,0.9285714285714285,0.09598663381842994
42.0,implicit,0.6428571428571428,1.0,0.036139560550841394
42.0,implicit,0.7142857142857142,0.0,0.036139560550841394
42.0,implicit,0.7142857142857142,0.07142857142857142,0.07696707951642211
42.0,implicit,0.7142857142857142,0.14285714285714285,0.15954581854034208
42.0,implicit,0.7142857142857142,0.21428571428571427,0.24256813168563224
42.0,implicit,0.7142857142857142,0.2857142857142857,0.32309050430623387
42.0,implicit,0.7142857142857142,0.3571428571428571,0.3986530412197363
42.0,implicit,0.7142857142857142,0.42857142857142855,0.45935340006726366
42.0,implicit,0.7142857142857142,0.5,0.4850317950514601
42.0,implicit,0.7142857142857142,0.5714285714285714,0.45935340006726283
42.0,implicit,0.7142857142857142,0.6428571428571428,0.3986530412197355
42.0,implicit,0.7142857142857142,0.7142857142857142,0.3230905043062339
42.0,implicit,0.7142857142857142,0.7857142857142857,0.2425681316856322
42.0,implicit,0.7142857142857142,0.8571428571428571,0.15954581854034175
42.0,implicit,0.7142857142857142,0.9285714285714285,0.07696707951642194
42.0,implicit,0.7142857142857142,1.0,0.036139560550841394
42.0,implicit,0.7857142857142857,0.0,0.036139560550841394
42.0,implicit,0.7857142857142857,0.07142857142857142,0.05655117284079752
42.0,implicit,0.7857142857142857,0.14285714285714285,0.11887345758612071
42.0,implicit,0.7857142857142857,0.21428571428571427,0.18181657416989724
42.0,implicit,0.7857142857142857,0.2857142857142857,0.24256813168563174
42.0,implicit,0.7857142857142857,0.3571428571428571,0.2994756285931424
42.0,implicit,0.7857142857142857,0.42857142857142855,0.34517212229112737
42.0,implicit,0.7857142857142857,0.5,0.3645015295588785
42.0,implicit,0.7857142857142857,0.5714285714285714,0.3451721222911266
42.0,implicit,0.7857142857142857,0.6428571428571428,0.2994756285931423
42.0,implicit,0.7857142857142857,0.7142857142857142,0.2425681316856317
42.0,implicit,0.7857142857142857,0.7857142857142857,0.18181657416989727
42.0,implicit,0.7857142857142857,0.8571428571428571,0.11887345758612071
42.0,implicit,0.7857142857142857,0.9285714285714285,0.0565511728407975
42.0,implicit,0.7857142857142857,1.0,0.036139560550841394
42.0,implicit,0.8571428571428571,0.0,0.036139560550841394
42.0,implicit,0.8571428571428571,0.07142857142857142,0.03520232185267718
42.0,implicit,0.8571428571428571,0.14285714285714285,0.07647398013689034
42.0,implicit,0.8571428571428571,0.21428571428571427,0.11887345758612049
42.0,implicit,0.8571428571428571,0.2857142857142857,0.15954581854034144
42.0,implicit,0.8571428571428571,0.3571428571428571,0.1975447751632091
42.0,implicit,0.8571428571428571,0.42857142857142855,0.22804010852458487
42.0,implicit,0.8571428571428571,0.5,0.2409381471660923
42.0,implicit,0.8571428571428571,0.5714285714285714,0.22804010852458437
42.0,implicit,0.8571428571428571,0.6428571428571428,0.19754477516320998
42.0,implicit,0.8571428571428571,0.7142857142857142,0.1595458185403416
42.0,implicit,0.8571428571428571,0.7857142857142857,0.11887345758612063
42.0,implicit,0.8571428571428571,0.8571428571428571,0.07647398013689037
42.0,implicit,0.8571428571428571,0.9285714285714285,0.035202321852677194
42.0,implicit,0.8571428571428571,1.0,0.036139560550841394
42.0,implicit,0.9285714285714285,0.0,0.036139560550841394
42.0,implicit,0.9285714285714285,0.07142857142857142,0.015715854276152814
42.0,implicit,0.9285714285714285,0.14285714285714285,0.03520232185267718
42.0,implicit,0.9285714285714285,0.21428571428571427,0.056551172840797276
42.0,implicit,0.9285714285714285,0.2857142857142857,0.07696707951642164
42.0,implicit,0.9285714285714285,0.3571428571428571,0.09598663381843002
42.0,implicit,0.9285714285714285,0.42857142857142855,0.11123975723054799
42.0,implicit,0.9285714285714285,0.5,0.1176902932130582
42.0,implicit,0.9285714285714285,0.5714285714285714,0.1112397572305479
42.0,implicit,0.9285714285714285,0.6428571428571428,0.09598663381842987
42.0,implicit,0.9285714285714285,0.7142857142857142,0.07696707951642157
42.0,implicit,0.9285714285714285,0.7857142857142857,0.05655117284079731
42.0,implicit,0.9285714285714285,0.8571428571428571,0.03520232185267721
42.0,implicit,0.9285714285714285,0.9285714285714285,0.015715854276152824
42.0,implicit,0.9285714285714285,1.0,0.036139560550841394
42.0,implicit,1.0,0.0,0.036139560550841394
42.0,implicit,1.0,0.07142857142857142,0.036139560550841394
42.0,implicit,1.0,0.14285714285714285,0.036139560550841394
42.0,implicit,1.0,0.21428571428571427,0.036139560550841394
42.0,implicit,1.0,0.2857142857142857,0.036139560550841394
42.0,implicit,1.0,0.3571428571428571,0.036139560550841394
42.0,implicit,1.0,0.42857142857142855,0.036139560550841394
42.0,implicit,1.0,0.5,0.036139560550841394
42.0,implicit,1.0,0.5714285714285714,0.036139560550841394
42.0,implicit,1.0,0.6428571428571428,0.036139560550841394
42.0,implicit,1.0,0.7142857142857142,0.036139560550841394
42.0,implicit,1.0,0.7857142857142857,0.036139560550841394
42.0,implicit,1.0,0.8571428571428571,0.036139560550841394
42.0,implicit,1.0,0.9285714285714285,0.036139560550841394
42.0,implicit,1.0,1.0,0.036139560550841394
43.0,implicit,0.0,0.0,-0.003582603910995154
43.0,implicit,0.0,0.07142857142857142,-0.003582603910995154
43.0,implicit,0.0,0.14285714285714285,-0.003582603910995154
43.0,implicit,0.0,0.21428571428571427,-0.003582603910995154
43.0,implicit,0.0,0.2857142857142857,-0.003582603910995154
43.0,implicit,0.0,0.3571428571428571,-0.003582603910995154
43.0,implicit,0.0,0.42857142857142855,-0.003582603910995154
43.0,implicit,0.0,0.5,-0.003582603910995154
43.0,implicit,0.0,0.5714285714285714,-0.003582603910995154
43.0,implicit,0.0,0.6428571428571428,-0.003582603910995154
43.0,implicit,0.0,0.7142857142857142,-0.003582603910995154
43.0,implicit,0.0,0.7857142857142857,-0.003582603910995154
43.0,implicit,0.0,0.8571428571428571,-0.003582603910995154
43.0,implicit,0.0,0.9285714285714285,-0.003582603910995154
43.0,implicit,0.0,1.0,-0.003582603910995154
43.0,implicit,0.07142857142857142,0.0,-0.003582603910995154
43.0,implicit,0.07142857142857142,0.07142857142857142,0.019710618289176977
43.0,implicit,0.07142857142857142,0.14285714285714285,0.0374086179816182
43.0,implicit,0.07142857142857142,0.21428571428571427,0.058628681518758816
43.0,implicit,0.07142857142857142,0.2857142857142857,0.07902440443766345
43.0,implicit,0.07142857142857142,0.3571428571428571,0.0979774272815229
43.0,implicit,0.07142857142857142,0.42857142857142855,0.11309430934955884
43.0,implicit,0.07142857142857142,0.5,0.11943641599222254
43.0,implicit,0.07142857142857142,0.5714285714285714,0.1130943093495585
43.0,implicit,0.07142857142857142,0.6428571428571428,0.09797742728152271
43.0,implicit,0.07142857142857142,0.7142857142857142,0.0790244044376634
43.0,implicit,0.07142857142857142,0.7857142857142857,0.0586286815187588
43.0,implicit,0.07142857142857142,0.8571428571428571,0.037408617981618215
43.0,implicit,0.07142857142857142,0.9285714285714285,0.01971061828917698
43.0,implicit,0.07142857142857142,1.0,-0.003582603910995154
43.0,implicit,0.14285714285714285,0.0,-0.003582603910995154
43.0,implicit,0.14285714285714285,0.07142857142857142,0.03740861798161821
43.0,implicit,0.14285714285714285,0.14285714285714285,0.07664302929617854
43.0,implicit,0.14285714285714285,0.21428571428571427,0.11889934102941022
43.0,implicit,0.14285714285714285,0.2857142857142857,0.15953644847467952
43.0,implicit,0.14285714285714285,0.3571428571428571,0.19740025433989294
43.0,implicit,0.14285714285714285,0.42857142857142855,0.22762196134675705
43.0,implicit,0.14285714285714285,0.5,0.24030280087275518
43.0,implicit,0.14285714285714285,0.5714285714285714,0.22762196134675655
43.0,implicit,0.14285714285714285,0.6428571428571428,0.19740025433989267
43.0,implicit,0.14285714285714285,0.7142857142857142,0.15953644847467924
43.0,implicit,0.14285714285714285,0.7857142857142857,0.1188993410294102
43.0,implicit,0.14285714285714285,0.8571428571428571,0.07664302929617856
43.0,implicit,0.14285714285714285,0.9285714285714285,0.03740861798161823
43.0,implicit,0.14285714285714285,1.0,-0.003582603910995154
43.0,implicit,0.21428571428571427,0.0,-0.003582603910995154
43.0,implicit,0.21428571428571427,0.07142857142857142,0.05862868151875854
43.0,implicit,0.21428571428571427,0.14285714285714285,0.11889934102941004
43.0,implicit,0.21428571428571427,0.21428571428571427,0.1817000144343448
43.0,implicit,0.21428571428571427,0.2857142857142857,0.24239257556721838
43.0,implicit,0.21428571428571427,0.3571428571428571,0.29908992365438763
43.0,implicit,0.21428571428571427,0.42857142857142855,0.34437170138725004
43.0,implicit,0.21428571428571427,0.5,0.3633738489790907
43.0,implicit,0.21428571428571427,0.5714285714285714,0.3443717013872488
43.0,implicit,0.21428571428571427,0.6428571428571428,0.2990899236543874
43.0,implicit,0.21428571428571427,0.7142857142857142,0.24239257556721833
43.0,implicit,0.21428571428571427,0.7857142857142857,0.18170001443434486
43.0,implicit,0.21428571428571427,0.8571428571428571,0.11889934102941005
43.0,implicit,0.21428571428571427,0.9285714285714285,0.058628681518758594
43.0,implicit,0.21428571428571427,1.0,-0.003582603910995154
43.0,implicit,0.2857142857142857,0.0,-0.003582603910995154
43.0,implicit,0.2857142857142857,0.07142857142857142,0.07902440443766295
43.0,implicit,0.2857142857142857,0.14285714285714285,0.15953644847467913
43.0,implicit,0.2857142857142857,0.21428571428571427,0.2423925755672179
43.0,implicit,0.2857142857142857,0.2857142857142857,0.32281069643759736
43.0,implicit,0.2857142857142857,0.3571428571428571,0.3980712549929305
43.0,implicit,0.2857142857142857,0.42857142857142855,0.4582041371767658
43.0,implicit,0.2857142857142857,0.5,0.48344102286047574
43.0,implicit,0.2857142857142857,0.5714285714285714,0.4582041371767668
43.0,implicit,0.2857142857142857,0.6428571428571428,0.398071254992931
43.0,implicit,0.2857142857142857,0.7142857142857142,0.32281069643759736
43.0,implicit,0.2857142857142857,0.7857142857142857,0.24239257556721788
43.0,implicit,0.2857142857142857,0.8571428571428571,0.159536448474679
43.0,implicit,0.2857142857142857,0.9285714285714285,0.07902440443766295
43.0,implicit,0.2857142857142857,1.0,-0.003582603910995154
43.0,implicit,0.3571428571428571,0.0,-0.003582603910995154
43.0,implicit,0.3571428571428571,0.07142857142857142,0.09797742728152262
43.0,implicit,0.3571428571428571,0.14285714285714285,0.1974002543398919
43.0,implicit,0.3571428571428571,0.21428571428571427,0.2990899236543865
43.0,implicit,0.3571428571428571,0.2857142857142857,0.398071254992928
43.0,implicit,0.3571428571428571,0.3571428571428571,0.4908122426093864
43.0,implicit,0.3571428571428571,0.42857142857142855,0.564934557608453
43.0,implicit,0.3571428571428571,0.5,0.5960465776069388
43.0,implicit,0.3571428571428571,0.5714285714285714,0.5649345576084548
43.0,implicit,0.3571428571428571,0.6428571428571428,0.4908122426093871
43.0,implicit,0.3571428571428571,0.7142857142857142,0.39807125499292784
43.0,implicit,0.3571428571428571,0.7857142857142857,0.29908992365438636
43.0,implicit,0.3571428571428571,0.8571428571428571,0.19740025433989142
43.0,implicit,0.3571428571428571,0.9285714285714285,0.09797742728152255
43.0,implicit,0.3571428571428571,1.0,-0.003582603910995154
43.0,implicit,0.42857142857142855,0.0,-0.003582603910995154
43.0,implicit,0.42857142857142855,0.07142857142857142,0.11309430934955889
43.0,implicit,0.42857142857142855,0.14285714285714285,0.2276219613467567
43.0,implicit,0.42857142857142855,0.21428571428571427,0.3443717013872488
43.0,implicit,0.42857142857142855,0.2857142857142857,0.4582041371767674
43.0,implicit,0.42857142857142855,0.3571428571428571,0.5649345576084553
43.0,implicit,0.42857142857142855,0.42857142857142855,0.6502581353977226
43.0,implicit,0.42857142857142855,0.5,0.6860777840942447
43.0,implicit,0.42857142857142855,0.5714285714285714,0.6502581353977185
43.0,implicit,0.42857142857142855,0.6428571428571428,0.5649345576084532
43.0,implicit,0.42857142857142855,0.7142857142857142,0.45820413717676534
43.0,implicit,0.42857142857142855,0.7857142857142857,0.3443717013872486
43.0,implicit,0.42857142857142855,0.8571428571428571,0.22762196134675655
43.0,implicit,0.42857142857142855,0.9285714285714285,0.11309430934955889
43.0,implicit,0.42857142857142855,1.0,-0.003582603910995154
43.0,implicit,0.5,0.0,-0.003582603910995154
43.0,implicit,0.5,0.07142857142857142,0.11943641599222277
43.0,implicit,0.5,0.14285714285714285,0.2403028008727559
43.0,implicit,0.5,0.21428571428571427,0.3633738489790936
43.0,implicit,0.5,0.2857142857142857,0.4834410228604776
43.0,implicit,0.5,0.3571428571428571,0.5960465776069412
43.0,implicit,0.5,0.42857142857142855,0.6860777840942447
43.0,implicit,0.5,0.5,0.7238781112202671
43.0,implicit,0.5,0.5714285714285714,0.686077784094245
43.0,implicit,0.5,0.6428571428571428,0.5960465776069371
43.0,implicit,0.5,0.7142857142857142,0.4834410228604749
43.0,implicit,0.5,0.7857142857142857,0.36337384897909314
43.0,implicit,0.5,0.8571428571428571,0.24030280087275593
43.0,implicit,0.5,0.9285714285714285,0.1194364159922228
43.0,implicit,0.5,1.0,-0.003582603910995154
43.0,implicit,0.5714285714285714,0.0,-0.003582603910995154
43.0,implicit,0.5714285714285714,0.07142857142857142,0.11309430934955879
43.0,implicit,0.5714285714285714,0.14285714285714285,0.22762196134675725
43.0,implicit,0.5714285714285714,0.21428571428571427,0.34437170138725093
43.0,implicit,0.5714285714285714,0.2857142857142857,0.4582041371767681
43.0,implicit,0.5714285714285714,0.3571428571428571,0.5649345576084568
43.0,implicit,0.5714285714285714,0.42857142857142855,0.6502581353977221
43.0,implicit,0.5714285714285714,0.5,0.6860777840942468
43.0,implicit,0.5714285714285714,0.5714285714285714,0.6502581353977221
43.0,implicit,0.5714285714285714,0.6428571428571428,0.5649345576084556
43.0,implicit,0.5714285714285714,0.7142857142857142,0.4582041371767696
43.0,implicit,0.5714285714285714,0.7857142857142857,0.3443717013872504
43.0,implicit,0.5714285714285714,0.8571428571428571,0.2276219613467575
43.0,implicit,0.5714285714285714,0.9285714285714285,0.11309430934955876
43.0,implicit,0.5714285714285714,1.0,-0.003582603910995154
43.0,implicit,0.6428571428571428,0.0,-0.003582603910995154
43.0,implicit,0.6428571428571428,0.07142857142857142,0.097977427281523
43.0,implicit,0.6428571428571428,0.14285714285714285,0.1974002543398942
43.0,implicit,0.6428571428571428,0.21428571428571427,0.29908992365438825
43.0,implicit,0.6428571428571428,0.2857142857142857,0.3980712549929317
43.0,implicit,0.6428571428571428,0.3571428571428571,0.4908122426093884
43.0,implicit,0.6428571428571428,0.42857142857142855,0.5649345576084566
43.0,implicit,0.6428571428571428,0.5,0.5960465776069397
43.0,implicit,0.6428571428571428,0.5714285714285714,0.564934557608456
43.0,implicit,0.6428571428571428,0.6428571428571428,0.4908122426093892
43.0,implicit,0.6428571428571428,0.7142857142857142,0.3980712549929327
43.0,implicit,0.6428571428571428,0.7857142857142857,0.29908992365438825
43.0,implicit,0.6428571428571428,0.8571428571428571,0.19740025433989308
43.0,implicit,0.6428571428571428,0.9285714285714285,0.09797742728152264
43.0,implicit,0.6428571428571428,1.0,-0.003582603910995154
43.0,implicit,0.7142857142857142,0.0,-0.003582603910995154
43.0,implicit,0.7142857142857142,0.07142857142857142,0.07902440443766354
43.0,implicit,0.7142857142857142,0.14285714285714285,0.15953644847467977
43.0,implicit,0.7142857142857142,0.21428571428571427,0.24239257556721872
43.0,implicit,0.7142857142857142,0.2857142857142857,0.32281069643759797
43.0,implicit,0.7142857142857142,0.3571428571428571,0.3980712549929304
43.0,implicit,0.7142857142857142,0.42857142857142855,0.45820413717676683
43.0,implicit,0.7142857142857142,0.5,0.4834410228604765
43.0,implicit,0.7142857142857142,0.5714285714285714,0.4582041371767661
43.0,implicit,0.7142857142857142,0.6428571428571428,0.3980712549929297
43.0,implicit,0.7142857142857142,0.7142857142857142,0.322810696437598
43.0,implicit,0.7142857142857142,0.7857142857142857,0.24239257556721866
43.0,implicit,0.7142857142857142,0.8571428571428571,0.15953644847467946
43.0,implicit,0.7142857142857142,0.9285714285714285,0.07902440443766337
43.0,implicit,0.7142857142857142,1.0,-0.003582603910995154
43.0,implicit,0.7857142857142857,0.0,-0.003582603910995154
43.0,implicit,0.7857142857142857,0.07142857142857142,0.05862868151875885
43.0,implicit,0.7857142857142857,0.14285714285714285,0.11889934102941034
43.0,implicit,0.7857142857142857,0.21428571428571427,0.18170001443434497
43.0,implicit,0.7857142857142857,0.2857142857142857,0.2423925755672182
43.0,implicit,0.7857142857142857,0.3571428571428571,0.29908992365438714
43.0,implicit,0.7857142857142857,0.42857142857142855,0.3443717013872487
43.0,implicit,0.7857142857142857,0.5,0.36337384897909136
43.0,implicit,0.7857142857142857,0.5714285714285714,0.344371701387248
43.0,implicit,0.7857142857142857,0.6428571428571428,0.299089923654387
43.0,implicit,0.7857142857142857,0.7142857142857142,0.2423925755672182
43.0,implicit,0.7857142857142857,0.7857142857142857,0.18170001443434503
43.0,implicit,0.7857142857142857,0.8571428571428571,0.11889934102941031
43.0,implicit,0.7857142857142857,0.9285714285714285,0.05862868151875883
43.0,implicit,0.7857142857142857,1.0,-0.003582603910995154
43.0,implicit,0.8571428571428571,0.0,-0.003582603910995154
43.0,implicit,0.8571428571428571,0.07142857142857142,0.03740861798161823
43.0,implicit,0.8571428571428571,0.14285714285714285,0.07664302929617861
43.0,implicit,0.8571428571428571,0.21428571428571427,0.1188993410294101
43.0,implicit,0.8571428571428571,0.2857142857142857,0.15953644847467907
43.0,implicit,0.8571428571428571,0.3571428571428571,0.19740025433989158
43.0,implicit,0.8571428571428571,0.42857142857142855,0.22762196134675655
43.0,implicit,0.8571428571428571,0.5,0.24030280087275527
43.0,implicit,0.8571428571428571,0.5714285714285714,0.22762196134675597
43.0,implicit,0.8571428571428571,0.6428571428571428,0.19740025433989242
43.0,implicit,0.8571428571428571,0.7142857142857142,0.15953644847467927
43.0,implicit,0.8571428571428571,0.7857142857142857,0.11889934102941024
43.0,implicit,0.8571428571428571,0.8571428571428571,0.07664302929617864
43.0,implicit,0.8571428571428571,0.9285714285714285,0.03740861798161824
43.0,implicit,0.8571428571428571,1.0,-0.003582603910995154
43.0,implicit,0.9285714285714285,0.0,-0.003582603910995154
43.0,implicit,0.9285714285714285,0.07142857142857142,0.019710618289176984
43.0,implicit,0.9285714285714285,0.14285714285714285,0.037408617981618236
43.0,implicit,0.9285714285714285,0.21428571428571427,0.0586286815187586
43.0,implicit,0.9285714285714285,0.2857142857142857,0.07902440443766305
43.0,implicit,0.9285714285714285,0.3571428571428571,0.09797742728152277
43.0,implicit,0.9285714285714285,0.42857142857142855,0.11309430934955887
43.0,implicit,0.9285714285714285,0.5,0.11943641599222267
43.0,implicit,0.9285714285714285,0.5714285714285714,0.11309430934955872
43.0,implicit,0.9285714285714285,0.6428571428571428,0.0979774272815226
43.0,implicit,0.9285714285714285,0.7142857142857142,0.07902440443766301
43.0,implicit,0.9285714285714285,0.7857142857142857,0.058628681518758635
43.0,implicit,0.9285714285714285,0.8571428571428571,0.037408617981618264
43.0,implicit,0.9285714285714285,0.9285714285714285,0.019710618289176994
43.0,implicit,0.9285714285714285,1.0,-0.003582603910995154
43.0,implicit,1.0,0.0,-0.003582603910995154
43.0,implicit,1.0,0.07142857142857142,-0.003582603910995154
43.0,implicit,1.0,0.14285714285714285,-0.003582603910995154
43.0,implicit,1.0,0.21428571428571427,-0.003582603910995154
43.0,implicit,1.0,0.2857142857142857,-0.003582603910995154
43.0,implicit,1.0,0.3571428571428571,-0.003582603910995154
43.0,implicit,1.0,0.42857142857142855,-0.003582603910995154
43.0,implicit,1.0,0.5,-0.003582603910995154
43.0,implicit,1.0,0.5714285714285714,-0.003582603910995154
43.0,implicit,1.0,0.6428571428571428,-0.003582603910995154
43.0,implicit,1.0,0.7142857142857142,-0.003582603910995154
43.0,implicit,1.0,0.7857142857142857,-0.003582603910995154
43.0,implicit,1.0,0.8571428571428571,-0.003582603910995154
43.0,implicit,1.0,0.9285714285714285,-0.003582603910995154
43.0,implicit,1.0,1.0,-0.003582603910995154
44.0,implicit,0.0,0.0,0.15646436558140064
44.0,implicit,0.0,0.07142857142857142,0.15646436558140064
44.0,implicit,0.0,0.14285714285714285,0.15646436558140064
44.0,implicit,0.0,0.21428571428571427,0.15646436558140064
44.0,implicit,0.0,0.2857142857142857,0.15646436558140064
44.0,implicit,0.0,0.3571428571428571,0.15646436558140064
44.0,implicit,0.0,0.42857142857142855,0.15646436558140064
44.0,implicit,0.0,0.5,0.15646436558140064
44.0,implicit,0.0,0.5714285714285714,0.15646436558140064
44.0,implicit,0.0,0.6428571428571428,0.15646436558140064
44.0,implicit,0.0,0.7142857142857142,0.15646436558140064
44.0,implicit,0.0,0.7857142857142857,0.15646436558140064
44.0,implicit,0.0,0.8571428571428571,0.15646436558140064
44.0,implicit,0.0,0.9285714285714285,0.15646436558140064
44.0,implicit,0.0,1.0,0.15646436558140064
44.0,implicit,0.07142857142857142,0.0,0.15646436558140064
44.0,implicit,0.07142857142857142,0.07142857142857142,0.0237775515712105
44.0,implicit,0.07142857142857142,0.14285714285714285,0.039591106865754164
44.0,implicit,0.07142857142857142,0.21428571428571427,0.06072649612508041
44.0,implicit,0.07142857142857142,0.2857142857142857,0.08111039221951201
44.0,implicit,0.07142857142857142,0.3571428571428571,0.10002988609830324
44.0,implicit,0.07142857142857142,0.42857142857142855,0.11507963128320943
44.0,implicit,0.07142857142857142,0.5,0.12136938725620813
44.0,implicit,0.07142857142857142,0.5714285714285714,0.11507963128320908
44.0,implicit,0.07142857142857142,0.6428571428571428,0.10002988609830306
44.0,implicit,0.07142857142857142,0.7142857142857142,0.08111039221951194
44.0,implicit,0.07142857142857142,0.7857142857142857,0.060726496125080395
44.0,implicit,0.07142857142857142,0.8571428571428571,0.03959110686575418
44.0,implicit,0.07142857142857142,0.9285714285714285,0.023777551571210503
44.0,implicit,0.07142857142857142,1.0,0.15646436558140064
44.0,implicit,0.14285714285714285,0.0,0.15646436558140064
44.0,implicit,0.14285714285714285,0.07142857142857142,0.03959110686575417
44.0,implicit,0.14285714285714285,0.14285714285714285,0.07677920678867771
44.0,implicit,0.14285714285714285,0.21428571428571427,0.11893970397625642
44.0,implicit,0.14285714285714285,0.2857142857142857,0.15955671374115687
44.0,implicit,0.14285714285714285,0.3571428571428571,0.19735248865734914
44.0,implicit,0.14285714285714285,0.42857142857142855,0.22743933511244324
44.0,implicit,0.14285714285714285,0.5,0.24001529562854176
44.0,implicit,0.14285714285714285,0.5714285714285714,0.22743933511244277
44.0,implicit,0.14285714285714285,0.6428571428571428,0.1973524886573489
44.0,implicit,0.14285714285714285,0.7142857142857142,0.1595567137411566
44.0,implicit,0.14285714285714285,0.7857142857142857,0.1189397039762564
44.0,implicit,0.14285714285714285,0.8571428571428571,0.07677920678867772
44.0,implicit,0.14285714285714285,0.9285714285714285,0.03959110686575419
44.0,implicit,0.14285714285714285,1.0,0.15646436558140064
44.0,implicit,0.21428571428571427,0.0,0.15646436558140064
44.0,implicit,0.21428571428571427,0.07142857142857142,0.060726496125080125
44.0,implicit,0.21428571428571427,0.14285714285714285,0.11893970397625626
44.0,implicit,0.21428571428571427,0.21428571428571427,0.18164403182592403
44.0,implicit,0.21428571428571427,0.2857142857142857,0.24230420565372437
44.0,implicit,0.21428571428571427,0.3571428571428571,0.29889577878149165
44.0,implicit,0.21428571428571427,0.42857142857142855,0.34397306324090093
44.0,implicit,0.21428571428571427,0.5,0.36281714010686117
44.0,implicit,0.21428571428571427,0.5714285714285714,0.3439730632408997
44.0,implicit,0.21428571428571427,0.6428571428571428,0.29889577878149143
44.0,implicit,0.21428571428571427,0.7142857142857142,0.24230420565372435
44.0,implicit,0.21428571428571427,0.7857142857142857,0.18164403182592406
44.0,implicit,0.21428571428571427,0.8571428571428571,0.11893970397625625
44.0,implicit,0.21428571428571427,0.9285714285714285,0.06072649612508018
44.0,implicit,0.21428571428571427,1.0,0.15646436558140064
44.0,implicit,0.2857142857142857,0.0,0.15646436558140064
44.0,implicit,0.2857142857142857,0.07142857142857142,0.08111039221951148
44.0,implicit,0.2857142857142857,0.14285714285714285,0.15955671374115654
44.0,implicit,0.2857142857142857,0.21428571428571427,0.24230420565372393
44.0,implicit,0.2857142857142857,0.2857142857142857,0.32266680425536554
44.0,implicit,0.2857142857142857,0.3571428571428571,0.39777531071443767
44.0,implicit,0.2857142857142857,0.42857142857142855,0.45762818037785585
44.0,implicit,0.2857142857142857,0.5,0.4826517021994149
44.0,implicit,0.2857142857142857,0.5714285714285714,0.45762818037785685
44.0,implicit,0.2857142857142857,0.6428571428571428,0.39777531071443817
44.0,implicit,0.2857142857142857,0.7142857142857142,0.32266680425536554
44.0,implicit,0.2857142857142857,0.7857142857142857,0.2423042056537239
44.0,implicit,0.2857142857142857,0.8571428571428571,0.15955671374115638
44.0,implicit,0.2857142857142857,0.9285714285714285,0.08111039221951147
44.0,implicit,0.2857142857142857,1.0,0.15646436558140064
44.0,implicit,0.3571428571428571,0.0,0.15646436558140064
44.0,implicit,0.3571428571428571,0.07142857142857142,0.100029886098303
44.0,implicit,0.3571428571428571,0.14285714285714285,0.19735248865734809
44.0,implicit,0.3571428571428571,0.21428571428571427,0.2988957787814905
44.0,implicit,0.3571428571428571,0.2857142857142857,0.39777531071443517
44.0,implicit,0.3571428571428571,0.3571428571428571,0.49029820719654166
44.0,implicit,0.3571428571428571,0.42857142857142855,0.564051568171298
44.0,implicit,0.3571428571428571,0.5,0.5948906560700091
44.0,implicit,0.3571428571428571,0.5714285714285714,0.5640515681712998
44.0,implicit,0.3571428571428571,0.6428571428571428,0.4902982071965424
44.0,implicit,0.3571428571428571,0.7142857142857142,0.39777531071443495
44.0,implicit,0.3571428571428571,0.7857142857142857,0.2988957787814903
44.0,implicit,0.3571428571428571,0.8571428571428571,0.1973524886573476
44.0,implicit,0.3571428571428571,0.9285714285714285,0.10002988609830293
44.0,implicit,0.3571428571428571,1.0,0.15646436558140064
44.0,implicit,0.42857142857142855,0.0,0.15646436558140064
44.0,implicit,0.42857142857142855,0.07142857142857142,0.11507963128320949
44.0,implicit,0.42857142857142855,0.14285714285714285,0.22743933511244288
44.0,implicit,0.42857142857142855,0.21428571428571427,0.3439730632408997
44.0,implicit,0.42857142857142855,0.2857142857142857,0.45762818037785746
44.0,implicit,0.42857142857142855,0.3571428571428571,0.5640515681713004
44.0,implicit,0.42857142857142855,0.42857142857142855,0.6489061168692786
44.0,implicit,0.42857142857142855,0.5,0.6843929388657319
44.0,implicit,0.42857142857142855,0.5714285714285714,0.6489061168692748
44.0,implicit,0.42857142857142855,0.6428571428571428,0.5640515681712982
44.0,implicit,0.42857142857142855,0.7142857142857142,0.4576281803778554
44.0,implicit,0.42857142857142855,0.7857142857142857,0.3439730632408995
44.0,implicit,0.42857142857142855,0.8571428571428571,0.22743933511244277
44.0,implicit,0.42857142857142855,0.9285714285714285,0.11507963128320949
44.0,implicit,0.42857142857142855,1.0,0.15646436558140064
44.0,implicit,0.5,0.0,0.15646436558140064
44.0,implicit,0.5,0.07142857142857142,0.12136938725620837
44.0,implicit,0.5,0.14285714285714285,0.24001529562854249
44.0,implicit,0.5,0.21428571428571427,0.3628171401068641
44.0,implicit,0.5,0.2857142857142857,0.4826517021994167
44.0,implicit,0.5,0.3571428571428571,0.5948906560700117
44.0,implicit,0.5,0.42857142857142855,0.684392938865732
44.0,implicit,0.5,0.5,0.721827683857376
44.0,implicit,0.5,0.5714285714285714,0.6843929388657323
44.0,implicit,0.5,0.6428571428571428,0.5948906560700074
44.0,implicit,0.5,0.7142857142857142,0.4826517021994141
44.0,implicit,0.5,0.7857142857142857,0.3628171401068636
44.0,implicit,0.5,0.8571428571428571,0.2400152956285425
44.0,implicit,0.5,0.9285714285714285,0.12136938725620838
44.0,implicit,0.5,1.0,0.15646436558140064
44.0,implicit,0.5714285714285714,0.0,0.15646436558140064
44.0,implicit,0.5714285714285714,0.07142857142857142,0.11507963128320939
44.0,implicit,0.5714285714285714,0.14285714285714285,0.2274393351124435
44.0,implicit,0.5714285714285714,0.21428571428571427,0.34397306324090166
44.0,implicit,0.5714285714285714,0.2857142857142857,0.4576281803778583
44.0,implicit,0.5714285714285714,0.3571428571428571,0.5640515681713016
44.0,implicit,0.5714285714285714,0.42857142857142855,0.6489061168692783
44.0,implicit,0.5714285714285714,0.5,0.6843929388657342
44.0,implicit,0.5714285714285714,0.5714285714285714,0.6489061168692782
44.0,implicit,0.5714285714285714,0.6428571428571428,0.5640515681713004
44.0,implicit,0.5714285714285714,0.7142857142857142,0.45762818037785974
44.0,implicit,0.5714285714285714,0.7857142857142857,0.3439730632409011
44.0,implicit,0.5714285714285714,0.8571428571428571,0.2274393351124437
44.0,implicit,0.5714285714285714,0.9285714285714285,0.11507963128320936
44.0,implicit,0.5714285714285714,1.0,0.15646436558140064
44.0,implicit,0.6428571428571428,0.0,0.15646436558140064
44.0,implicit,0.6428571428571428,0.07142857142857142,0.10002988609830336
44.0,implicit,0.6428571428571428,0.14285714285714285,0.19735248865735044
44.0,implicit,0.6428571428571428,0.21428571428571427,0.29889577878149226
44.0,implicit,0.6428571428571428,0.2857142857142857,0.39777531071443895
44.0,implicit,0.6428571428571428,0.3571428571428571,0.4902982071965439
44.0,implicit,0.6428571428571428,0.42857142857142855,0.5640515681713014
44.0,implicit,0.6428571428571428,0.5,0.5948906560700098
44.0,implicit,0.6428571428571428,0.5714285714285714,0.5640515681713008
44.0,implicit,0.6428571428571428,0.6428571428571428,0.49029820719654454
44.0,implicit,0.6428571428571428,0.7142857142857142,0.3977753107144399
44.0,implicit,0.6428571428571428,0.7857142857142857,0.29889577878149226
44.0,implicit,0.6428571428571428,0.8571428571428571,0.1973524886573493
44.0,implicit,0.6428571428571428,0.9285714285714285,0.10002988609830303
44.0,implicit,0.6428571428571428,1.0,0.15646436558140064
44.0,implicit,0.7142857142857142,0.0,0.15646436558140064
44.0,implicit,0.7142857142857142,0.07142857142857142,0.08111039221951208
44.0,implicit,0.7142857142857142,0.14285714285714285,0.15955671374115712
44.0,implicit,0.7142857142857142,0.21428571428571427,0.24230420565372474
44.0,implicit,0.7142857142857142,0.2857142857142857,0.32266680425536615
44.0,implicit,0.7142857142857142,0.3571428571428571,0.39777531071443756
44.0,implicit,0.7142857142857142,0.42857142857142855,0.45762818037785685
44.0,implicit,0.7142857142857142,0.5,0.4826517021994158
44.0,implicit,0.7142857142857142,0.5714285714285714,0.45762818037785624
44.0,implicit,0.7142857142857142,0.6428571428571428,0.3977753107144369
44.0,implicit,0.7142857142857142,0.7142857142857142,0.32266680425536626
44.0,implicit,0.7142857142857142,0.7857142857142857,0.24230420565372468
44.0,implicit,0.7142857142857142,0.8571428571428571,0.15955671374115682
44.0,implicit,0.7142857142857142,0.9285714285714285,0.08111039221951193
44.0,implicit,0.7142857142857142,1.0,0.15646436558140064
44.0,implicit,0.7857142857142857,0.0,0.15646436558140064
44.0,implicit,0.7857142857142857,0.07142857142857142,0.060726496125080444
44.0,implicit,0.7857142857142857,0.14285714285714285,0.11893970397625654
44.0,implicit,0.7857142857142857,0.21428571428571427,0.18164403182592417
44.0,implicit,0.7857142857142857,0.2857142857142857,0.2423042056537242
44.0,implicit,0.7857142857142857,0.3571428571428571,0.2988957787814911
44.0,implicit,0.7857142857142857,0.42857142857142855,0.3439730632408995
44.0,implicit,0.7857142857142857,0.5,0.36281714010686195
44.0,implicit,0.7857142857142857,0.5714285714285714,0.34397306324089877
44.0,implicit,0.7857142857142857,0.6428571428571428,0.29889577878149093
44.0,implicit,0.7857142857142857,0.7142857142857142,0.2423042056537242
44.0,implicit,0.7857142857142857,0.7857142857142857,0.18164403182592423
44.0,implicit,0.7857142857142857,0.8571428571428571,0.11893970397625653
44.0,implicit,0.7857142857142857,0.9285714285714285,0.06072649612508042
44.0,implicit,0.7857142857142857,1.0,0.15646436558140064
44.0,implicit,0.8571428571428571,0.0,0.15646436558140064
44.0,implicit,0.8571428571428571,0.07142857142857142,0.03959110686575419
44.0,implicit,0.8571428571428571,0.14285714285714285,0.07677920678867778
44.0,implicit,0.8571428571428571,0.21428571428571427,0.1189397039762563
44.0,implicit,0.8571428571428571,0.2857142857142857,0.1595567137411565
44.0,implicit,0.8571428571428571,0.3571428571428571,0.19735248865734778
44.0,implicit,0.8571428571428571,0.42857142857142855,0.22743933511244274
44.0,implicit,0.8571428571428571,0.5,0.24001529562854187
44.0,implicit,0.8571428571428571,0.5714285714285714,0.2274393351124422
44.0,implicit,0.8571428571428571,0.6428571428571428,0.19735248865734858
44.0,implicit,0.8571428571428571,0.7142857142857142,0.15955671374115668
44.0,implicit,0.8571428571428571,0.7857142857142857,0.11893970397625646
44.0,implicit,0.8571428571428571,0.8571428571428571,0.0767792067886778
44.0,implicit,0.8571428571428571,0.9285714285714285,0.0395911068657542
44.0,implicit,0.8571428571428571,1.0,0.15646436558140064
44.0,implicit,0.9285714285714285,0.0,0.15646436558140064
44.0,implicit,0.9285714285714285,0.07142857142857142,0.023777551571210507
44.0,implicit,0.9285714285714285,0.14285714285714285,0.039591106865754205
44.0,implicit,0.9285714285714285,0.21428571428571427,0.06072649612508019
44.0,implicit,0.9285714285714285,0.2857142857142857,0.08111039221951158
44.0,implicit,0.9285714285714285,0.3571428571428571,0.10002988609830313
44.0,implicit,0.9285714285714285,0.42857142857142855,0.11507963128320947
44.0,implicit,0.9285714285714285,0.5,0.12136938725620826
44.0,implicit,0.9285714285714285,0.5714285714285714,0.11507963128320928
44.0,implicit,0.9285714285714285,0.6428571428571428,0.10002988609830296
44.0,implicit,0.9285714285714285,0.7142857142857142,0.08111039221951154
44.0,implicit,0.9285714285714285,0.7857142857142857,0.06072649612508022
44.0,implicit,0.9285714285714285,0.8571428571428571,0.039591106865754226
44.0,implicit,0.9285714285714285,0.9285714285714285,0.023777551571210514
44.0,implicit,0.9285714285714285,1.0,0.15646436558140064
44.0,implicit,1.0,0.0,0.15646436558140064
44.0,implicit,1.0,0.07142857142857142,0.15646436558140064
44.0,implicit,1.0,0.14285714285714285,0.15646436558140064
44.0,implicit,1.0,0.21428571428571427,0.15646436558140064
44.0,implicit,1.0,0.2857142857142857,0.15646436558140064
44.0,implicit,1.0,0.3571428571428571,0.15646436558140064
44.0,implicit,1.0,0.42857142857142855,0.15646436558140064
44.0,implicit,1.0,0.5,0.15646436558140064
44.0,implicit,1.0,0.5714285714285714,0.15646436558140064
44.0,implicit,1.0,0.6428571428571428,0.15646436558140064
44.0,implicit,1.0,0.7142857142857142,0.15646436558140064
44.0,implicit,1.0,0.7857142857142857,0.15646436558140064
44.0,implicit,1.0,0.8571428571428571,0.15646436558140064
44.0,implicit,1.0,0.9285714285714285,0.15646436558140064
44.0,implicit,1.0,1.0,0.15646436558140064
45.0,implicit,0.0,0.0,0.08219025043752239
45.0,implicit,0.0,0.07142857142857142,0.08219025043752239
45.0,implicit,0.0,0.14285714285714285,0.08219025043752239
45.0,implicit,0.0,0.21428571428571427,0.08219025043752239
45.0,implicit,0.0,0.2857142857142857,0.08219025043752239
45.0,implicit,0.0,0.3571428571428571,0.08219025043752239
45.0,implicit,0.0,0.42857142857142855,0.08219025043752239
45.0,implicit,0.0,0.5,0.08219025043752239
45.0,implicit,0.0,0.5714285714285714,0.08219025043752239
45.0,implicit,0.0,0.6428571428571428,0.08219025043752239
45.0,implicit,0.0,0.7142857142857142,0.08219025043752239
45.0,implicit,0.0,0.7857142857142857,0.08219025043752239
45.0,implicit,0.0,0.8571428571428571,0.08219025043752239
45.0,implicit,0.0,0.9285714285714285,0.08219025043752239
45.0,implicit,0.0,1.0,0.08219025043752239
45.0,implicit,0.07142857142857142,0.0,0.08219025043752239
45.0,implicit,0.07142857142857142,0.07142857142857142,0.018913869406214645
45.0,implicit,0.07142857142857142,0.14285714285714285,0.037284326031232135
45.0,implicit,0.07142857142857142,0.21428571428571427,0.058338388222358276
45.0,implicit,0.07142857142857142,0.2857142857142857,0.07869684655525988
45.0,implicit,0.07142857142857142,0.3571428571428571,0.0975487781810766
45.0,implicit,0.07142857142857142,0.42857142857142855,0.11246619723357931
45.0,implicit,0.07142857142857142,0.5,0.11865477983084104
45.0,implicit,0.07142857142857142,0.5714285714285714,0.11246619723357894
45.0,implicit,0.07142857142857142,0.6428571428571428,0.09754877818107646
45.0,implicit,0.07142857142857142,0.7142857142857142,0.07869684655525983
45.0,implicit,0.07142857142857142,0.7857142857142857,0.05833838822235827
45.0,implicit,0.07142857142857142,0.8571428571428571,0.03728432603123215
45.0,implicit,0.07142857142857142,0.9285714285714285,0.01891386940621465
45.0,implicit,0.07142857142857142,1.0,0.08219025043752239
45.0,implicit,0.14285714285714285,0.0,0.08219025043752239
45.0,implicit,0.14285714285714285,0.07142857142857142,0.03728432603123214
45.0,implicit,0.14285714285714285,0.14285714285714285,0.0768844122136726
45.0,implicit,0.14285714285714285,0.21428571428571427,0.11893851153482914
45.0,implicit,0.14285714285714285,0.2857142857142857,0.1595120414922715
45.0,implicit,0.14285714285714285,0.3571428571428571,0.19717088665757074
45.0,implicit,0.14285714285714285,0.42857142857142855,0.22699188029298326
45.0,implicit,0.14285714285714285,0.5,0.23936512405700355
45.0,implicit,0.14285714285714285,0.5714285714285714,0.2269918802929827
45.0,implicit,0.14285714285714285,0.6428571428571428,0.1971708866575705
45.0,implicit,0.14285714285714285,0.7142857142857142,0.15951204149227127
45.0,implicit,0.14285714285714285,0.7857142857142857,0.11893851153482912
45.0,implicit,0.14285714285714285,0.8571428571428571,0.0768844122136726
45.0,implicit,0.14285714285714285,0.9285714285714285,0.03728432603123216
45.0,implicit,0.14285714285714285,1.0,0.08219025043752239
45.0,implicit,0.21428571428571427,0.0,0.08219025043752239
45.0,implicit,0.21428571428571427,0.07142857142857142,0.058338388222358
45.0,implicit,0.21428571428571427,0.14285714285714285,0.11893851153482897
45.0,implicit,0.21428571428571427,0.21428571428571427,0.18153354614614967
45.0,implicit,0.21428571428571427,0.2857142857142857,0.24212479385411959
45.0,implicit,0.21428571428571427,0.3571428571428571,0.2985034990356705
45.0,implicit,0.21428571428571427,0.42857142857142855,0.3431774768255998
45.0,implicit,0.21428571428571427,0.5,0.36171593176947425
45.0,implicit,0.21428571428571427,0.5714285714285714,0.3431774768255985
45.0,implicit,0.21428571428571427,0.6428571428571428,0.2985034990356703
45.0,implicit,0.21428571428571427,0.7142857142857142,0.24212479385411959
45.0,implicit,0.21428571428571427,0.7857142857142857,0.1815335461461497
45.0,implicit,0.21428571428571427,0.8571428571428571,0.11893851153482896
45.0,implicit,0.21428571428571427,0.9285714285714285,0.05833838822235805
45.0,implicit,0.21428571428571427,1.0,0.08219025043752239
45.0,implicit,0.2857142857142857,0.0,0.08219025043752239
45.0,implicit,0.2857142857142857,0.07142857142857142,0.07869684655525938
45.0,implicit,0.2857142857142857,0.14285714285714285,0.15951204149227127
45.0,implicit,0.2857142857142857,0.21428571428571427,0.24212479385411906
45.0,implicit,0.2857142857142857,0.2857142857142857,0.3223712028508578
45.0,implicit,0.2857142857142857,0.3571428571428571,0.3971736253323855
45.0,implicit,0.2857142857142857,0.42857142857142855,0.4564738721229672
45.0,implicit,0.2857142857142857,0.5,0.48108465373901854
45.0,implicit,0.2857142857142857,0.5714285714285714,0.4564738721229681
45.0,implicit,0.2857142857142857,0.6428571428571428,0.39717362533238604
45.0,implicit,0.2857142857142857,0.7142857142857142,0.3223712028508578
45.0,implicit,0.2857142857142857,0.7857142857142857,0.24212479385411903
45.0,implicit,0.2857142857142857,0.8571428571428571,0.1595120414922711
45.0,implicit,0.2857142857142857,0.9285714285714285,0.07869684655525937
45.0,implicit,0.2857142857142857,1.0,0.08219025043752239
45.0,implicit,0.3571428571428571,0.0,0.08219025043752239
45.0,implicit,0.3571428571428571,0.07142857142857142,0.09754877818107645
45.0,implicit,0.3571428571428571,0.14285714285714285,0.19717088665756968
45.0,implicit,0.3571428571428571,0.21428571428571427,0.29850349903566936
45.0,implicit,0.3571428571428571,0.2857142857142857,0.39717362533238276
45.0,implicit,0.3571428571428571,0.3571428571428571,0.48925817347915623
45.0,implicit,0.3571428571428571,0.42857142857142855,0.5622832772793765
45.0,implicit,0.3571428571428571,0.5,0.5925941817964324
45.0,implicit,0.3571428571428571,0.5714285714285714,0.5622832772793781
45.0,implicit,0.3571428571428571,0.6428571428571428,0.4892581734791571
45.0,implicit,0.3571428571428571,0.7142857142857142,0.39717362533238265
45.0,implicit,0.3571428571428571,0.7857142857142857,0.2985034990356692
45.0,implicit,0.3571428571428571,0.8571428571428571,0.1971708866575692
45.0,implicit,0.3571428571428571,0.9285714285714285,0.09754877818107635
45.0,implicit,0.3571428571428571,1.0,0.08219025043752239
45.0,implicit,0.42857142857142855,0.0,0.08219025043752239
45.0,implicit,0.42857142857142855,0.07142857142857142,0.11246619723357937
45.0,implicit,0.42857142857142855,0.14285714285714285,0.22699188029298292
45.0,implicit,0.42857142857142855,0.21428571428571427,0.3431774768255984
45.0,implicit,0.42857142857142855,0.2857142857142857,0.45647387212296864
45.0,implicit,0.42857142857142855,0.3571428571428571,0.562283277279379
45.0,implicit,0.42857142857142855,0.42857142857142855,0.6462135676100422
45.0,implicit,0.42857142857142855,0.5,0.681056628185525
45.0,implicit,0.42857142857142855,0.5714285714285714,0.6462135676100382
45.0,implicit,0.42857142857142855,0.6428571428571428,0.5622832772793768
45.0,implicit,0.42857142857142855,0.7142857142857142,0.4564738721229667
45.0,implicit,0.42857142857142855,0.7857142857142857,0.3431774768255981
45.0,implicit,0.42857142857142855,0.8571428571428571,0.22699188029298284
45.0,implicit,0.42857142857142855,0.9285714285714285,0.11246619723357938
45.0,implicit,0.42857142857142855,1.0,0.08219025043752239
45.0,implicit,0.5,0.0,0.08219025043752239
45.0,implicit,0.5,0.07142857142857142,0.11865477983084127
45.0,implicit,0.5,0.14285714285714285,0.23936512405700425
45.0,implicit,0.5,0.21428571428571427,0.36171593176947714
45.0,implicit,0.5,0.2857142857142857,0.48108465373902043
45.0,implicit,0.5,0.3571428571428571,0.592594181796435
45.0,implicit,0.5,0.42857142857142855,0.6810566281855248
45.0,implicit,0.5,0.5,0.7177850801835325
45.0,implicit,0.5,0.5714285714285714,0.6810566281855255
45.0,implicit,0.5,0.6428571428571428,0.5925941817964305
45.0,implicit,0.5,0.7142857142857142,0.4810846537390177
45.0,implicit,0.5,0.7857142857142857,0.36171593176947675
45.0,implicit,0.5,0.8571428571428571,0.23936512405700427
45.0,implicit,0.5,0.9285714285714285,0.11865477983084129
45.0,implicit,0.5,1.0,0.08219025043752239
45.0,implicit,0.5714285714285714,0.0,0.08219025043752239
45.0,implicit,0.5714285714285714,0.07142857142857142,0.11246619723357928
45.0,implicit,0.5714285714285714,0.14285714285714285,0.22699188029298348
45.0,implicit,0.5714285714285714,0.21428571428571427,0.34317747682560046
45.0,implicit,0.5714285714285714,0.2857142857142857,0.4564738721229695
45.0,implicit,0.5714285714285714,0.3571428571428571,0.5622832772793803
45.0,implicit,0.5714285714285714,0.42857142857142855,0.6462135676100417
45.0,implicit,0.5714285714285714,0.5,0.6810566281855274
45.0,implicit,0.5714285714285714,0.5714285714285714,0.6462135676100416
45.0,implicit,0.5714285714285714,0.6428571428571428,0.5622832772793788
45.0,implicit,0.5714285714285714,0.7142857142857142,0.45647387212297097
45.0,implicit,0.5714285714285714,0.7857142857142857,0.34317747682559985
45.0,implicit,0.5714285714285714,0.8571428571428571,0.2269918802929837
45.0,implicit,0.5714285714285714,0.9285714285714285,0.11246619723357926
45.0,implicit,0.5714285714285714,1.0,0.08219025043752239
45.0,implicit,0.6428571428571428,0.0,0.08219025043752239
45.0,implicit,0.6428571428571428,0.07142857142857142,0.09754877818107675
45.0,implicit,0.6428571428571428,0.14285714285714285,0.19717088665757196
45.0,implicit,0.6428571428571428,0.21428571428571427,0.29850349903567114
45.0,implicit,0.6428571428571428,0.2857142857142857,0.39717362533238687
45.0,implicit,0.6428571428571428,0.3571428571428571,0.48925817347915845
45.0,implicit,0.6428571428571428,0.42857142857142855,0.5622832772793802
45.0,implicit,0.6428571428571428,0.5,0.5925941817964328
45.0,implicit,0.6428571428571428,0.5714285714285714,0.562283277279379
45.0,implicit,0.6428571428571428,0.6428571428571428,0.4892581734791591
45.0,implicit,0.6428571428571428,0.7142857142857142,0.39717362533238776
45.0,implicit,0.6428571428571428,0.7857142857142857,0.2985034990356711
45.0,implicit,0.6428571428571428,0.8571428571428571,0.19717088665757088
45.0,implicit,0.6428571428571428,0.9285714285714285,0.0975487781810764
45.0,implicit,0.6428571428571428,1.0,0.08219025043752239
45.0,implicit,0.7142857142857142,0.0,0.08219025043752239
45.0,implicit,0.7142857142857142,0.07142857142857142,0.07869684655525995
45.0,implicit,0.7142857142857142,0.14285714285714285,0.15951204149227186
45.0,implicit,0.7142857142857142,0.21428571428571427,0.24212479385411992
45.0,implicit,0.7142857142857142,0.2857142857142857,0.3223712028508584
45.0,implicit,0.7142857142857142,0.3571428571428571,0.3971736253323854
45.0,implicit,0.7142857142857142,0.42857142857142855,0.4564738721229678
45.0,implicit,0.7142857142857142,0.5,0.48108465373901943
45.0,implicit,0.7142857142857142,0.5714285714285714,0.45647387212296736
45.0,implicit,0.7142857142857142,0.6428571428571428,0.39717362533238476
45.0,implicit,0.7142857142857142,0.7142857142857142,0.3223712028508585
45.0,implicit,0.7142857142857142,0.7857142857142857,0.2421247938541199
45.0,implicit,0.7142857142857142,0.8571428571428571,0.1595120414922715
45.0,implicit,0.7142857142857142,0.9285714285714285,0.07869684655525981
45.0,implicit,0.7142857142857142,1.0,0.08219025043752239
45.0,implicit,0.7857142857142857,0.0,0.08219025043752239
45.0,implicit,0.7857142857142857,0.07142857142857142,0.05833838822235832
45.0,implicit,0.7857142857142857,0.14285714285714285,0.11893851153482927
45.0,implicit,0.7857142857142857,0.21428571428571427,0.1815335461461498
45.0,implicit,0.7857142857142857,0.2857142857142857,0.24212479385411934
45.0,implicit,0.7857142857142857,0.3571428571428571,0.29850349903567
45.0,implicit,0.7857142857142857,0.42857142857142855,0.34317747682559824
45.0,implicit,0.7857142857142857,0.5,0.3617159317694751
45.0,implicit,0.7857142857142857,0.5714285714285714,0.3431774768255973
45.0,implicit,0.7857142857142857,0.6428571428571428,0.29850349903566975
45.0,implicit,0.7857142857142857,0.7142857142857142,0.2421247938541193
45.0,implicit,0.7857142857142857,0.7857142857142857,0.18153354614614986
45.0,implicit,0.7857142857142857,0.8571428571428571,0.11893851153482923
45.0,implicit,0.7857142857142857,0.9285714285714285,0.05833838822235829
45.0,implicit,0.7857142857142857,1.0,0.08219025043752239
45.0,implicit,0.8571428571428571,0.0,0.08219025043752239
45.0,implicit,0.8571428571428571,0.07142857142857142,0.037284326031232155
45.0,implicit,0.8571428571428571,0.14285714285714285,0.07688441221367268
45.0,implicit,0.8571428571428571,0.21428571428571427,0.11893851153482901
45.0,implicit,0.8571428571428571,0.2857142857142857,0.15951204149227122
45.0,implicit,0.8571428571428571,0.3571428571428571,0.19717088665756943
45.0,implicit,0.8571428571428571,0.42857142857142855,0.22699188029298278
45.0,implicit,0.8571428571428571,0.5,0.23936512405700366
45.0,implicit,0.8571428571428571,0.5714285714285714,0.2269918802929822
45.0,implicit,0.8571428571428571,0.6428571428571428,0.1971708866575702
45.0,implicit,0.8571428571428571,0.7142857142857142,0.1595120414922714
45.0,implicit,0.8571428571428571,0.7857142857142857,0.11893851153482915
45.0,implicit,0.8571428571428571,0.8571428571428571,0.0768844122136727
45.0,implicit,0.8571428571428571,0.9285714285714285,0.03728432603123216
45.0,implicit,0.8571428571428571,1.0,0.08219025043752239
45.0,implicit,0.9285714285714285,0.0,0.08219025043752239
45.0,implicit,0.9285714285714285,0.07142857142857142,0.018913869406214655
45.0,implicit,0.9285714285714285,0.14285714285714285,0.037284326031232176
45.0,implicit,0.9285714285714285,0.21428571428571427,0.058338388222358054
45.0,implicit,0.9285714285714285,0.2857142857142857,0.07869684655525948
45.0,implicit,0.9285714285714285,0.3571428571428571,0.09754877818107657
45.0,implicit,0.9285714285714285,0.42857142857142855,0.11246619723357934
45.0,implicit,0.9285714285714285,0.5,0.11865477983084116
45.0,implicit,0.9285714285714285,0.5714285714285714,0.11246619723357916
45.0,implicit,0.9285714285714285,0.6428571428571428,0.09754877818107639
45.0,implicit,0.9285714285714285,0.7142857142857142,0.07869684655525944
45.0,implicit,0.9285714285714285,0.7857142857142857,0.058338388222358095
45.0,implicit,0.9285714285714285,0.8571428571428571,0.03728432603123219
45.0,implicit,0.9285714285714285,0.9285714285714285,0.01891386940621466
45.0,implicit,0.9285714285714285,1.0,0.08219025043752239
45.0,implicit,1.0,0.0,0.08219025043752239
45.0,implicit,1.0,0.07142857142857142,0.08219025043752239
45.0,implicit,1.0,0.14285714285714285,0.08219025043752239
45.0,implicit,1.0,0.21428571428571427,0.08219025043752239
45.0,implicit,1.0,0.2857142857142857,0.08219025043752239
45.0,implicit,1.0,0.3571428571428571,0.08219025043752239
45.0,implicit,1.0,0.42857142857142855,0.08219025043752239
45.0,implicit,1.0,0.5,0.08219025043752239
45.0,implicit,1.0,0.5714285714285714,0.08219025043752239
45.0,implicit,1.0,0.6428571428571428,0.08219025043752239
45.0,implicit,1.0,0.7142857142857142,0.08219025043752239
45.0,implicit,1.0,0.7857142857142857,0.08219025043752239
45.0,implicit,1.0,0.8571428571428571,0.08219025043752239
45.0,implicit,1.0,0.9285714285714285,0.08219025043752239
45.0,implicit,1.0,1.0,0.08219025043752239
46.0,implicit,0.0,0.0,-0.029900735046586746
46.0,implicit,0.0,0.07142857142857142,-0.029900735046586746
46.0,implicit,0.0,0.14285714285714285,-0.029900735046586746
46.0,implicit,0.0,0.21428571428571427,-0.029900735046586746
46.0,implicit,0.0,0.2857142857142857,-0.029900735046586746
46.0,implicit,0.0,0.3571428571428571,-0.029900735046586746
46.0,implicit,0.0,0.42857142857142855,-0.029900735046586746
46.0,implicit,0.0,0.5,-0.029900735046586746
46.0,implicit,0.0,0.5714285714285714,-0.029900735046586746
46.0,implicit,0.0,0.6428571428571428,-0.029900735046586746
46.0,implicit,0.0,0.7142857142857142,-0.029900735046586746
46.0,implicit,0.0,0.7857142857142857,-0.029900735046586746
46.0,implicit,0.0,0.8571428571428571,-0.029900735046586746
46.0,implicit,0.0,0.9285714285714285,-0.029900735046586746
46.0,implicit,0.0,1.0,-0.029900735046586746
46.0,implicit,0.07142857142857142,0.0,-0.029900735046586746
46.0,implicit,0.07142857142857142,0.07142857142857142,0.018324698847675583
46.0,implicit,0.07142857142857142,0.14285714285714285,0.03712574488049255
46.0,implicit,0.07142857142857142,0.21428571428571427,0.05809540908417347
46.0,implicit,0.07142857142857142,0.2857142857142857,0.07842585351867928
46.0,implicit,0.07142857142857142,0.3571428571428571,0.09720958249855591
46.0,implicit,0.07142857142857142,0.42857142857142855,0.11199724191303856
46.0,implicit,0.07142857142857142,0.5,0.11808910583432984
46.0,implicit,0.07142857142857142,0.5714285714285714,0.11199724191303818
46.0,implicit,0.07142857142857142,0.6428571428571428,0.09720958249855577
46.0,implicit,0.07142857142857142,0.7142857142857142,0.07842585351867921
46.0,implicit,0.07142857142857142,0.7857142857142857,0.05809540908417346
46.0,implicit,0.07142857142857142,0.8571428571428571,0.03712574488049256
46.0,implicit,0.07142857142857142,0.9285714285714285,0.018324698847675586
46.0,implicit,0.07142857142857142,1.0,-0.029900735046586746
46.0,implicit,0.14285714285714285,0.0,-0.029900735046586746
46.0,implicit,0.14285714285714285,0.07142857142857142,0.03712574488049256
46.0,implicit,0.14285714285714285,0.14285714285714285,0.07700943621122601
46.0,implicit,0.14285714285714285,0.21428571428571427,0.11894979578359524
46.0,implicit,0.14285714285714285,0.2857142857142857,0.15947525339893306
46.0,implicit,0.14285714285714285,0.3571428571428571,0.1969960703333376
46.0,implicit,0.14285714285714285,0.42857142857142855,0.22655631172269847
46.0,implicit,0.14285714285714285,0.5,0.23873572898832038
46.0,implicit,0.14285714285714285,0.5714285714285714,0.22655631172269794
46.0,implicit,0.14285714285714285,0.6428571428571428,0.19699607033333727
46.0,implicit,0.14285714285714285,0.7142857142857142,0.15947525339893287
46.0,implicit,0.14285714285714285,0.7857142857142857,0.11894979578359521
46.0,implicit,0.14285714285714285,0.8571428571428571,0.07700943621122601
46.0,implicit,0.14285714285714285,0.9285714285714285,0.03712574488049258
46.0,implicit,0.14285714285714285,1.0,-0.029900735046586746
46.0,implicit,0.21428571428571427,0.0,-0.029900735046586746
46.0,implicit,0.21428571428571427,0.07142857142857142,0.05809540908417319
46.0,implicit,0.21428571428571427,0.14285714285714285,0.11894979578359507
46.0,implicit,0.21428571428571427,0.21428571428571427,0.18142571843922395
46.0,implicit,0.21428571428571427,0.2857142857142857,0.2419422548594561
46.0,implicit,0.21428571428571427,0.3571428571428571,0.29810644284518384
46.0,implicit,0.21428571428571427,0.42857142857142855,0.34238460961101935
46.0,implicit,0.21428571428571427,0.5,0.36063072306084243
46.0,implicit,0.21428571428571427,0.5714285714285714,0.34238460961101824
46.0,implicit,0.21428571428571427,0.6428571428571428,0.2981064428451835
46.0,implicit,0.21428571428571427,0.7142857142857142,0.24194225485945606
46.0,implicit,0.21428571428571427,0.7857142857142857,0.18142571843922398
46.0,implicit,0.21428571428571427,0.8571428571428571,0.11894979578359506
46.0,implicit,0.21428571428571427,0.9285714285714285,0.05809540908417323
46.0,implicit,0.21428571428571427,1.0,-0.029900735046586746
46.0,implicit,0.2857142857142857,0.0,-0.029900735046586746
46.0,implicit,0.2857142857142857,0.07142857142857142,0.07842585351867878
46.0,implicit,0.2857142857142857,0.14285714285714285,0.15947525339893284
46.0,implicit,0.2857142857142857,0.21428571428571427,0.24194225485945556
46.0,implicit,0.2857142857142857,0.2857142857142857,0.3220653918071066
46.0,implicit,0.2857142857142857,0.3571428571428571,0.396559279437578
46.0,implicit,0.2857142857142857,0.42857142857142855,0.45531669155154086
46.0,implicit,0.2857142857142857,0.5,0.4795323943528179
46.0,implicit,0.2857142857142857,0.5714285714285714,0.45531669155154164
46.0,implicit,0.2857142857142857,0.6428571428571428,0.3965592794375785
46.0,implicit,0.2857142857142857,0.7142857142857142,0.3220653918071066
46.0,implicit,0.2857142857142857,0.7857142857142857,0.24194225485945553
46.0,implicit,0.2857142857142857,0.8571428571428571,0.15947525339893262
46.0,implicit,0.2857142857142857,0.9285714285714285,0.07842585351867876
46.0,implicit,0.2857142857142857,1.0,-0.029900735046586746
46.0,implicit,0.3571428571428571,0.0,-0.029900735046586746
46.0,implicit,0.3571428571428571,0.07142857142857142,0.09720958249855575
46.0,implicit,0.3571428571428571,0.14285714285714285,0.1969960703333364
46.0,implicit,0.3571428571428571,0.21428571428571427,0.2981064428451827
46.0,implicit,0.3571428571428571,0.2857142857142857,0.3965592794375752
46.0,implicit,0.3571428571428571,0.3571428571428571,0.488202893790961
46.0,implicit,0.3571428571428571,0.42857142857142855,0.5605125331717878
46.0,implicit,0.3571428571428571,0.5,0.5903175939002556
46.0,implicit,0.3571428571428571,0.5714285714285714,0.5605125331717894
46.0,implicit,0.3571428571428571,0.6428571428571428,0.48820289379096193
46.0,implicit,0.3571428571428571,0.7142857142857142,0.39655927943757496
46.0,implicit,0.3571428571428571,0.7857142857142857,0.2981064428451825
46.0,implicit,0.3571428571428571,0.8571428571428571,0.1969960703333359
46.0,implicit,0.3571428571428571,0.9285714285714285,0.09720958249855566
46.0,implicit,0.3571428571428571,1.0,-0.029900735046586746
46.0,implicit,0.42857142857142855,0.0,-0.029900735046586746
46.0,implicit,0.42857142857142855,0.07142857142857142,0.11199724191303863
46.0,implicit,0.42857142857142855,0.14285714285714285,0.22655631172269813
46.0,implicit,0.42857142857142855,0.21428571428571427,0.3423846096110183
46.0,implicit,0.42857142857142855,0.2857142857142857,0.4553166915515422
46.0,implicit,0.42857142857142855,0.3571428571428571,0.56051253317179
46.0,implicit,0.42857142857142855,0.42857142857142855,0.6435367755703391
46.0,implicit,0.42857142857142855,0.5,0.6777637342716416
46.0,implicit,0.42857142857142855,0.5714285714285714,0.643536775570335
46.0,implicit,0.42857142857142855,0.6428571428571428,0.5605125331717877
46.0,implicit,0.42857142857142855,0.7142857142857142,0.4553166915515405
46.0,implicit,0.42857142857142855,0.7857142857142857,0.34238460961101796
46.0,implicit,0.42857142857142855,0.8571428571428571,0.22655631172269808
46.0,implicit,0.42857142857142855,0.9285714285714285,0.11199724191303863
46.0,implicit,0.42857142857142855,1.0,-0.029900735046586746
46.0,implicit,0.5,0.0,-0.029900735046586746
46.0,implicit,0.5,0.07142857142857142,0.11808910583433008
46.0,implicit,0.5,0.14285714285714285,0.23873572898832113
46.0,implicit,0.5,0.21428571428571427,0.3606307230608453
46.0,implicit,0.5,0.2857142857142857,0.4795323943528203
46.0,implicit,0.5,0.3571428571428571,0.590317593900258
46.0,implicit,0.5,0.42857142857142855,0.6777637342716416
46.0,implicit,0.5,0.5,0.7138172574095899
46.0,implicit,0.5,0.5714285714285714,0.6777637342716417
46.0,implicit,0.5,0.6428571428571428,0.5903175939002538
46.0,implicit,0.5,0.7142857142857142,0.47953239435281736
46.0,implicit,0.5,0.7857142857142857,0.36063072306084487
46.0,implicit,0.5,0.8571428571428571,0.2387357289883211
46.0,implicit,0.5,0.9285714285714285,0.11808910583433009
46.0,implicit,0.5,1.0,-0.029900735046586746
46.0,implicit,0.5714285714285714,0.0,-0.029900735046586746
46.0,implicit,0.5714285714285714,0.07142857142857142,0.11199724191303852
46.0,implicit,0.5714285714285714,0.14285714285714285,0.22655631172269874
46.0,implicit,0.5714285714285714,0.21428571428571427,0.34238460961101996
46.0,implicit,0.5714285714285714,0.2857142857142857,0.4553166915515432
46.0,implicit,0.5714285714285714,0.3571428571428571,0.5605125331717917
46.0,implicit,0.5714285714285714,0.42857142857142855,0.6435367755703385
46.0,implicit,0.5714285714285714,0.5,0.677763734271644
46.0,implicit,0.5714285714285714,0.5714285714285714,0.6435367755703385
46.0,implicit,0.5714285714285714,0.6428571428571428,0.5605125331717895
46.0,implicit,0.5714285714285714,0.7142857142857142,0.4553166915515447
46.0,implicit,0.5714285714285714,0.7857142857142857,0.3423846096110195
46.0,implicit,0.5714285714285714,0.8571428571428571,0.22655631172269894
46.0,implicit,0.5714285714285714,0.9285714285714285,0.11199724191303848
46.0,implicit,0.5714285714285714,1.0,-0.029900735046586746
46.0,implicit,0.6428571428571428,0.0,-0.029900735046586746
46.0,implicit,0.6428571428571428,0.07142857142857142,0.09720958249855603
46.0,implicit,0.6428571428571428,0.14285714285714285,0.19699607033333882
46.0,implicit,0.6428571428571428,0.21428571428571427,0.29810644284518445
46.0,implicit,0.6428571428571428,0.2857142857142857,0.3965592794375793
46.0,implicit,0.6428571428571428,0.3571428571428571,0.4882028937909632
46.0,implicit,0.6428571428571428,0.42857142857142855,0.5605125331717913
46.0,implicit,0.6428571428571428,0.5,0.5903175939002555
46.0,implicit,0.6428571428571428,0.5714285714285714,0.5605125331717903
46.0,implicit,0.6428571428571428,0.6428571428571428,0.4882028937909639
46.0,implicit,0.6428571428571428,0.7142857142857142,0.3965592794375801
46.0,implicit,0.6428571428571428,0.7857142857142857,0.29810644284518434
46.0,implicit,0.6428571428571428,0.8571428571428571,0.1969960703333376
46.0,implicit,0.6428571428571428,0.9285714285714285,0.09720958249855571
46.0,implicit,0.6428571428571428,1.0,-0.029900735046586746
46.0,implicit,0.7142857142857142,0.0,-0.029900735046586746
46.0,implicit,0.7142857142857142,0.07142857142857142,0.07842585351867934
46.0,implicit,0.7142857142857142,0.14285714285714285,0.1594752533989334
46.0,implicit,0.7142857142857142,0.21428571428571427,0.24194225485945642
46.0,implicit,0.7142857142857142,0.2857142857142857,0.32206539180710736
46.0,implicit,0.7142857142857142,0.3571428571428571,0.39655927943757785
46.0,implicit,0.7142857142857142,0.42857142857142855,0.45531669155154153
46.0,implicit,0.7142857142857142,0.5,0.4795323943528191
46.0,implicit,0.7142857142857142,0.5714285714285714,0.45531669155154103
46.0,implicit,0.7142857142857142,0.6428571428571428,0.39655927943757724
46.0,implicit,0.7142857142857142,0.7142857142857142,0.3220653918071074
46.0,implicit,0.7142857142857142,0.7857142857142857,0.2419422548594564
46.0,implicit,0.7142857142857142,0.8571428571428571,0.15947525339893306
46.0,implicit,0.7142857142857142,0.9285714285714285,0.07842585351867921
46.0,implicit,0.7142857142857142,1.0,-0.029900735046586746
46.0,implicit,0.7857142857142857,0.0,-0.029900735046586746
46.0,implicit,0.7857142857142857,0.07142857142857142,0.0580954090841735
46.0,implicit,0.7857142857142857,0.14285714285714285,0.11894979578359537
46.0,implicit,0.7857142857142857,0.21428571428571427,0.1814257184392241
46.0,implicit,0.7857142857142857,0.2857142857142857,0.24194225485945578
46.0,implicit,0.7857142857142857,0.3571428571428571,0.29810644284518323
46.0,implicit,0.7857142857142857,0.42857142857142855,0.342384609611018
46.0,implicit,0.7857142857142857,0.5,0.3606307230608432
46.0,implicit,0.7857142857142857,0.5714285714285714,0.3423846096110172
46.0,implicit,0.7857142857142857,0.6428571428571428,0.29810644284518306
46.0,implicit,0.7857142857142857,0.7142857142857142,0.24194225485945575
46.0,implicit,0.7857142857142857,0.7857142857142857,0.18142571843922414
46.0,implicit,0.7857142857142857,0.8571428571428571,0.11894979578359534
46.0,implicit,0.7857142857142857,0.9285714285714285,0.058095409084173474
46.0,implicit,0.7857142857142857,1.0,-0.029900735046586746
46.0,implicit,0.8571428571428571,0.0,-0.029900735046586746
46.0,implicit,0.8571428571428571,0.07142857142857142,0.03712574488049257
46.0,implicit,0.8571428571428571,0.14285714285714285,0.07700943621122609
46.0,implicit,0.8571428571428571,0.21428571428571427,0.11894979578359512
46.0,implicit,0.8571428571428571,0.2857142857142857,0.1594752533989328
46.0,implicit,0.8571428571428571,0.3571428571428571,0.19699607033333616
46.0,implicit,0.8571428571428571,0.42857142857142855,0.22655631172269802
46.0,implicit,0.8571428571428571,0.5,0.23873572898832052
46.0,implicit,0.8571428571428571,0.5714285714285714,0.2265563117226974
46.0,implicit,0.8571428571428571,0.6428571428571428,0.19699607033333694
46.0,implicit,0.8571428571428571,0.7142857142857142,0.15947525339893298
46.0,implicit,0.8571428571428571,0.7857142857142857,0.11894979578359524
46.0,implicit,0.8571428571428571,0.8571428571428571,0.07700943621122612
46.0,implicit,0.8571428571428571,0.9285714285714285,0.03712574488049258
46.0,implicit,0.8571428571428571,1.0,-0.029900735046586746
46.0,implicit,0.9285714285714285,0.0,-0.029900735046586746
46.0,implicit,0.9285714285714285,0.07142857142857142,0.018324698847675593
46.0,implicit,0.9285714285714285,0.14285714285714285,0.03712574488049259
46.0,implicit,0.9285714285714285,0.21428571428571427,0.05809540908417324
46.0,implicit,0.9285714285714285,0.2857142857142857,0.0784258535186789
46.0,implicit,0.9285714285714285,0.3571428571428571,0.09720958249855588
46.0,implicit,0.9285714285714285,0.42857142857142855,0.11199724191303861
46.0,implicit,0.9285714285714285,0.5,0.11808910583432997
46.0,implicit,0.9285714285714285,0.5714285714285714,0.11199724191303838
46.0,implicit,0.9285714285714285,0.6428571428571428,0.0972095824985557
46.0,implicit,0.9285714285714285,0.7142857142857142,0.07842585351867885
46.0,implicit,0.9285714285714285,0.7857142857142857,0.05809540908417328
46.0,implicit,0.9285714285714285,0.8571428571428571,0.037125744880492605
46.0,implicit,0.9285714285714285,0.9285714285714285,0.018324698847675597
46.0,implicit,0.9285714285714285,1.0,-0.029900735046586746
46.0,implicit,1.0,0.0,-0.029900735046586746
46.0,implicit,1.0,0.07142857142857142,-0.029900735046586746
46.0,implicit,1.0,0.14285714285714285,-0.029900735046586746
46.0,implicit,1.0,0.21428571428571427,-0.029900735046586746
46.0,implicit,1.0,0.2857142857142857,-0.029900735046586746
46.0,implicit,1.0,0.3571428571428571,-0.029900735046586746
46.0,implicit,1.0,0.42857142857142855,-0.029900735046586746
46.0,implicit,1.0,0.5,-0.029900735046586746
46.0,implicit,1.0,0.5714285714285714,-0.029900735046586746
46.0,implicit,1.0,0.6428571428571428,-0.029900735046586746
46.0,implicit,1.0,0.7142857142857142,-0.029900735046586746
46.0,implicit,1.0,0.7857142857142857,-0.029900735046586746
46.0,implicit,1.0,0.8571428571428571,-0.029900735046586746
46.0,implicit,1.0,0.9285714285714285,-0.029900735046586746
46.0,implicit,1.0,1.0,-0.029900735046586746
47.0,implicit,0.0,0.0,0.00917607765355023
47.0,implicit,0.0,0.07142857142857142,0.00917607765355023
47.0,implicit,0.0,0.14285714285714285,0.00917607765355023
47.0,implicit,0.0,0.21428571428571427,0.00917607765355023
47.0,implicit,0.0,0.2857142857142857,0.00917607765355023
47.0,implicit,0.0,0.3571428571428571,0.00917607765355023
47.0,implicit,0.0,0.42857142857142855,0.00917607765355023
47.0,implicit,0.0,0.5,0.00917607765355023
47.0,implicit,0.0,0.5714285714285714,0.00917607765355023
47.0,implicit,0.0,0.6428571428571428,0.00917607765355023
47.0,implicit,0.0,0.7142857142857142,0.00917607765355023
47.0,implicit,0.0,0.7857142857142857,0.00917607765355023
47.0,implicit,0.0,0.8571428571428571,0.00917607765355023
47.0,implicit,0.0,0.9285714285714285,0.00917607765355023
47.0,implicit,0.0,1.0,0.00917607765355023
47.0,implicit,0.07142857142857142,0.0,0.00917607765355023
47.0,implicit,0.07142857142857142,0.07142857142857142,0.018580229853749946
47.0,implicit,0.07142857142857142,0.14285714285714285,0.037314864296795466
47.0,implicit,0.07142857142857142,0.21428571428571427,0.05824633440108647
47.0,implicit,0.07142857142857142,0.2857142857142857,0.07856196556585804
47.0,implicit,0.07142857142857142,0.3571428571428571,0.0973113676288833
47.0,implicit,0.07142857142857142,0.42857142857142855,0.11203509726745396
47.0,implicit,0.07142857142857142,0.5,0.11808018413511255
47.0,implicit,0.07142857142857142,0.5714285714285714,0.11203509726745359
47.0,implicit,0.07142857142857142,0.6428571428571428,0.09731136762888316
47.0,implicit,0.07142857142857142,0.7142857142857142,0.07856196556585798
47.0,implicit,0.07142857142857142,0.7857142857142857,0.058246334401086466
47.0,implicit,0.07142857142857142,0.8571428571428571,0.03731486429679548
47.0,implicit,0.07142857142857142,0.9285714285714285,0.01858022985374995
47.0,implicit,0.07142857142857142,1.0,0.00917607765355023
47.0,implicit,0.14285714285714285,0.0,0.00917607765355023
47.0,implicit,0.14285714285714285,0.07142857142857142,0.03731486429679547
47.0,implicit,0.14285714285714285,0.14285714285714285,0.0770678621861768
47.0,implicit,0.14285714285714285,0.21428571428571427,0.11895423140365716
47.0,implicit,0.14285714285714285,0.2857142857142857,0.1594540977565375
47.0,implicit,0.14285714285714285,0.3571428571428571,0.19690551291865044
47.0,implicit,0.14285714285714285,0.42857142857142855,0.22633726731492831
47.0,implicit,0.14285714285714285,0.5,0.23842292888941427
47.0,implicit,0.14285714285714285,0.5714285714285714,0.22633726731492784
47.0,implicit,0.14285714285714285,0.6428571428571428,0.19690551291865002
47.0,implicit,0.14285714285714285,0.7142857142857142,0.15945409775653727
47.0,implicit,0.14285714285714285,0.7857142857142857,0.11895423140365713
47.0,implicit,0.14285714285714285,0.8571428571428571,0.0770678621861768
47.0,implicit,0.14285714285714285,0.9285714285714285,0.03731486429679549
47.0,implicit,0.14285714285714285,1.0,0.00917607765355023
47.0,implicit,0.21428571428571427,0.0,0.00917607765355023
47.0,implicit,0.21428571428571427,0.07142857142857142,0.05824633440108619
47.0,implicit,0.21428571428571427,0.14285714285714285,0.11895423140365698
47.0,implicit,0.21428571428571427,0.21428571428571427,0.18137255653421988
47.0,implicit,0.21428571428571427,0.2857142857142857,0.24184972306232397
47.0,implicit,0.21428571428571427,0.3571428571428571,0.2979060757308798
47.0,implicit,0.21428571428571427,0.42857142857142855,0.3419891155925406
47.0,implicit,0.21428571428571427,0.5,0.3600937746472364
47.0,implicit,0.21428571428571427,0.5714285714285714,0.34198911559253947
47.0,implicit,0.21428571428571427,0.6428571428571428,0.29790607573087946
47.0,implicit,0.21428571428571427,0.7142857142857142,0.2418497230623239
47.0,implicit,0.21428571428571427,0.7857142857142857,0.1813725565342199
47.0,implicit,0.21428571428571427,0.8571428571428571,0.11895423140365698
47.0,implicit,0.21428571428571427,0.9285714285714285,0.05824633440108623
47.0,implicit,0.21428571428571427,1.0,0.00917607765355023
47.0,implicit,0.2857142857142857,0.0,0.00917607765355023
47.0,implicit,0.2857142857142857,0.07142857142857142,0.07856196556585755
47.0,implicit,0.2857142857142857,0.14285714285714285,0.15945409775653724
47.0,implicit,0.2857142857142857,0.21428571428571427,0.24184972306232339
47.0,implicit,0.2857142857142857,0.2857142857142857,0.3219087334263266
47.0,implicit,0.2857142857142857,0.3571428571428571,0.3962475055205554
47.0,implicit,0.2857142857142857,0.42857142857142855,0.45473713603043037
47.0,implicit,0.2857142857142857,0.5,0.47876157273980813
47.0,implicit,0.2857142857142857,0.5714285714285714,0.4547371360304312
47.0,implicit,0.2857142857142857,0.6428571428571428,0.3962475055205558
47.0,implicit,0.2857142857142857,0.7142857142857142,0.3219087334263266
47.0,implicit,0.2857142857142857,0.7857142857142857,0.24184972306232336
47.0,implicit,0.2857142857142857,0.8571428571428571,0.15945409775653704
47.0,implicit,0.2857142857142857,0.9285714285714285,0.07856196556585752
47.0,implicit,0.2857142857142857,1.0,0.00917607765355023
47.0,implicit,0.3571428571428571,0.0,0.00917607765355023
47.0,implicit,0.3571428571428571,0.07142857142857142,0.09731136762888315
47.0,implicit,0.3571428571428571,0.14285714285714285,0.19690551291864922
47.0,implicit,0.3571428571428571,0.21428571428571427,0.2979060757308787
47.0,implicit,0.3571428571428571,0.2857142857142857,0.3962475055205525
47.0,implicit,0.3571428571428571,0.3571428571428571,0.4876697949451397
47.0,implicit,0.3571428571428571,0.42857142857142855,0.5596264649482996
47.0,implicit,0.3571428571428571,0.5,0.5891865442098885
47.0,implicit,0.3571428571428571,0.5714285714285714,0.5596264649483011
47.0,implicit,0.3571428571428571,0.6428571428571428,0.48766979494514057
47.0,implicit,0.3571428571428571,0.7142857142857142,0.3962475055205522
47.0,implicit,0.3571428571428571,0.7857142857142857,0.2979060757308785
47.0,implicit,0.3571428571428571,0.8571428571428571,0.19690551291864875
47.0,implicit,0.3571428571428571,0.9285714285714285,0.09731136762888305
47.0,implicit,0.3571428571428571,1.0,0.00917607765355023
47.0,implicit,0.42857142857142855,0.0,0.00917607765355023
47.0,implicit,0.42857142857142855,0.07142857142857142,0.11203509726745402
47.0,implicit,0.42857142857142855,0.14285714285714285,0.22633726731492798
47.0,implicit,0.42857142857142855,0.21428571428571427,0.34198911559253947
47.0,implicit,0.42857142857142855,0.2857142857142857,0.4547371360304317
47.0,implicit,0.42857142857142855,0.3571428571428571,0.5596264649483021
47.0,implicit,0.42857142857142855,0.42857142857142855,0.6422044342715816
47.0,implicit,0.42857142857142855,0.5,0.6761331730359266
47.0,implicit,0.42857142857142855,0.5714285714285714,0.6422044342715774
47.0,implicit,0.42857142857142855,0.6428571428571428,0.5596264649482997
47.0,implicit,0.42857142857142855,0.7142857142857142,0.45473713603043003
47.0,implicit,0.42857142857142855,0.7857142857142857,0.34198911559253914
47.0,implicit,0.42857142857142855,0.8571428571428571,0.22633726731492793
47.0,implicit,0.42857142857142855,0.9285714285714285,0.11203509726745402
47.0,implicit,0.42857142857142855,1.0,0.00917607765355023
47.0,implicit,0.5,0.0,0.00917607765355023
47.0,implicit,0.5,0.07142857142857142,0.1180801841351128
47.0,implicit,0.5,0.14285714285714285,0.23842292888941502
47.0,implicit,0.5,0.21428571428571427,0.36009377464723935
47.0,implicit,0.5,0.2857142857142857,0.47876157273981057
47.0,implicit,0.5,0.3571428571428571,0.5891865442098908
47.0,implicit,0.5,0.42857142857142855,0.6761331730359262
47.0,implicit,0.5,0.5,0.7118603588287385
47.0,implicit,0.5,0.5714285714285714,0.6761331730359267
47.0,implicit,0.5,0.6428571428571428,0.5891865442098865
47.0,implicit,0.5,0.7142857142857142,0.4787615727398077
47.0,implicit,0.5,0.7857142857142857,0.36009377464723885
47.0,implicit,0.5,0.8571428571428571,0.238422928889415
47.0,implicit,0.5,0.9285714285714285,0.11808018413511281
47.0,implicit,0.5,1.0,0.00917607765355023
47.0,implicit,0.5714285714285714,0.0,0.00917607765355023
47.0,implicit,0.5714285714285714,0.07142857142857142,0.11203509726745389
47.0,implicit,0.5714285714285714,0.14285714285714285,0.22633726731492854
47.0,implicit,0.5714285714285714,0.21428571428571427,0.34198911559254125
47.0,implicit,0.5714285714285714,0.2857142857142857,0.4547371360304328
47.0,implicit,0.5714285714285714,0.3571428571428571,0.5596264649483037
47.0,implicit,0.5714285714285714,0.42857142857142855,0.642204434271581
47.0,implicit,0.5714285714285714,0.5,0.6761331730359292
47.0,implicit,0.5714285714285714,0.5714285714285714,0.642204434271581
47.0,implicit,0.5714285714285714,0.6428571428571428,0.5596264649483016
47.0,implicit,0.5714285714285714,0.7142857142857142,0.4547371360304342
47.0,implicit,0.5714285714285714,0.7857142857142857,0.34198911559254075
47.0,implicit,0.5714285714285714,0.8571428571428571,0.22633726731492873
47.0,implicit,0.5714285714285714,0.9285714285714285,0.11203509726745386
47.0,implicit,0.5714285714285714,1.0,0.00917607765355023
47.0,implicit,0.6428571428571428,0.0,0.00917607765355023
47.0,implicit,0.6428571428571428,0.07142857142857142,0.09731136762888341
47.0,implicit,0.6428571428571428,0.14285714285714285,0.19690551291865163
47.0,implicit,0.6428571428571428,0.21428571428571427,0.2979060757308804
47.0,implicit,0.6428571428571428,0.2857142857142857,0.3962475055205567
47.0,implicit,0.6428571428571428,0.3571428571428571,0.4876697949451418
47.0,implicit,0.6428571428571428,0.42857142857142855,0.559626464948303
47.0,implicit,0.6428571428571428,0.5,0.5891865442098881
47.0,implicit,0.6428571428571428,0.5714285714285714,0.5596264649483023
47.0,implicit,0.6428571428571428,0.6428571428571428,0.48766979494514257
47.0,implicit,0.6428571428571428,0.7142857142857142,0.39624750552055743
47.0,implicit,0.6428571428571428,0.7857142857142857,0.29790607573088024
47.0,implicit,0.6428571428571428,0.8571428571428571,0.19690551291865038
47.0,implicit,0.6428571428571428,0.9285714285714285,0.09731136762888311
47.0,implicit,0.6428571428571428,1.0,0.00917607765355023
47.0,implicit,0.7142857142857142,0.0,0.00917607765355023
47.0,implicit,0.7142857142857142,0.07142857142857142,0.0785619655658581
47.0,implicit,0.7142857142857142,0.14285714285714285,0.1594540977565378
47.0,implicit,0.7142857142857142,0.21428571428571427,0.24184972306232433
47.0,implicit,0.7142857142857142,0.2857142857142857,0.32190873342632736
47.0,implicit,0.7142857142857142,0.3571428571428571,0.39624750552055515
47.0,implicit,0.7142857142857142,0.42857142857142855,0.45473713603043114
47.0,implicit,0.7142857142857142,0.5,0.47876157273980935
47.0,implicit,0.7142857142857142,0.5714285714285714,0.4547371360304306
47.0,implicit,0.7142857142857142,0.6428571428571428,0.3962475055205546
47.0,implicit,0.7142857142857142,0.7142857142857142,0.3219087334263275
47.0,implicit,0.7142857142857142,0.7857142857142857,0.2418497230623243
47.0,implicit,0.7142857142857142,0.8571428571428571,0.1594540977565375
47.0,implicit,0.7142857142857142,0.9285714285714285,0.07856196556585798
47.0,implicit,0.7142857142857142,1.0,0.00917607765355023
47.0,implicit,0.7857142857142857,0.0,0.00917607765355023
47.0,implicit,0.7857142857142857,0.07142857142857142,0.05824633440108651
47.0,implicit,0.7857142857142857,0.14285714285714285,0.1189542314036573
47.0,implicit,0.7857142857142857,0.21428571428571427,0.18137255653422002
47.0,implicit,0.7857142857142857,0.2857142857142857,0.24184972306232363
47.0,implicit,0.7857142857142857,0.3571428571428571,0.2979060757308792
47.0,implicit,0.7857142857142857,0.42857142857142855,0.34198911559253925
47.0,implicit,0.7857142857142857,0.5,0.3600937746472372
47.0,implicit,0.7857142857142857,0.5714285714285714,0.3419891155925383
47.0,implicit,0.7857142857142857,0.6428571428571428,0.297906075730879
47.0,implicit,0.7857142857142857,0.7142857142857142,0.2418497230623236
47.0,implicit,0.7857142857142857,0.7857142857142857,0.18137255653422008
47.0,implicit,0.7857142857142857,0.8571428571428571,0.11895423140365725
47.0,implicit,0.7857142857142857,0.9285714285714285,0.05824633440108648
47.0,implicit,0.7857142857142857,1.0,0.00917607765355023
47.0,implicit,0.8571428571428571,0.0,0.00917607765355023
47.0,implicit,0.8571428571428571,0.07142857142857142,0.03731486429679549
47.0,implicit,0.8571428571428571,0.14285714285714285,0.07706786218617688
47.0,implicit,0.8571428571428571,0.21428571428571427,0.11895423140365703
47.0,implicit,0.8571428571428571,0.2857142857142857,0.15945409775653718
47.0,implicit,0.8571428571428571,0.3571428571428571,0.196905512918649
47.0,implicit,0.8571428571428571,0.42857142857142855,0.2263372673149279
47.0,implicit,0.8571428571428571,0.5,0.2384229288894144
47.0,implicit,0.8571428571428571,0.5714285714285714,0.22633726731492726
47.0,implicit,0.8571428571428571,0.6428571428571428,0.1969055129186497
47.0,implicit,0.8571428571428571,0.7142857142857142,0.1594540977565374
47.0,implicit,0.8571428571428571,0.7857142857142857,0.11895423140365714
47.0,implicit,0.8571428571428571,0.8571428571428571,0.0770678621861769
47.0,implicit,0.8571428571428571,0.9285714285714285,0.03731486429679549
47.0,implicit,0.8571428571428571,1.0,0.00917607765355023
47.0,implicit,0.9285714285714285,0.0,0.00917607765355023
47.0,implicit,0.9285714285714285,0.07142857142857142,0.018580229853749953
47.0,implicit,0.9285714285714285,0.14285714285714285,0.037314864296795494
47.0,implicit,0.9285714285714285,0.21428571428571427,0.05824633440108624
47.0,implicit,0.9285714285714285,0.2857142857142857,0.07856196556585765
47.0,implicit,0.9285714285714285,0.3571428571428571,0.09731136762888327
47.0,implicit,0.9285714285714285,0.42857142857142855,0.112035097267454
47.0,implicit,0.9285714285714285,0.5,0.11808018413511269
47.0,implicit,0.9285714285714285,0.5714285714285714,0.1120350972674538
47.0,implicit,0.9285714285714285,0.6428571428571428,0.0973113676288831
47.0,implicit,0.9285714285714285,0.7142857142857142,0.07856196556585761
47.0,implicit,0.9285714285714285,0.7857142857142857,0.05824633440108628
47.0,implicit,0.9285714285714285,0.8571428571428571,0.037314864296795515
47.0,implicit,0.9285714285714285,0.9285714285714285,0.018580229853749956
47.0,implicit,0.9285714285714285,1.0,0.00917607765355023
47.0,implicit,1.0,0.0,0.00917607765355023
47.0,implicit,1.0,0.07142857142857142,0.00917607765355023
47.0,implicit,1.0,0.14285714285714285,0.00917607765355023
47.0,implicit,1.0,0.21428571428571427,0.00917607765355023
47.0,implicit,1.0,0.2857142857142857,0.00917607765355023
47.0,implicit,1.0,0.3571428571428571,0.00917607765355023
47.0,implicit,1.0,0.42857142857142855,0.00917607765355023
47.0,implicit,1.0,0.5,0.00917607765355023
47.0,implicit,1.0,0.5714285714285714,0.00917607765355023
47.0,implicit,1.0,0.6428571428571428,0.00917607765355023
47.0,implicit,1.0,0.7142857142857142,0.00917607765355023
47.0,implicit,1.0,0.7857142857142857,0.00917607765355023
47.0,implicit,1.0,0.8571428571428571,0.00917607765355023
47.0,implicit,1.0,0.9285714285714285,0.00917607765355023
47.0,implicit,1.0,1.0,0.00917607765355023
48.0,implicit,0.0,0.0,-0.021967188783751194
48.0,implicit,0.0,0.07142857142857142,-0.021967188783751194
48.0,implicit,0.0,0.14285714285714285,-0.021967188783751194
48.0,implicit,0.0,0.21428571428571427,-0.021967188783751194
48.0,implicit,0.0,0.2857142857142857,-0.021967188783751194
48.0,implicit,0.0,0.3571428571428571,-0.021967188783751194
48.0,implicit,0.0,0.42857142857142855,-0.021967188783751194
48.0,implicit,0.0,0.5,-0.021967188783751194
48.0,implicit,0.0,0.5714285714285714,-0.021967188783751194
48.0,implicit,0.0,0.6428571428571428,-0.021967188783751194
48.0,implicit,0.0,0.7142857142857142,-0.021967188783751194
48.0,implicit,0.0,0.7857142857142857,-0.021967188783751194
48.0,implicit,0.0,0.8571428571428571,-0.021967188783751194
48.0,implicit,0.0,0.9285714285714285,-0.021967188783751194
48.0,implicit,0.0,1.0,-0.021967188783751194
48.0,implicit,0.07142857142857142,0.0,-0.021967188783751194
48.0,implicit,0.07142857142857142,0.07142857142857142,0.012987241639332719
48.0,implicit,0.07142857142857142,0.14285714285714285,0.03449409936472793
48.0,implicit,0.07142857142857142,0.21428571428571427,0.055421826405053415
48.0,implicit,0.07142857142857142,0.2857142857142857,0.07570768884101624
48.0,implicit,0.07142857142857142,0.3571428571428571,0.09438803979137486
48.0,implicit,0.07142857142857142,0.42857142857142855,0.10898578358744185
48.0,implicit,0.07142857142857142,0.5,0.11494031589277742
48.0,implicit,0.07142857142857142,0.5714285714285714,0.10898578358744149
48.0,implicit,0.07142857142857142,0.6428571428571428,0.0943880397913747
48.0,implicit,0.07142857142857142,0.7142857142857142,0.07570768884101617
48.0,implicit,0.07142857142857142,0.7857142857142857,0.0554218264050534
48.0,implicit,0.07142857142857142,0.8571428571428571,0.03449409936472794
48.0,implicit,0.07142857142857142,0.9285714285714285,0.012987241639332722
48.0,implicit,0.07142857142857142,1.0,-0.021967188783751194
48.0,implicit,0.14285714285714285,0.0,-0.021967188783751194
48.0,implicit,0.14285714285714285,0.07142857142857142,0.03449409936472793
48.0,implicit,0.14285714285714285,0.14285714285714285,0.07703550001901117
48.0,implicit,0.14285714285714285,0.21428571428571427,0.11888855199353958
48.0,implicit,0.14285714285714285,0.2857142857142857,0.15933571309662942
48.0,implicit,0.14285714285714285,0.3571428571428571,0.19664762427804183
48.0,implicit,0.14285714285714285,0.42857142857142855,0.2258261319051834
48.0,implicit,0.14285714285714285,0.5,0.23773026753330762
48.0,implicit,0.14285714285714285,0.5714285714285714,0.22582613190518294
48.0,implicit,0.14285714285714285,0.6428571428571428,0.19664762427804144
48.0,implicit,0.14285714285714285,0.7142857142857142,0.15933571309662922
48.0,implicit,0.14285714285714285,0.7857142857142857,0.11888855199353952
48.0,implicit,0.14285714285714285,0.8571428571428571,0.07703550001901117
48.0,implicit,0.14285714285714285,0.9285714285714285,0.03449409936472794
48.0,implicit,0.14285714285714285,1.0,-0.021967188783751194
48.0,implicit,0.21428571428571427,0.0,-0.021967188783751194
48.0,implicit,0.21428571428571427,0.07142857142857142,0.05542182640505313
48.0,implicit,0.21428571428571427,0.14285714285714285,0.11888855199353937
48.0,implicit,0.21428571428571427,0.21428571428571427,0.18126467079807426
48.0,implicit,0.21428571428571427,0.2857142857142857,0.24166064083248157
48.0,implicit,0.21428571428571427,0.3571428571428571,0.2975002770366117
48.0,implicit,0.21428571428571427,0.42857142857142855,0.3411985498037116
48.0,implicit,0.21428571428571427,0.5,0.3590292395827556
48.0,implicit,0.21428571428571427,0.5714285714285714,0.3411985498037106
48.0,implicit,0.21428571428571427,0.6428571428571428,0.29750027703661136
48.0,implicit,0.21428571428571427,0.7142857142857142,0.24166064083248143
48.0,implicit,0.21428571428571427,0.7857142857142857,0.1812646707980743
48.0,implicit,0.21428571428571427,0.8571428571428571,0.11888855199353937
48.0,implicit,0.21428571428571427,0.9285714285714285,0.05542182640505317
48.0,implicit,0.21428571428571427,1.0,-0.021967188783751194
48.0,implicit,0.2857142857142857,0.0,-0.021967188783751194
48.0,implicit,0.2857142857142857,0.07142857142857142,0.07570768884101574
48.0,implicit,0.2857142857142857,0.14285714285714285,0.15933571309662917
48.0,implicit,0.2857142857142857,0.21428571428571427,0.24166064083248087
48.0,implicit,0.2857142857142857,0.2857142857142857,0.32158800894737544
48.0,implicit,0.2857142857142857,0.3571428571428571,0.3956150173384595
48.0,implicit,0.2857142857142857,0.42857142857142855,0.4535762780551157
48.0,implicit,0.2857142857142857,0.5,0.47723007563081554
48.0,implicit,0.2857142857142857,0.5714285714285714,0.4535762780551165
48.0,implicit,0.2857142857142857,0.6428571428571428,0.39561501733846
48.0,implicit,0.2857142857142857,0.7142857142857142,0.32158800894737544
48.0,implicit,0.2857142857142857,0.7857142857142857,0.24166064083248082
48.0,implicit,0.2857142857142857,0.8571428571428571,0.15933571309662897
48.0,implicit,0.2857142857142857,0.9285714285714285,0.0757076888410157
48.0,implicit,0.2857142857142857,1.0,-0.021967188783751194
48.0,implicit,0.3571428571428571,0.0,-0.021967188783751194
48.0,implicit,0.3571428571428571,0.07142857142857142,0.09438803979137463
48.0,implicit,0.3571428571428571,0.14285714285714285,0.1966476242780406
48.0,implicit,0.3571428571428571,0.21428571428571427,0.29750027703661064
48.0,implicit,0.3571428571428571,0.2857142857142857,0.3956150173384567
48.0,implicit,0.3571428571428571,0.3571428571428571,0.4865931807038413
48.0,implicit,0.3571428571428571,0.42857142857142855,0.5578533561765093
48.0,implicit,0.3571428571428571,0.5,0.5869385364974443
48.0,implicit,0.3571428571428571,0.5714285714285714,0.5578533561765106
48.0,implicit,0.3571428571428571,0.6428571428571428,0.48659318070384217
48.0,implicit,0.3571428571428571,0.7142857142857142,0.3956150173384565
48.0,implicit,0.3571428571428571,0.7857142857142857,0.29750027703661036
48.0,implicit,0.3571428571428571,0.8571428571428571,0.1966476242780401
48.0,implicit,0.3571428571428571,0.9285714285714285,0.09438803979137457
48.0,implicit,0.3571428571428571,1.0,-0.021967188783751194
48.0,implicit,0.42857142857142855,0.0,-0.021967188783751194
48.0,implicit,0.42857142857142855,0.07142857142857142,0.10898578358744193
48.0,implicit,0.42857142857142855,0.14285714285714285,0.2258261319051831
48.0,implicit,0.42857142857142855,0.21428571428571427,0.34119854980371067
48.0,implicit,0.42857142857142855,0.2857142857142857,0.45357627805511697
48.0,implicit,0.42857142857142855,0.3571428571428571,0.557853356176512
48.0,implicit,0.42857142857142855,0.42857142857142855,0.6395521113680493
48.0,implicit,0.42857142857142855,0.5,0.6729030600846229
48.0,implicit,0.42857142857142855,0.5714285714285714,0.6395521113680454
48.0,implicit,0.42857142857142855,0.6428571428571428,0.5578533561765097
48.0,implicit,0.42857142857142855,0.7142857142857142,0.4535762780551153
48.0,implicit,0.42857142857142855,0.7857142857142857,0.34119854980371045
48.0,implicit,0.42857142857142855,0.8571428571428571,0.22582613190518303
48.0,implicit,0.42857142857142855,0.9285714285714285,0.10898578358744193
48.0,implicit,0.42857142857142855,1.0,-0.021967188783751194
48.0,implicit,0.5,0.0,-0.021967188783751194
48.0,implicit,0.5,0.07142857142857142,0.11494031589277769
48.0,implicit,0.5,0.14285714285714285,0.23773026753330834
48.0,implicit,0.5,0.21428571428571427,0.3590292395827585
48.0,implicit,0.5,0.2857142857142857,0.47723007563081793
48.0,implicit,0.5,0.3571428571428571,0.5869385364974465
48.0,implicit,0.5,0.42857142857142855,0.672903060084623
48.0,implicit,0.5,0.5,0.707998642452794
48.0,implicit,0.5,0.5714285714285714,0.6729030600846231
48.0,implicit,0.5,0.6428571428571428,0.5869385364974424
48.0,implicit,0.5,0.7142857142857142,0.4772300756308147
48.0,implicit,0.5,0.7857142857142857,0.359029239582758
48.0,implicit,0.5,0.8571428571428571,0.23773026753330834
48.0,implicit,0.5,0.9285714285714285,0.1149403158927777
48.0,implicit,0.5,1.0,-0.021967188783751194
48.0,implicit,0.5714285714285714,0.0,-0.021967188783751194
48.0,implicit,0.5714285714285714,0.07142857142857142,0.10898578358744179
48.0,implicit,0.5714285714285714,0.14285714285714285,0.22582613190518358
48.0,implicit,0.5714285714285714,0.21428571428571427,0.34119854980371256
48.0,implicit,0.5714285714285714,0.2857142857142857,0.45357627805511813
48.0,implicit,0.5714285714285714,0.3571428571428571,0.5578533561765135
48.0,implicit,0.5714285714285714,0.42857142857142855,0.6395521113680488
48.0,implicit,0.5714285714285714,0.5,0.6729030600846254
48.0,implicit,0.5714285714285714,0.5714285714285714,0.6395521113680486
48.0,implicit,0.5714285714285714,0.6428571428571428,0.5578533561765116
48.0,implicit,0.5714285714285714,0.7142857142857142,0.4535762780551195
48.0,implicit,0.5714285714285714,0.7857142857142857,0.341198549803712
48.0,implicit,0.5714285714285714,0.8571428571428571,0.22582613190518377
48.0,implicit,0.5714285714285714,0.9285714285714285,0.10898578358744176
48.0,implicit,0.5714285714285714,1.0,-0.021967188783751194
48.0,implicit,0.6428571428571428,0.0,-0.021967188783751194
48.0,implicit,0.6428571428571428,0.07142857142857142,0.09438803979137493
48.0,implicit,0.6428571428571428,0.14285714285714285,0.19664762427804308
48.0,implicit,0.6428571428571428,0.21428571428571427,0.29750027703661236
48.0,implicit,0.6428571428571428,0.2857142857142857,0.39561501733846083
48.0,implicit,0.6428571428571428,0.3571428571428571,0.4865931807038434
48.0,implicit,0.6428571428571428,0.42857142857142855,0.5578533561765133
48.0,implicit,0.6428571428571428,0.5,0.5869385364974441
48.0,implicit,0.6428571428571428,0.5714285714285714,0.5578533561765123
48.0,implicit,0.6428571428571428,0.6428571428571428,0.48659318070384405
48.0,implicit,0.6428571428571428,0.7142857142857142,0.3956150173384616
48.0,implicit,0.6428571428571428,0.7857142857142857,0.29750027703661214
48.0,implicit,0.6428571428571428,0.8571428571428571,0.19664762427804172
48.0,implicit,0.6428571428571428,0.9285714285714285,0.09438803979137463
48.0,implicit,0.6428571428571428,1.0,-0.021967188783751194
48.0,implicit,0.7142857142857142,0.0,-0.021967188783751194
48.0,implicit,0.7142857142857142,0.07142857142857142,0.0757076888410163
48.0,implicit,0.7142857142857142,0.14285714285714285,0.15933571309662972
48.0,implicit,0.7142857142857142,0.21428571428571427,0.2416606408324819
48.0,implicit,0.7142857142857142,0.2857142857142857,0.32158800894737627
48.0,implicit,0.7142857142857142,0.3571428571428571,0.39561501733845933
48.0,implicit,0.7142857142857142,0.42857142857142855,0.45357627805511663
48.0,implicit,0.7142857142857142,0.5,0.47723007563081654
48.0,implicit,0.7142857142857142,0.5714285714285714,0.45357627805511586
48.0,implicit,0.7142857142857142,0.6428571428571428,0.3956150173384587
48.0,implicit,0.7142857142857142,0.7142857142857142,0.32158800894737644
48.0,implicit,0.7142857142857142,0.7857142857142857,0.24166064083248187
48.0,implicit,0.7142857142857142,0.8571428571428571,0.15933571309662942
48.0,implicit,0.7142857142857142,0.9285714285714285,0.07570768884101617
48.0,implicit,0.7142857142857142,1.0,-0.021967188783751194
48.0,implicit,0.7857142857142857,0.0,-0.021967188783751194
48.0,implicit,0.7857142857142857,0.07142857142857142,0.05542182640505344
48.0,implicit,0.7857142857142857,0.14285714285714285,0.1188885519935397
48.0,implicit,0.7857142857142857,0.21428571428571427,0.18126467079807443
48.0,implicit,0.7857142857142857,0.2857142857142857,0.2416606408324811
48.0,implicit,0.7857142857142857,0.3571428571428571,0.297500277036611
48.0,implicit,0.7857142857142857,0.42857142857142855,0.34119854980371045
48.0,implicit,0.7857142857142857,0.5,0.35902923958275623
48.0,implicit,0.7857142857142857,0.5714285714285714,0.34119854980370945
48.0,implicit,0.7857142857142857,0.6428571428571428,0.2975002770366109
48.0,implicit,0.7857142857142857,0.7142857142857142,0.24166064083248112
48.0,implicit,0.7857142857142857,0.7857142857142857,0.18126467079807448
48.0,implicit,0.7857142857142857,0.8571428571428571,0.11888855199353966
48.0,implicit,0.7857142857142857,0.9285714285714285,0.055421826405053415
48.0,implicit,0.7857142857142857,1.0,-0.021967188783751194
48.0,implicit,0.8571428571428571,0.0,-0.021967188783751194
48.0,implicit,0.8571428571428571,0.07142857142857142,0.03449409936472795
48.0,implicit,0.8571428571428571,0.14285714285714285,0.07703550001901124
48.0,implicit,0.8571428571428571,0.21428571428571427,0.11888855199353944
48.0,implicit,0.8571428571428571,0.2857142857142857,0.15933571309662908
48.0,implicit,0.8571428571428571,0.3571428571428571,0.1966476242780404
48.0,implicit,0.8571428571428571,0.42857142857142855,0.22582613190518294
48.0,implicit,0.8571428571428571,0.5,0.2377302675333077
48.0,implicit,0.8571428571428571,0.5714285714285714,0.22582613190518236
48.0,implicit,0.8571428571428571,0.6428571428571428,0.19664762427804117
48.0,implicit,0.8571428571428571,0.7142857142857142,0.15933571309662936
48.0,implicit,0.8571428571428571,0.7857142857142857,0.11888855199353954
48.0,implicit,0.8571428571428571,0.8571428571428571,0.07703550001901127
48.0,implicit,0.8571428571428571,0.9285714285714285,0.03449409936472795
48.0,implicit,0.8571428571428571,1.0,-0.021967188783751194
48.0,implicit,0.9285714285714285,0.0,-0.021967188783751194
48.0,implicit,0.9285714285714285,0.07142857142857142,0.012987241639332727
48.0,implicit,0.9285714285714285,0.14285714285714285,0.03449409936472796
48.0,implicit,0.9285714285714285,0.21428571428571427,0.05542182640505318
48.0,implicit,0.9285714285714285,0.2857142857142857,0.07570768884101582
48.0,implicit,0.9285714285714285,0.3571428571428571,0.09438803979137478
48.0,implicit,0.9285714285714285,0.42857142857142855,0.10898578358744192
48.0,implicit,0.9285714285714285,0.5,0.11494031589277758
48.0,implicit,0.9285714285714285,0.5714285714285714,0.10898578358744165
48.0,implicit,0.9285714285714285,0.6428571428571428,0.0943880397913746
48.0,implicit,0.9285714285714285,0.7142857142857142,0.0757076888410158
48.0,implicit,0.9285714285714285,0.7857142857142857,0.05542182640505321
48.0,implicit,0.9285714285714285,0.8571428571428571,0.034494099364727984
48.0,implicit,0.9285714285714285,0.9285714285714285,0.01298724163933273
48.0,implicit,0.9285714285714285,1.0,-0.021967188783751194
48.0,implicit,1.0,0.0,-0.021967188783751194
48.0,implicit,1.0,0.07142857142857142,-0.021967188783751194
48.0,implicit,1.0,0.14285714285714285,-0.021967188783751194
48.0,implicit,1.0,0.21428571428571427,-0.021967188783751194
48.0,implicit,1.0,0.2857142857142857,-0.021967188783751194
48.0,implicit,1.0,0.3571428571428571,-0.021967188783751194
48.0,implicit,1.0,0.42857142857142855,-0.021967188783751194
48.0,implicit,1.0,0.5,-0.021967188783751194
48.0,implicit,1.0,0.5714285714285714,-0.021967188783751194
48.0,implicit,1.0,0.6428571428571428,-0.021967188783751194
48.0,implicit,1.0,0.7142857142857142,-0.021967188783751194
48.0,implicit,1.0,0.7857142857142857,-0.021967188783751194
48.0,implicit,1.0,0.8571428571428571,-0.021967188783751194
48.0,implicit,1.0,0.9285714285714285,-0.021967188783751194
48.0,implicit,1.0,1.0,-0.021967188783751194
49.0,implicit,0.0,0.0,0.14778940447415162
49.0,implicit,0.0,0.07142857142857142,0.14778940447415162
49.0,implicit,0.0,0.14285714285714285,0.14778940447415162
49.0,implicit,0.0,0.21428571428571427,0.14778940447415162
49.0,implicit,0.0,0.2857142857142857,0.14778940447415162
49.0,implicit,0.0,0.3571428571428571,0.14778940447415162
49.0,implicit,0.0,0.42857142857142855,0.14778940447415162
49.0,implicit,0.0,0.5,0.14778940447415162
49.0,implicit,0.0,0.5714285714285714,0.14778940447415162
49.0,implicit,0.0,0.6428571428571428,0.14778940447415162
49.0,implicit,0.0,0.7142857142857142,0.14778940447415162
49.0,implicit,0.0,0.7857142857142857,0.14778940447415162
49.0,implicit,0.0,0.8571428571428571,0.14778940447415162
49.0,implicit,0.0,0.9285714285714285,0.14778940447415162
49.0,implicit,0.0,1.0,0.14778940447415162
49.0,implicit,0.07142857142857142,0.0,0.14778940447415162
49.0,implicit,0.07142857142857142,0.07142857142857142,0.0182182327247015
49.0,implicit,0.07142857142857142,0.14285714285714285,0.03716513228890483
49.0,implicit,0.07142857142857142,0.21428571428571427,0.05804902354374695
49.0,implicit,0.07142857142857142,0.2857142857142857,0.0783043056649049
49.0,implicit,0.07142857142857142,0.3571428571428571,0.09691514189226466
49.0,implicit,0.07142857142857142,0.42857142857142855,0.11138936142648882
49.0,implicit,0.07142857142857142,0.5,0.11725713267220603
49.0,implicit,0.07142857142857142,0.5714285714285714,0.11138936142648849
49.0,implicit,0.07142857142857142,0.6428571428571428,0.09691514189226447
49.0,implicit,0.07142857142857142,0.7142857142857142,0.07830430566490484
49.0,implicit,0.07142857142857142,0.7857142857142857,0.05804902354374694
49.0,implicit,0.07142857142857142,0.8571428571428571,0.03716513228890484
49.0,implicit,0.07142857142857142,0.9285714285714285,0.018218232724701508
49.0,implicit,0.07142857142857142,1.0,0.14778940447415162
49.0,implicit,0.14285714285714285,0.0,0.14778940447415162
49.0,implicit,0.14285714285714285,0.07142857142857142,0.03716513228890481
49.0,implicit,0.14285714285714285,0.14285714285714285,0.07708308456840177
49.0,implicit,0.14285714285714285,0.21428571428571427,0.11886337626896282
49.0,implicit,0.14285714285714285,0.2857142857142857,0.15925531477308963
49.0,implicit,0.14285714285714285,0.3571428571428571,0.19642688471821337
49.0,implicit,0.14285714285714285,0.42857142857142855,0.22535704315151642
49.0,implicit,0.14285714285714285,0.5,0.237087222137223
49.0,implicit,0.14285714285714285,0.5714285714285714,0.22535704315151603
49.0,implicit,0.14285714285714285,0.6428571428571428,0.19642688471821296
49.0,implicit,0.14285714285714285,0.7142857142857142,0.1592553147730895
49.0,implicit,0.14285714285714285,0.7857142857142857,0.11886337626896278
49.0,implicit,0.14285714285714285,0.8571428571428571,0.07708308456840177
49.0,implicit,0.14285714285714285,0.9285714285714285,0.03716513228890483
49.0,implicit,0.14285714285714285,1.0,0.14778940447415162
49.0,implicit,0.21428571428571427,0.0,0.14778940447415162
49.0,implicit,0.21428571428571427,0.07142857142857142,0.058049023543746664
49.0,implicit,0.21428571428571427,0.14285714285714285,0.11886337626896262
49.0,implicit,0.21428571428571427,0.21428571428571427,0.18115580199408202
49.0,implicit,0.21428571428571427,0.2857142857142857,0.241466803526395
49.0,implicit,0.21428571428571427,0.3571428571428571,0.29708846664643207
49.0,implicit,0.21428571428571427,0.42857142857142855,0.3404091875343493
49.0,implicit,0.21428571428571427,0.5,0.35797721234091606
49.0,implicit,0.21428571428571427,0.5714285714285714,0.34040918753434823
49.0,implicit,0.21428571428571427,0.6428571428571428,0.29708846664643174
49.0,implicit,0.21428571428571427,0.7142857142857142,0.24146680352639488
49.0,implicit,0.21428571428571427,0.7857142857142857,0.18115580199408202
49.0,implicit,0.21428571428571427,0.8571428571428571,0.11886337626896262
49.0,implicit,0.21428571428571427,0.9285714285714285,0.058049023543746706
49.0,implicit,0.21428571428571427,1.0,0.14778940447415162
49.0,implicit,0.2857142857142857,0.0,0.14778940447415162
49.0,implicit,0.2857142857142857,0.07142857142857142,0.07830430566490441
49.0,implicit,0.2857142857142857,0.14285714285714285,0.15925531477308938
49.0,implicit,0.2857142857142857,0.21428571428571427,0.24146680352639435
49.0,implicit,0.2857142857142857,0.2857142857142857,0.3212575415214347
49.0,implicit,0.2857142857142857,0.3571428571428571,0.3949709519308096
49.0,implicit,0.2857142857142857,0.42857142857142855,0.45241332078602314
49.0,implicit,0.2857142857142857,0.5,0.475711521793928
49.0,implicit,0.2857142857142857,0.5714285714285714,0.452413320786024
49.0,implicit,0.2857142857142857,0.6428571428571428,0.3949709519308101
49.0,implicit,0.2857142857142857,0.7142857142857142,0.32125754152143476
49.0,implicit,0.2857142857142857,0.7857142857142857,0.24146680352639424
49.0,implicit,0.2857142857142857,0.8571428571428571,0.15925531477308918
49.0,implicit,0.2857142857142857,0.9285714285714285,0.07830430566490436
49.0,implicit,0.2857142857142857,1.0,0.14778940447415162
49.0,implicit,0.3571428571428571,0.0,0.14778940447415162
49.0,implicit,0.3571428571428571,0.07142857142857142,0.09691514189226437
49.0,implicit,0.3571428571428571,0.14285714285714285,0.19642688471821224
49.0,implicit,0.3571428571428571,0.21428571428571427,0.2970884666464309
49.0,implicit,0.3571428571428571,0.2857142857142857,0.3949709519308067
49.0,implicit,0.3571428571428571,0.3571428571428571,0.4855033256689354
49.0,implicit,0.3571428571428571,0.42857142857142855,0.5560794761541598
49.0,implicit,0.3571428571428571,0.5,0.5847088240981021
49.0,implicit,0.3571428571428571,0.5714285714285714,0.5560794761541609
49.0,implicit,0.3571428571428571,0.6428571428571428,0.48550332566893634
49.0,implicit,0.3571428571428571,0.7142857142857142,0.39497095193080645
49.0,implicit,0.3571428571428571,0.7857142857142857,0.2970884666464307
49.0,implicit,0.3571428571428571,0.8571428571428571,0.19642688471821168
49.0,implicit,0.3571428571428571,0.9285714285714285,0.09691514189226431
49.0,implicit,0.3571428571428571,1.0,0.14778940447415162
49.0,implicit,0.42857142857142855,0.0,0.14778940447415162
49.0,implicit,0.42857142857142855,0.07142857142857142,0.11138936142648892
49.0,implicit,0.42857142857142855,0.14285714285714285,0.22535704315151614
49.0,implicit,0.42857142857142855,0.21428571428571427,0.3404091875343485
49.0,implicit,0.42857142857142855,0.2857142857142857,0.4524133207860244
49.0,implicit,0.42857142857142855,0.3571428571428571,0.5560794761541626
49.0,implicit,0.42857142857142855,0.42857142857142855,0.6369165518317603
49.0,implicit,0.42857142857142855,0.5,0.6697133144664597
49.0,implicit,0.42857142857142855,0.5714285714285714,0.6369165518317565
49.0,implicit,0.42857142857142855,0.6428571428571428,0.5560794761541601
49.0,implicit,0.42857142857142855,0.7142857142857142,0.45241332078602287
49.0,implicit,0.42857142857142855,0.7857142857142857,0.34040918753434807
49.0,implicit,0.42857142857142855,0.8571428571428571,0.22535704315151606
49.0,implicit,0.42857142857142855,0.9285714285714285,0.11138936142648892
49.0,implicit,0.42857142857142855,1.0,0.14778940447415162
49.0,implicit,0.5,0.0,0.14778940447415162
49.0,implicit,0.5,0.07142857142857142,0.11725713267220628
49.0,implicit,0.5,0.14285714285714285,0.23708722213722375
49.0,implicit,0.5,0.21428571428571427,0.3579772123409188
49.0,implicit,0.5,0.2857142857142857,0.47571152179393034
49.0,implicit,0.5,0.3571428571428571,0.5847088240981043
49.0,implicit,0.5,0.42857142857142855,0.6697133144664598
49.0,implicit,0.5,0.5,0.7042039170471092
49.0,implicit,0.5,0.5714285714285714,0.66971331446646
49.0,implicit,0.5,0.6428571428571428,0.5847088240981002
49.0,implicit,0.5,0.7142857142857142,0.4757115217939272
49.0,implicit,0.5,0.7857142857142857,0.35797721234091834
49.0,implicit,0.5,0.8571428571428571,0.23708722213722372
49.0,implicit,0.5,0.9285714285714285,0.11725713267220629
49.0,implicit,0.5,1.0,0.14778940447415162
49.0,implicit,0.5714285714285714,0.0,0.14778940447415162
49.0,implicit,0.5714285714285714,0.07142857142857142,0.11138936142648877
49.0,implicit,0.5714285714285714,0.14285714285714285,0.22535704315151672
49.0,implicit,0.5714285714285714,0.21428571428571427,0.34040918753435034
49.0,implicit,0.5714285714285714,0.2857142857142857,0.4524133207860257
49.0,implicit,0.5714285714285714,0.3571428571428571,0.556079476154164
49.0,implicit,0.5714285714285714,0.42857142857142855,0.63691655183176
49.0,implicit,0.5714285714285714,0.5,0.6697133144664624
49.0,implicit,0.5714285714285714,0.5714285714285714,0.6369165518317595
49.0,implicit,0.5714285714285714,0.6428571428571428,0.5560794761541624
49.0,implicit,0.5714285714285714,0.7142857142857142,0.45241332078602703
49.0,implicit,0.5714285714285714,0.7857142857142857,0.34040918753434973
49.0,implicit,0.5714285714285714,0.8571428571428571,0.22535704315151686
49.0,implicit,0.5714285714285714,0.9285714285714285,0.11138936142648878
49.0,implicit,0.5714285714285714,1.0,0.14778940447415162
49.0,implicit,0.6428571428571428,0.0,0.14778940447415162
49.0,implicit,0.6428571428571428,0.07142857142857142,0.09691514189226473
49.0,implicit,0.6428571428571428,0.14285714285714285,0.19642688471821465
49.0,implicit,0.6428571428571428,0.21428571428571427,0.29708846664643274
49.0,implicit,0.6428571428571428,0.2857142857142857,0.3949709519308108
49.0,implicit,0.6428571428571428,0.3571428571428571,0.48550332566893734
49.0,implicit,0.6428571428571428,0.42857142857142855,0.5560794761541639
49.0,implicit,0.6428571428571428,0.5,0.5847088240981017
49.0,implicit,0.6428571428571428,0.5714285714285714,0.5560794761541628
49.0,implicit,0.6428571428571428,0.6428571428571428,0.48550332566893817
49.0,implicit,0.6428571428571428,0.7142857142857142,0.39497095193081166
49.0,implicit,0.6428571428571428,0.7857142857142857,0.2970884666464325
49.0,implicit,0.6428571428571428,0.8571428571428571,0.19642688471821323
49.0,implicit,0.6428571428571428,0.9285714285714285,0.09691514189226441
49.0,implicit,0.6428571428571428,1.0,0.14778940447415162
49.0,implicit,0.7142857142857142,0.0,0.14778940447415162
49.0,implicit,0.7142857142857142,0.07142857142857142,0.07830430566490497
49.0,implicit,0.7142857142857142,0.14285714285714285,0.15925531477308996
49.0,implicit,0.7142857142857142,0.21428571428571427,0.24146680352639535
49.0,implicit,0.7142857142857142,0.2857142857142857,0.3212575415214356
49.0,implicit,0.7142857142857142,0.3571428571428571,0.3949709519308093
49.0,implicit,0.7142857142857142,0.42857142857142855,0.45241332078602403
49.0,implicit,0.7142857142857142,0.5,0.47571152179392906
49.0,implicit,0.7142857142857142,0.5714285714285714,0.45241332078602325
49.0,implicit,0.7142857142857142,0.6428571428571428,0.39497095193080867
49.0,implicit,0.7142857142857142,0.7142857142857142,0.32125754152143576
49.0,implicit,0.7142857142857142,0.7857142857142857,0.2414668035263953
49.0,implicit,0.7142857142857142,0.8571428571428571,0.15925531477308963
49.0,implicit,0.7142857142857142,0.9285714285714285,0.07830430566490484
49.0,implicit,0.7142857142857142,1.0,0.14778940447415162
49.0,implicit,0.7857142857142857,0.0,0.14778940447415162
49.0,implicit,0.7857142857142857,0.07142857142857142,0.05804902354374698
49.0,implicit,0.7857142857142857,0.14285714285714285,0.11886337626896297
49.0,implicit,0.7857142857142857,0.21428571428571427,0.1811558019940822
49.0,implicit,0.7857142857142857,0.2857142857142857,0.24146680352639457
49.0,implicit,0.7857142857142857,0.3571428571428571,0.29708846664643135
49.0,implicit,0.7857142857142857,0.42857142857142855,0.3404091875343482
49.0,implicit,0.7857142857142857,0.5,0.35797721234091656
49.0,implicit,0.7857142857142857,0.5714285714285714,0.34040918753434724
49.0,implicit,0.7857142857142857,0.6428571428571428,0.29708846664643135
49.0,implicit,0.7857142857142857,0.7142857142857142,0.2414668035263946
49.0,implicit,0.7857142857142857,0.7857142857142857,0.18115580199408227
49.0,implicit,0.7857142857142857,0.8571428571428571,0.1188633762689629
49.0,implicit,0.7857142857142857,0.9285714285714285,0.05804902354374695
49.0,implicit,0.7857142857142857,1.0,0.14778940447415162
49.0,implicit,0.8571428571428571,0.0,0.14778940447415162
49.0,implicit,0.8571428571428571,0.07142857142857142,0.03716513228890485
49.0,implicit,0.8571428571428571,0.14285714285714285,0.07708308456840184
49.0,implicit,0.8571428571428571,0.21428571428571427,0.1188633762689627
49.0,implicit,0.8571428571428571,0.2857142857142857,0.1592553147730893
49.0,implicit,0.8571428571428571,0.3571428571428571,0.19642688471821199
49.0,implicit,0.8571428571428571,0.42857142857142855,0.22535704315151595
49.0,implicit,0.8571428571428571,0.5,0.23708722213722308
49.0,implicit,0.8571428571428571,0.5714285714285714,0.22535704315151545
49.0,implicit,0.8571428571428571,0.6428571428571428,0.1964268847182128
49.0,implicit,0.8571428571428571,0.7142857142857142,0.15925531477308957
49.0,implicit,0.8571428571428571,0.7857142857142857,0.1188633762689628
49.0,implicit,0.8571428571428571,0.8571428571428571,0.07708308456840185
49.0,implicit,0.8571428571428571,0.9285714285714285,0.03716513228890485
49.0,implicit,0.8571428571428571,1.0,0.14778940447415162
49.0,implicit,0.9285714285714285,0.0,0.14778940447415162
49.0,implicit,0.9285714285714285,0.07142857142857142,0.018218232724701515
49.0,implicit,0.9285714285714285,0.14285714285714285,0.03716513228890485
49.0,implicit,0.9285714285714285,0.21428571428571427,0.05804902354374671
49.0,implicit,0.9285714285714285,0.2857142857142857,0.07830430566490448
49.0,implicit,0.9285714285714285,0.3571428571428571,0.09691514189226451
49.0,implicit,0.9285714285714285,0.42857142857142855,0.11138936142648892
49.0,implicit,0.9285714285714285,0.5,0.11725713267220618
49.0,implicit,0.9285714285714285,0.5714285714285714,0.11138936142648864
49.0,implicit,0.9285714285714285,0.6428571428571428,0.09691514189226437
49.0,implicit,0.9285714285714285,0.7142857142857142,0.07830430566490447
49.0,implicit,0.9285714285714285,0.7857142857142857,0.05804902354374675
49.0,implicit,0.9285714285714285,0.8571428571428571,0.03716513228890487
49.0,implicit,0.9285714285714285,0.9285714285714285,0.018218232724701515
49.0,implicit,0.9285714285714285,1.0,0.14778940447415162
49.0,implicit,1.0,0.0,0.14778940447415162
49.0,implicit,1.0,0.07142857142857142,0.14778940447415162
49.0,implicit,1.0,0.14285714285714285,0.14778940447415162
49.0,implicit,1.0,0.21428571428571427,0.14778940447415162
49.0,implicit,1.0,0.2857142857142857,0.14778940447415162
49.0,implicit,1.0,0.3571428571428571,0.14778940447415162
49.0,implicit,1.0,0.42857142857142855,0.14778940447415162
49.0,implicit,1.0,0.5,0.14778940447415162
49.0,implicit,1.0,0.5714285714285714,0.14778940447415162
49.0,implicit,1.0,0.6428571428571428,0.14778940447415162
49.0,implicit,1.0,0.7142857142857142,0.14778940447415162
49.0,implicit,1.0,0.7857142857142857,0.14778940447415162
49.0,implicit,1.0,0.8571428571428571,0.14778940447415162
49.0,implicit,1.0,0.9285714285714285,0.14778940447415162
49.0,implicit,1.0,1.0,0.14778940447415162
50.0,implicit,0.0,0.0,-0.05182702182736474
50.0,implicit,0.0,0.07142857142857142,-0.05182702182736474
50.0,implicit,0.0,0.14285714285714285,-0.05182702182736474
50.0,implicit,0.0,0.21428571428571427,-0.05182702182736474
50.0,implicit,0.0,0.2857142857142857,-0.05182702182736474
50.0,implicit,0.0,0.3571428571428571,-0.05182702182736474
50.0,implicit,0.0,0.42857142857142855,-0.05182702182736474
50.0,implicit,0.0,0.5,-0.05182702182736474
50.0,implicit,0.0,0.5714285714285714,-0.05182702182736474
50.0,implicit,0.0,0.6428571428571428,-0.05182702182736474
50.0,implicit,0.0,0.7142857142857142,-0.05182702182736474
50.0,implicit,0.0,0.7857142857142857,-0.05182702182736474
50.0,implicit,0.0,0.8571428571428571,-0.05182702182736474
50.0,implicit,0.0,0.9285714285714285,-0.05182702182736474
50.0,implicit,0.0,1.0,-0.05182702182736474
50.0,implicit,0.07142857142857142,0.0,-0.05182702182736474
50.0,implicit,0.07142857142857142,0.07142857142857142,0.016874933973712106
50.0,implicit,0.07142857142857142,0.14285714285714285,0.03652755781506475
50.0,implicit,0.07142857142857142,0.21428571428571427,0.0573867433286239
50.0,implicit,0.07142857142857142,0.2857142857142857,0.07762614940484429
50.0,implicit,0.07142857142857142,0.3571428571428571,0.09620207035786453
50.0,implicit,0.07142857142857142,0.42857142857142855,0.11061543651805858
50.0,implicit,0.07142857142857142,0.5,0.1164411768383737
50.0,implicit,0.07142857142857142,0.5714285714285714,0.11061543651805823
50.0,implicit,0.07142857142857142,0.6428571428571428,0.09620207035786435
50.0,implicit,0.07142857142857142,0.7142857142857142,0.07762614940484425
50.0,implicit,0.07142857142857142,0.7857142857142857,0.057386743328623896
50.0,implicit,0.07142857142857142,0.8571428571428571,0.03652755781506476
50.0,implicit,0.07142857142857142,0.9285714285714285,0.016874933973712113
50.0,implicit,0.07142857142857142,1.0,-0.05182702182736474
50.0,implicit,0.14285714285714285,0.0,-0.05182702182736474
50.0,implicit,0.14285714285714285,0.07142857142857142,0.03652755781506474
50.0,implicit,0.14285714285714285,0.14285714285714285,0.07711467190088371
50.0,implicit,0.14285714285714285,0.21428571428571427,0.11885516869884204
50.0,implicit,0.14285714285714285,0.2857142857142857,0.15921828785866482
50.0,implicit,0.14285714285714285,0.3571428571428571,0.19631940047072463
50.0,implicit,0.14285714285714285,0.42857142857142855,0.22512719264337422
50.0,implicit,0.14285714285714285,0.5,0.23677308606956327
50.0,implicit,0.14285714285714285,0.5714285714285714,0.22512719264337377
50.0,implicit,0.14285714285714285,0.6428571428571428,0.19631940047072424
50.0,implicit,0.14285714285714285,0.7142857142857142,0.15921828785866468
50.0,implicit,0.14285714285714285,0.7857142857142857,0.118855168698842
50.0,implicit,0.14285714285714285,0.8571428571428571,0.07711467190088371
50.0,implicit,0.14285714285714285,0.9285714285714285,0.036527557815064754
50.0,implicit,0.14285714285714285,1.0,-0.05182702182736474
50.0,implicit,0.21428571428571427,0.0,-0.05182702182736474
50.0,implicit,0.21428571428571427,0.07142857142857142,0.057386743328623625
50.0,implicit,0.21428571428571427,0.14285714285714285,0.11885516869884186
50.0,implicit,0.21428571428571427,0.21428571428571427,0.18110158779331897
50.0,implicit,0.21428571428571427,0.2857142857142857,0.24136842466291825
50.0,implicit,0.21428571428571427,0.3571428571428571,0.29688067197513873
50.0,implicit,0.21428571428571427,0.42857142857142855,0.3400152830728787
50.0,implicit,0.21428571428571427,0.5,0.3574559966401299
50.0,implicit,0.21428571428571427,0.5714285714285714,0.3400152830728776
50.0,implicit,0.21428571428571427,0.6428571428571428,0.2968806719751384
50.0,implicit,0.21428571428571427,0.7142857142857142,0.24136842466291814
50.0,implicit,0.21428571428571427,0.7857142857142857,0.18110158779331897
50.0,implicit,0.21428571428571427,0.8571428571428571,0.11885516869884186
50.0,implicit,0.21428571428571427,0.9285714285714285,0.05738674332862366
50.0,implicit,0.21428571428571427,1.0,-0.05182702182736474
50.0,implicit,0.2857142857142857,0.0,-0.05182702182736474
50.0,implicit,0.2857142857142857,0.07142857142857142,0.07762614940484382
50.0,implicit,0.2857142857142857,0.14285714285714285,0.15921828785866451
50.0,implicit,0.2857142857142857,0.21428571428571427,0.24136842466291766
50.0,implicit,0.2857142857142857,0.2857142857142857,0.3210887216056489
50.0,implicit,0.2857142857142857,0.3571428571428571,0.3946447128906186
50.0,implicit,0.2857142857142857,0.42857142857142855,0.45183114484260906
50.0,implicit,0.2857142857142857,0.5,0.47495689996524487
50.0,implicit,0.2857142857142857,0.5714285714285714,0.4518311448426099
50.0,implicit,0.2857142857142857,0.6428571428571428,0.39464471289061903
50.0,implicit,0.2857142857142857,0.7142857142857142,0.32108872160564894
50.0,implicit,0.2857142857142857,0.7857142857142857,0.24136842466291755
50.0,implicit,0.2857142857142857,0.8571428571428571,0.15921828785866432
50.0,implicit,0.2857142857142857,0.9285714285714285,0.07762614940484375
50.0,implicit,0.2857142857142857,1.0,-0.05182702182736474
50.0,implicit,0.3571428571428571,0.0,-0.05182702182736474
50.0,implicit,0.3571428571428571,0.07142857142857142,0.09620207035786428
50.0,implicit,0.3571428571428571,0.14285714285714285,0.19631940047072358
50.0,implicit,0.3571428571428571,0.21428571428571427,0.29688067197513757
50.0,implicit,0.3571428571428571,0.2857142857142857,0.39464471289061565
50.0,implicit,0.3571428571428571,0.3571428571428571,0.484953669561065
50.0,implicit,0.3571428571428571,0.42857142857142855,0.555192433447683
50.0,implicit,0.3571428571428571,0.5,0.583600654271466
50.0,implicit,0.3571428571428571,0.5714285714285714,0.5551924334476843
50.0,implicit,0.3571428571428571,0.6428571428571428,0.4849536695610657
50.0,implicit,0.3571428571428571,0.7142857142857142,0.3946447128906153
50.0,implicit,0.3571428571428571,0.7857142857142857,0.2968806719751373
50.0,implicit,0.3571428571428571,0.8571428571428571,0.19631940047072305
50.0,implicit,0.3571428571428571,0.9285714285714285,0.09620207035786418
50.0,implicit,0.3571428571428571,1.0,-0.05182702182736474
50.0,implicit,0.42857142857142855,0.0,-0.05182702182736474
50.0,implicit,0.42857142857142855,0.07142857142857142,0.11061543651805868
50.0,implicit,0.42857142857142855,0.14285714285714285,0.2251271926433739
50.0,implicit,0.42857142857142855,0.21428571428571427,0.34001528307287787
50.0,implicit,0.42857142857142855,0.2857142857142857,0.4518311448426102
50.0,implicit,0.42857142857142855,0.3571428571428571,0.5551924334476862
50.0,implicit,0.42857142857142855,0.42857142857142855,0.6356051500596601
50.0,implicit,0.42857142857142855,0.5,0.6681332238809435
50.0,implicit,0.42857142857142855,0.5714285714285714,0.6356051500596566
50.0,implicit,0.42857142857142855,0.6428571428571428,0.5551924334476834
50.0,implicit,0.42857142857142855,0.7142857142857142,0.4518311448426087
50.0,implicit,0.42857142857142855,0.7857142857142857,0.3400152830728775
50.0,implicit,0.42857142857142855,0.8571428571428571,0.22512719264337386
50.0,implicit,0.42857142857142855,0.9285714285714285,0.11061543651805868
50.0,implicit,0.42857142857142855,1.0,-0.05182702182736474
50.0,implicit,0.5,0.0,-0.05182702182736474
50.0,implicit,0.5,0.07142857142857142,0.11644117683837395
50.0,implicit,0.5,0.14285714285714285,0.23677308606956401
50.0,implicit,0.5,0.21428571428571427,0.3574559966401326
50.0,implicit,0.5,0.2857142857142857,0.47495689996524726
50.0,implicit,0.5,0.3571428571428571,0.5836006542714682
50.0,implicit,0.5,0.42857142857142855,0.6681332238809436
50.0,implicit,0.5,0.5,0.7023308003337698
50.0,implicit,0.5,0.5714285714285714,0.6681332238809439
50.0,implicit,0.5,0.6428571428571428,0.5836006542714639
50.0,implicit,0.5,0.7142857142857142,0.47495689996524404
50.0,implicit,0.5,0.7857142857142857,0.35745599664013217
50.0,implicit,0.5,0.8571428571428571,0.23677308606956401
50.0,implicit,0.5,0.9285714285714285,0.11644117683837396
50.0,implicit,0.5,1.0,-0.05182702182736474
50.0,implicit,0.5714285714285714,0.0,-0.05182702182736474
50.0,implicit,0.5714285714285714,0.07142857142857142,0.11061543651805851
50.0,implicit,0.5714285714285714,0.14285714285714285,0.22512719264337452
50.0,implicit,0.5714285714285714,0.21428571428571427,0.3400152830728797
50.0,implicit,0.5714285714285714,0.2857142857142857,0.4518311448426117
50.0,implicit,0.5714285714285714,0.3571428571428571,0.5551924334476873
50.0,implicit,0.5714285714285714,0.42857142857142855,0.63560515005966
50.0,implicit,0.5714285714285714,0.5,0.6681332238809462
50.0,implicit,0.5714285714285714,0.5714285714285714,0.6356051500596591
50.0,implicit,0.5714285714285714,0.6428571428571428,0.5551924334476857
50.0,implicit,0.5714285714285714,0.7142857142857142,0.45183114484261294
50.0,implicit,0.5714285714285714,0.7857142857142857,0.3400152830728791
50.0,implicit,0.5714285714285714,0.8571428571428571,0.22512719264337466
50.0,implicit,0.5714285714285714,0.9285714285714285,0.11061543651805852
50.0,implicit,0.5714285714285714,1.0,-0.05182702182736474
50.0,implicit,0.6428571428571428,0.0,-0.05182702182736474
50.0,implicit,0.6428571428571428,0.07142857142857142,0.09620207035786463
50.0,implicit,0.6428571428571428,0.14285714285714285,0.196319400470726
50.0,implicit,0.6428571428571428,0.21428571428571427,0.29688067197513945
50.0,implicit,0.6428571428571428,0.2857142857142857,0.39464471289061975
50.0,implicit,0.6428571428571428,0.3571428571428571,0.4849536695610667
50.0,implicit,0.6428571428571428,0.42857142857142855,0.5551924334476872
50.0,implicit,0.6428571428571428,0.5,0.5836006542714658
50.0,implicit,0.6428571428571428,0.5714285714285714,0.5551924334476861
50.0,implicit,0.6428571428571428,0.6428571428571428,0.48495366956106756
50.0,implicit,0.6428571428571428,0.7142857142857142,0.3946447128906206
50.0,implicit,0.6428571428571428,0.7857142857142857,0.2968806719751392
50.0,implicit,0.6428571428571428,0.8571428571428571,0.19631940047072455
50.0,implicit,0.6428571428571428,0.9285714285714285,0.09620207035786431
50.0,implicit,0.6428571428571428,1.0,-0.05182702182736474
50.0,implicit,0.7142857142857142,0.0,-0.05182702182736474
50.0,implicit,0.7142857142857142,0.07142857142857142,0.07762614940484437
50.0,implicit,0.7142857142857142,0.14285714285714285,0.15921828785866515
50.0,implicit,0.7142857142857142,0.21428571428571427,0.24136842466291866
50.0,implicit,0.7142857142857142,0.2857142857142857,0.3210887216056498
50.0,implicit,0.7142857142857142,0.3571428571428571,0.3946447128906182
50.0,implicit,0.7142857142857142,0.42857142857142855,0.4518311448426099
50.0,implicit,0.7142857142857142,0.5,0.4749568999652459
50.0,implicit,0.7142857142857142,0.5714285714285714,0.4518311448426093
50.0,implicit,0.7142857142857142,0.6428571428571428,0.3946447128906177
50.0,implicit,0.7142857142857142,0.7142857142857142,0.3210887216056499
50.0,implicit,0.7142857142857142,0.7857142857142857,0.2413684246629186
50.0,implicit,0.7142857142857142,0.8571428571428571,0.15921828785866482
50.0,implicit,0.7142857142857142,0.9285714285714285,0.07762614940484425
50.0,implicit,0.7142857142857142,1.0,-0.05182702182736474
50.0,implicit,0.7857142857142857,0.0,-0.05182702182736474
50.0,implicit,0.7857142857142857,0.07142857142857142,0.05738674332862394
50.0,implicit,0.7857142857142857,0.14285714285714285,0.1188551686988422
50.0,implicit,0.7857142857142857,0.21428571428571427,0.18110158779331914
50.0,implicit,0.7857142857142857,0.2857142857142857,0.24136842466291789
50.0,implicit,0.7857142857142857,0.3571428571428571,0.29688067197513796
50.0,implicit,0.7857142857142857,0.42857142857142855,0.3400152830728776
50.0,implicit,0.7857142857142857,0.5,0.35745599664013034
50.0,implicit,0.7857142857142857,0.5714285714285714,0.34001528307287665
50.0,implicit,0.7857142857142857,0.6428571428571428,0.296880671975138
50.0,implicit,0.7857142857142857,0.7142857142857142,0.2413684246629179
50.0,implicit,0.7857142857142857,0.7857142857142857,0.1811015877933192
50.0,implicit,0.7857142857142857,0.8571428571428571,0.11885516869884212
50.0,implicit,0.7857142857142857,0.9285714285714285,0.0573867433286239
50.0,implicit,0.7857142857142857,1.0,-0.05182702182736474
50.0,implicit,0.8571428571428571,0.0,-0.05182702182736474
50.0,implicit,0.8571428571428571,0.07142857142857142,0.03652755781506477
50.0,implicit,0.8571428571428571,0.14285714285714285,0.07711467190088378
50.0,implicit,0.8571428571428571,0.21428571428571427,0.11885516869884194
50.0,implicit,0.8571428571428571,0.2857142857142857,0.15921828785866443
50.0,implicit,0.8571428571428571,0.3571428571428571,0.19631940047072338
50.0,implicit,0.8571428571428571,0.42857142857142855,0.22512719264337375
50.0,implicit,0.8571428571428571,0.5,0.23677308606956335
50.0,implicit,0.8571428571428571,0.5714285714285714,0.22512719264337322
50.0,implicit,0.8571428571428571,0.6428571428571428,0.19631940047072413
50.0,implicit,0.8571428571428571,0.7142857142857142,0.1592182878586647
50.0,implicit,0.8571428571428571,0.7857142857142857,0.11885516869884202
50.0,implicit,0.8571428571428571,0.8571428571428571,0.0771146719008838
50.0,implicit,0.8571428571428571,0.9285714285714285,0.03652755781506477
50.0,implicit,0.8571428571428571,1.0,-0.05182702182736474
50.0,implicit,0.9285714285714285,0.0,-0.05182702182736474
50.0,implicit,0.9285714285714285,0.07142857142857142,0.01687493397371212
50.0,implicit,0.9285714285714285,0.14285714285714285,0.03652755781506477
50.0,implicit,0.9285714285714285,0.21428571428571427,0.057386743328623674
50.0,implicit,0.9285714285714285,0.2857142857142857,0.07762614940484387
50.0,implicit,0.9285714285714285,0.3571428571428571,0.09620207035786438
50.0,implicit,0.9285714285714285,0.42857142857142855,0.11061543651805868
50.0,implicit,0.9285714285714285,0.5,0.11644117683837385
50.0,implicit,0.9285714285714285,0.5714285714285714,0.1106154365180584
50.0,implicit,0.9285714285714285,0.6428571428571428,0.09620207035786424
50.0,implicit,0.9285714285714285,0.7142857142857142,0.07762614940484386
50.0,implicit,0.9285714285714285,0.7857142857142857,0.0573867433286237
50.0,implicit,0.9285714285714285,0.8571428571428571,0.03652755781506479
50.0,implicit,0.9285714285714285,0.9285714285714285,0.01687493397371212
50.0,implicit,0.9285714285714285,1.0,-0.05182702182736474
50.0,implicit,1.0,0.0,-0.05182702182736474
50.0,implicit,1.0,0.07142857142857142,-0.05182702182736474
50.0,implicit,1.0,0.14285714285714285,-0.05182702182736474
50.0,implicit,1.0,0.21428571428571427,-0.05182702182736474
50.0,implicit,1.0,0.2857142857142857,-0.05182702182736474
50.0,implicit,1.0,0.3571428571428571,-0.05182702182736474
50.0,implicit,1.0,0.42857142857142855,-0.05182702182736474
50.0,implicit,1.0,0.5,-0.05182702182736474
50.0,implicit,1.0,0.5714285714285714,-0.05182702182736474
50.0,implicit,1.0,0.6428571428571428,-0.05182702182736474
50.0,implicit,1.0,0.7142857142857142,-0.05182702182736474
50.0,implicit,1.0,0.7857142857142857,-0.05182702182736474
50.0,implicit,1.0,0.8571428571428571,-0.05182702182736474
50.0,implicit,1.0,0.9285714285714285,-0.05182702182736474
50.0,implicit,1.0,1.0,-0.05182702182736474
51.0,implicit,0.0,0.0,-0.05017570435845366
51.0,implicit,0.0,0.07142857142857142,-0.05017570435845366
51.0,implicit,0.0,0.14285714285714285,-0.05017570435845366
51.0,implicit,0.0,0.21428571428571427,-0.05017570435845366
51.0,implicit,0.0,0.2857142857142857,-0.05017570435845366
51.0,implicit,0.0,0.3571428571428571,-0.05017570435845366
51.0,implicit,0.0,0.42857142857142855,-0.05017570435845366
51.0,implicit,0.0,0.5,-0.05017570435845366
51.0,implicit,0.0,0.5714285714285714,-0.05017570435845366
51.0,implicit,0.0,0.6428571428571428,-0.05017570435845366
51.0,implicit,0.0,0.7142857142857142,-0.05017570435845366
51.0,implicit,0.0,0.7857142857142857,-0.05017570435845366
51.0,implicit,0.0,0.8571428571428571,-0.05017570435845366
51.0,implicit,0.0,0.9285714285714285,-0.05017570435845366
51.0,implicit,0.0,1.0,-0.05017570435845366
51.0,implicit,0.07142857142857142,0.0,-0.05017570435845366
51.0,implicit,0.07142857142857142,0.07142857142857142,0.013655383728943198
51.0,implicit,0.07142857142857142,0.14285714285714285,0.03491323354278009
51.0,implicit,0.07142857142857142,0.21428571428571427,0.05575885585596293
51.0,implicit,0.07142857142857142,0.2857142857142857,0.07596616407714421
51.0,implicit,0.07142857142857142,0.3571428571428571,0.09447198198789693
51.0,implicit,0.07142857142857142,0.42857142857142855,0.10876542929212359
51.0,implicit,0.07142857142857142,0.5,0.11450967032903459
51.0,implicit,0.07142857142857142,0.5714285714285714,0.10876542929212323
51.0,implicit,0.07142857142857142,0.6428571428571428,0.09447198198789679
51.0,implicit,0.07142857142857142,0.7142857142857142,0.07596616407714418
51.0,implicit,0.07142857142857142,0.7857142857142857,0.05575885585596292
51.0,implicit,0.07142857142857142,0.8571428571428571,0.0349132335427801
51.0,implicit,0.07142857142857142,0.9285714285714285,0.013655383728943206
51.0,implicit,0.07142857142857142,1.0,-0.05017570435845366
51.0,implicit,0.14285714285714285,0.0,-0.05017570435845366
51.0,implicit,0.14285714285714285,0.07142857142857142,0.03491323354278008
51.0,implicit,0.14285714285714285,0.14285714285714285,0.07710401808458175
51.0,implicit,0.14285714285714285,0.21428571428571427,0.1188018790361705
51.0,implicit,0.14285714285714285,0.2857142857142857,0.15910585385632975
51.0,implicit,0.14285714285714285,0.3571428571428571,0.1960655447306847
51.0,implicit,0.14285714285714285,0.42857142857142855,0.22463216231987876
51.0,implicit,0.14285714285714285,0.5,0.2361145972490389
51.0,implicit,0.14285714285714285,0.5714285714285714,0.22463216231987834
51.0,implicit,0.14285714285714285,0.6428571428571428,0.19606554473068427
51.0,implicit,0.14285714285714285,0.7142857142857142,0.15910585385632958
51.0,implicit,0.14285714285714285,0.7857142857142857,0.11880187903617044
51.0,implicit,0.14285714285714285,0.8571428571428571,0.07710401808458175
51.0,implicit,0.14285714285714285,0.9285714285714285,0.034913233542780094
51.0,implicit,0.14285714285714285,1.0,-0.05017570435845366
51.0,implicit,0.21428571428571427,0.0,-0.05017570435845366
51.0,implicit,0.21428571428571427,0.07142857142857142,0.055758855855962644
51.0,implicit,0.21428571428571427,0.14285714285714285,0.11880187903617032
51.0,implicit,0.21428571428571427,0.21428571428571427,0.18099186351556035
51.0,implicit,0.21428571428571427,0.2857142857142857,0.2411679219810758
51.0,implicit,0.21428571428571427,0.3571428571428571,0.29646057339124865
51.0,implicit,0.21428571428571427,0.42857142857142855,0.3392282145349648
51.0,implicit,0.21428571428571427,0.5,0.3564219402590545
51.0,implicit,0.21428571428571427,0.5714285714285714,0.33922821453496366
51.0,implicit,0.21428571428571427,0.6428571428571428,0.29646057339124837
51.0,implicit,0.21428571428571427,0.7142857142857142,0.2411679219810757
51.0,implicit,0.21428571428571427,0.7857142857142857,0.18099186351556035
51.0,implicit,0.21428571428571427,0.8571428571428571,0.1188018790361703
51.0,implicit,0.21428571428571427,0.9285714285714285,0.05575885585596267
51.0,implicit,0.21428571428571427,1.0,-0.05017570435845366
51.0,implicit,0.2857142857142857,0.0,-0.05017570435845366
51.0,implicit,0.2857142857142857,0.07142857142857142,0.07596616407714375
51.0,implicit,0.2857142857142857,0.14285714285714285,0.15910585385632947
51.0,implicit,0.2857142857142857,0.21428571428571427,0.24116792198107523
51.0,implicit,0.2857142857142857,0.2857142857142857,0.3207440176811883
51.0,implicit,0.2857142857142857,0.3571428571428571,0.3939840738603446
51.0,implicit,0.2857142857142857,0.42857142857142855,0.45066555442585526
51.0,implicit,0.2857142857142857,0.5,0.473456582525286
51.0,implicit,0.2857142857142857,0.5714285714285714,0.4506655544258559
51.0,implicit,0.2857142857142857,0.6428571428571428,0.3939840738603451
51.0,implicit,0.2857142857142857,0.7142857142857142,0.32074401768118843
51.0,implicit,0.2857142857142857,0.7857142857142857,0.24116792198107512
51.0,implicit,0.2857142857142857,0.8571428571428571,0.1591058538563293
51.0,implicit,0.2857142857142857,0.9285714285714285,0.07596616407714368
51.0,implicit,0.2857142857142857,1.0,-0.05017570435845366
51.0,implicit,0.3571428571428571,0.0,-0.05017570435845366
51.0,implicit,0.3571428571428571,0.07142857142857142,0.09447198198789668
51.0,implicit,0.3571428571428571,0.14285714285714285,0.1960655447306835
51.0,implicit,0.3571428571428571,0.21428571428571427,0.2964605733912475
51.0,implicit,0.3571428571428571,0.2857142857142857,0.3939840738603417
51.0,implicit,0.3571428571428571,0.3571428571428571,0.4838453586476827
51.0,implicit,0.3571428571428571,0.42857142857142855,0.5534184925046589
51.0,implicit,0.3571428571428571,0.5,0.5813973615604754
51.0,implicit,0.3571428571428571,0.5714285714285714,0.5534184925046605
51.0,implicit,0.3571428571428571,0.6428571428571428,0.4838453586476832
51.0,implicit,0.3571428571428571,0.7142857142857142,0.3939840738603413
51.0,implicit,0.3571428571428571,0.7857142857142857,0.2964605733912472
51.0,implicit,0.3571428571428571,0.8571428571428571,0.19606554473068297
51.0,implicit,0.3571428571428571,0.9285714285714285,0.09447198198789657
51.0,implicit,0.3571428571428571,1.0,-0.05017570435845366
51.0,implicit,0.42857142857142855,0.0,-0.05017570435845366
51.0,implicit,0.42857142857142855,0.07142857142857142,0.10876542929212366
51.0,implicit,0.42857142857142855,0.14285714285714285,0.22463216231987843
51.0,implicit,0.42857142857142855,0.21428571428571427,0.3392282145349641
51.0,implicit,0.42857142857142855,0.2857142857142857,0.4506655544258563
51.0,implicit,0.42857142857142855,0.3571428571428571,0.5534184925046624
51.0,implicit,0.42857142857142855,0.42857142857142855,0.6329952546174401
51.0,implicit,0.42857142857142855,0.5,0.6650019218394104
51.0,implicit,0.42857142857142855,0.5714285714285714,0.6329952546174367
51.0,implicit,0.42857142857142855,0.6428571428571428,0.5534184925046599
51.0,implicit,0.42857142857142855,0.7142857142857142,0.4506655544258548
51.0,implicit,0.42857142857142855,0.7857142857142857,0.3392282145349636
51.0,implicit,0.42857142857142855,0.8571428571428571,0.2246321623198784
51.0,implicit,0.42857142857142855,0.9285714285714285,0.10876542929212366
51.0,implicit,0.42857142857142855,1.0,-0.05017570435845366
51.0,implicit,0.5,0.0,-0.05017570435845366
51.0,implicit,0.5,0.07142857142857142,0.11450967032903484
51.0,implicit,0.5,0.14285714285714285,0.23611459724903963
51.0,implicit,0.5,0.21428571428571427,0.35642194025905705
51.0,implicit,0.5,0.2857142857142857,0.4734565825252883
51.0,implicit,0.5,0.3571428571428571,0.5813973615604776
51.0,implicit,0.5,0.42857142857142855,0.6650019218394108
51.0,implicit,0.5,0.5,0.6986314022257542
51.0,implicit,0.5,0.5714285714285714,0.6650019218394108
51.0,implicit,0.5,0.6428571428571428,0.5813973615604732
51.0,implicit,0.5,0.7142857142857142,0.4734565825252851
51.0,implicit,0.5,0.7857142857142857,0.35642194025905666
51.0,implicit,0.5,0.8571428571428571,0.23611459724903963
51.0,implicit,0.5,0.9285714285714285,0.11450967032903485
51.0,implicit,0.5,1.0,-0.05017570435845366
51.0,implicit,0.5714285714285714,0.0,-0.05017570435845366
51.0,implicit,0.5714285714285714,0.07142857142857142,0.10876542929212349
51.0,implicit,0.5714285714285714,0.14285714285714285,0.22463216231987912
51.0,implicit,0.5714285714285714,0.21428571428571427,0.339228214534966
51.0,implicit,0.5714285714285714,0.2857142857142857,0.4506655544258577
51.0,implicit,0.5714285714285714,0.3571428571428571,0.5534184925046634
51.0,implicit,0.5714285714285714,0.42857142857142855,0.6329952546174399
51.0,implicit,0.5714285714285714,0.5,0.6650019218394132
51.0,implicit,0.5714285714285714,0.5714285714285714,0.6329952546174392
51.0,implicit,0.5714285714285714,0.6428571428571428,0.5534184925046614
51.0,implicit,0.5714285714285714,0.7142857142857142,0.450665554425859
51.0,implicit,0.5714285714285714,0.7857142857142857,0.33922821453496516
51.0,implicit,0.5714285714285714,0.8571428571428571,0.22463216231987915
51.0,implicit,0.5714285714285714,0.9285714285714285,0.10876542929212352
51.0,implicit,0.5714285714285714,1.0,-0.05017570435845366
51.0,implicit,0.6428571428571428,0.0,-0.05017570435845366
51.0,implicit,0.6428571428571428,0.07142857142857142,0.09447198198789705
51.0,implicit,0.6428571428571428,0.14285714285714285,0.19606554473068605
51.0,implicit,0.6428571428571428,0.21428571428571427,0.29646057339124937
51.0,implicit,0.6428571428571428,0.2857142857142857,0.3939840738603459
51.0,implicit,0.6428571428571428,0.3571428571428571,0.4838453586476842
51.0,implicit,0.6428571428571428,0.42857142857142855,0.5534184925046631
51.0,implicit,0.6428571428571428,0.5,0.5813973615604752
51.0,implicit,0.6428571428571428,0.5714285714285714,0.5534184925046621
51.0,implicit,0.6428571428571428,0.6428571428571428,0.483845358647685
51.0,implicit,0.6428571428571428,0.7142857142857142,0.39398407386034645
51.0,implicit,0.6428571428571428,0.7857142857142857,0.2964605733912491
51.0,implicit,0.6428571428571428,0.8571428571428571,0.1960655447306846
51.0,implicit,0.6428571428571428,0.9285714285714285,0.09447198198789676
51.0,implicit,0.6428571428571428,1.0,-0.05017570435845366
51.0,implicit,0.7142857142857142,0.0,-0.05017570435845366
51.0,implicit,0.7142857142857142,0.07142857142857142,0.07596616407714432
51.0,implicit,0.7142857142857142,0.14285714285714285,0.15910585385633003
51.0,implicit,0.7142857142857142,0.21428571428571427,0.2411679219810762
51.0,implicit,0.7142857142857142,0.2857142857142857,0.3207440176811893
51.0,implicit,0.7142857142857142,0.3571428571428571,0.3939840738603442
51.0,implicit,0.7142857142857142,0.42857142857142855,0.45066555442585593
51.0,implicit,0.7142857142857142,0.5,0.47345658252528705
51.0,implicit,0.7142857142857142,0.5714285714285714,0.4506655544258553
51.0,implicit,0.7142857142857142,0.6428571428571428,0.3939840738603436
51.0,implicit,0.7142857142857142,0.7142857142857142,0.3207440176811894
51.0,implicit,0.7142857142857142,0.7857142857142857,0.24116792198107614
51.0,implicit,0.7142857142857142,0.8571428571428571,0.15910585385632972
51.0,implicit,0.7142857142857142,0.9285714285714285,0.07596616407714418
51.0,implicit,0.7142857142857142,1.0,-0.05017570435845366
51.0,implicit,0.7857142857142857,0.0,-0.05017570435845366
51.0,implicit,0.7857142857142857,0.07142857142857142,0.05575885585596297
51.0,implicit,0.7857142857142857,0.14285714285714285,0.11880187903617068
51.0,implicit,0.7857142857142857,0.21428571428571427,0.18099186351556057
51.0,implicit,0.7857142857142857,0.2857142857142857,0.24116792198107545
51.0,implicit,0.7857142857142857,0.3571428571428571,0.2964605733912479
51.0,implicit,0.7857142857142857,0.42857142857142855,0.33922821453496366
51.0,implicit,0.7857142857142857,0.5,0.35642194025905477
51.0,implicit,0.7857142857142857,0.5714285714285714,0.3392282145349628
51.0,implicit,0.7857142857142857,0.6428571428571428,0.2964605733912479
51.0,implicit,0.7857142857142857,0.7142857142857142,0.24116792198107548
51.0,implicit,0.7857142857142857,0.7857142857142857,0.18099186351556062
51.0,implicit,0.7857142857142857,0.8571428571428571,0.1188018790361706
51.0,implicit,0.7857142857142857,0.9285714285714285,0.05575885585596293
51.0,implicit,0.7857142857142857,1.0,-0.05017570435845366
51.0,implicit,0.8571428571428571,0.0,-0.05017570435845366
51.0,implicit,0.8571428571428571,0.07142857142857142,0.034913233542780114
51.0,implicit,0.8571428571428571,0.14285714285714285,0.07710401808458184
51.0,implicit,0.8571428571428571,0.21428571428571427,0.1188018790361704
51.0,implicit,0.8571428571428571,0.2857142857142857,0.15910585385632944
51.0,implicit,0.8571428571428571,0.3571428571428571,0.19606554473068333
51.0,implicit,0.8571428571428571,0.42857142857142855,0.22463216231987826
51.0,implicit,0.8571428571428571,0.5,0.2361145972490389
51.0,implicit,0.8571428571428571,0.5714285714285714,0.2246321623198778
51.0,implicit,0.8571428571428571,0.6428571428571428,0.19606554473068408
51.0,implicit,0.8571428571428571,0.7142857142857142,0.15910585385632967
51.0,implicit,0.8571428571428571,0.7857142857142857,0.11880187903617045
51.0,implicit,0.8571428571428571,0.8571428571428571,0.07710401808458185
51.0,implicit,0.8571428571428571,0.9285714285714285,0.034913233542780114
51.0,implicit,0.8571428571428571,1.0,-0.05017570435845366
51.0,implicit,0.9285714285714285,0.0,-0.05017570435845366
51.0,implicit,0.9285714285714285,0.07142857142857142,0.01365538372894321
51.0,implicit,0.9285714285714285,0.14285714285714285,0.0349132335427801
51.0,implicit,0.9285714285714285,0.21428571428571427,0.05575885585596269
51.0,implicit,0.9285714285714285,0.2857142857142857,0.07596616407714382
51.0,implicit,0.9285714285714285,0.3571428571428571,0.0944719819878968
51.0,implicit,0.9285714285714285,0.42857142857142855,0.10876542929212366
51.0,implicit,0.9285714285714285,0.5,0.11450967032903474
51.0,implicit,0.9285714285714285,0.5714285714285714,0.10876542929212339
51.0,implicit,0.9285714285714285,0.6428571428571428,0.09447198198789666
51.0,implicit,0.9285714285714285,0.7142857142857142,0.0759661640771438
51.0,implicit,0.9285714285714285,0.7857142857142857,0.05575885585596273
51.0,implicit,0.9285714285714285,0.8571428571428571,0.03491323354278012
51.0,implicit,0.9285714285714285,0.9285714285714285,0.013655383728943211
51.0,implicit,0.9285714285714285,1.0,-0.05017570435845366
51.0,implicit,1.0,0.0,-0.05017570435845366
51.0,implicit,1.0,0.07142857142857142,-0.05017570435845366
51.0,implicit,1.0,0.14285714285714285,-0.05017570435845366
51.0,implicit,1.0,0.21428571428571427,-0.05017570435845366
51.0,implicit,1.0,0.2857142857142857,-0.05017570435845366
51.0,implicit,1.0,0.3571428571428571,-0.05017570435845366
51.0,implicit,1.0,0.42857142857142855,-0.05017570435845366
51.0,implicit,1.0,0.5,-0.05017570435845366
51.0,implicit,1.0,0.5714285714285714,-0.05017570435845366
51.0,implicit,1.0,0.6428571428571428,-0.05017570435845366
51.0,implicit,1.0,0.7142857142857142,-0.05017570435845366
51.0,implicit,1.0,0.7857142857142857,-0.05017570435845366
51.0,implicit,1.0,0.8571428571428571,-0.05017570435845366
51.0,implicit,1.0,0.9285714285714285,-0.05017570435845366
51.0,implicit,1.0,1.0,-0.05017570435845366
52.0,implicit,0.0,0.0,0.03287511096596845
52.0,implicit,0.0,0.07142857142857142,0.03287511096596845
52.0,implicit,0.0,0.14285714285714285,0.03287511096596845
52.0,implicit,0.0,0.21428571428571427,0.03287511096596845
52.0,implicit,0.0,0.2857142857142857,0.03287511096596845
52.0,implicit,0.0,0.3571428571428571,0.03287511096596845
52.0,implicit,0.0,0.42857142857142855,0.03287511096596845
52.0,implicit,0.0,0.5,0.03287511096596845
52.0,implicit,0.0,0.5714285714285714,0.03287511096596845
52.0,implicit,0.0,0.6428571428571428,0.03287511096596845
52.0,implicit,0.0,0.7142857142857142,0.03287511096596845
52.0,implicit,0.0,0.7857142857142857,0.03287511096596845
52.0,implicit,0.0,0.8571428571428571,0.03287511096596845
52.0,implicit,0.0,0.9285714285714285,0.03287511096596845
52.0,implicit,0.0,1.0,0.03287511096596845
52.0,implicit,0.07142857142857142,0.0,0.03287511096596845
52.0,implicit,0.07142857142857142,0.07142857142857142,0.01722751985896655
52.0,implicit,0.07142857142857142,0.14285714285714285,0.03675927493472238
52.0,implicit,0.07142857142857142,0.21428571428571427,0.057559154928100244
52.0,implicit,0.07142857142857142,0.2857142857142857,0.07773341469485766
52.0,implicit,0.07142857142857142,0.3571428571428571,0.0961688171827587
52.0,implicit,0.07142857142857142,0.42857142857142855,0.11034468909069539
52.0,implicit,0.07142857142857142,0.5,0.11601067689476867
52.0,implicit,0.07142857142857142,0.5714285714285714,0.11034468909069503
52.0,implicit,0.07142857142857142,0.6428571428571428,0.09616881718275856
52.0,implicit,0.07142857142857142,0.7142857142857142,0.07773341469485763
52.0,implicit,0.07142857142857142,0.7857142857142857,0.05755915492810024
52.0,implicit,0.07142857142857142,0.8571428571428571,0.03675927493472239
52.0,implicit,0.07142857142857142,0.9285714285714285,0.017227519858966554
52.0,implicit,0.07142857142857142,1.0,0.03287511096596845
52.0,implicit,0.14285714285714285,0.0,0.03287511096596845
52.0,implicit,0.14285714285714285,0.07142857142857142,0.03675927493472238
52.0,implicit,0.14285714285714285,0.14285714285714285,0.07715887759143497
52.0,implicit,0.14285714285714285,0.21428571428571427,0.1187817938638345
52.0,implicit,0.14285714285714285,0.2857142857142857,0.15902421645896914
52.0,implicit,0.14285714285714285,0.3571428571428571,0.19584189181702383
52.0,implicit,0.14285714285714285,0.42857142857142855,0.22417199821155848
52.0,implicit,0.14285714285714285,0.5,0.23549745055989108
52.0,implicit,0.14285714285714285,0.5714285714285714,0.22417199821155806
52.0,implicit,0.14285714285714285,0.6428571428571428,0.1958418918170233
52.0,implicit,0.14285714285714285,0.7142857142857142,0.15902421645896894
52.0,implicit,0.14285714285714285,0.7857142857142857,0.11878179386383446
52.0,implicit,0.14285714285714285,0.8571428571428571,0.07715887759143497
52.0,implicit,0.14285714285714285,0.9285714285714285,0.03675927493472239
52.0,implicit,0.14285714285714285,1.0,0.03287511096596845
52.0,implicit,0.21428571428571427,0.0,0.03287511096596845
52.0,implicit,0.21428571428571427,0.07142857142857142,0.05755915492809996
52.0,implicit,0.21428571428571427,0.14285714285714285,0.1187817938638343
52.0,implicit,0.21428571428571427,0.21428571428571427,0.1808813186114217
52.0,implicit,0.21428571428571427,0.2857142857142857,0.24096294124857995
52.0,implicit,0.21428571428571427,0.3571428571428571,0.2960350954269855
52.0,implicit,0.21428571428571427,0.42857142857142855,0.338442652205046
52.0,implicit,0.21428571428571427,0.5,0.3553990602639838
52.0,implicit,0.21428571428571427,0.5714285714285714,0.3384426522050446
52.0,implicit,0.21428571428571427,0.6428571428571428,0.29603509542698514
52.0,implicit,0.21428571428571427,0.7142857142857142,0.24096294124857986
52.0,implicit,0.21428571428571427,0.7857142857142857,0.1808813186114217
52.0,implicit,0.21428571428571427,0.8571428571428571,0.11878179386383429
52.0,implicit,0.21428571428571427,0.9285714285714285,0.05755915492809998
52.0,implicit,0.21428571428571427,1.0,0.03287511096596845
52.0,implicit,0.2857142857142857,0.0,0.03287511096596845
52.0,implicit,0.2857142857142857,0.07142857142857142,0.0777334146948572
52.0,implicit,0.2857142857142857,0.14285714285714285,0.15902421645896886
52.0,implicit,0.2857142857142857,0.21428571428571427,0.24096294124857937
52.0,implicit,0.2857142857142857,0.2857142857142857,0.32039004696926904
52.0,implicit,0.2857142857142857,0.3571428571428571,0.3933128857961765
52.0,implicit,0.2857142857142857,0.42857142857142855,0.449498511710722
52.0,implicit,0.2857142857142857,0.5,0.4719676915561552
52.0,implicit,0.2857142857142857,0.5714285714285714,0.44949851171072264
52.0,implicit,0.2857142857142857,0.6428571428571428,0.393312885796177
52.0,implicit,0.2857142857142857,0.7142857142857142,0.3203900469692691
52.0,implicit,0.2857142857142857,0.7857142857142857,0.24096294124857928
52.0,implicit,0.2857142857142857,0.8571428571428571,0.1590242164589687
52.0,implicit,0.2857142857142857,0.9285714285714285,0.0777334146948571
52.0,implicit,0.2857142857142857,1.0,0.03287511096596845
52.0,implicit,0.3571428571428571,0.0,0.03287511096596845
52.0,implicit,0.3571428571428571,0.07142857142857142,0.09616881718275845
52.0,implicit,0.3571428571428571,0.14285714285714285,0.19584189181702252
52.0,implicit,0.3571428571428571,0.21428571428571427,0.2960350954269845
52.0,implicit,0.3571428571428571,0.2857142857142857,0.39331288579617363
52.0,implicit,0.3571428571428571,0.3571428571428571,0.48272564079220176
52.0,implicit,0.3571428571428571,0.42857142857142855,0.5516451814791355
52.0,implicit,0.3571428571428571,0.5,0.5792110582088877
52.0,implicit,0.3571428571428571,0.5714285714285714,0.5516451814791373
52.0,implicit,0.3571428571428571,0.6428571428571428,0.4827256407922022
52.0,implicit,0.3571428571428571,0.7142857142857142,0.3933128857961733
52.0,implicit,0.3571428571428571,0.7857142857142857,0.29603509542698414
52.0,implicit,0.3571428571428571,0.8571428571428571,0.19584189181702208
52.0,implicit,0.3571428571428571,0.9285714285714285,0.09616881718275833
52.0,implicit,0.3571428571428571,1.0,0.03287511096596845
52.0,implicit,0.42857142857142855,0.0,0.03287511096596845
52.0,implicit,0.42857142857142855,0.07142857142857142,0.11034468909069547
52.0,implicit,0.42857142857142855,0.14285714285714285,0.22417199821155806
52.0,implicit,0.42857142857142855,0.21428571428571427,0.33844265220504516
52.0,implicit,0.42857142857142855,0.2857142857142857,0.449498511710723
52.0,implicit,0.42857142857142855,0.3571428571428571,0.5516451814791392
52.0,implicit,0.42857142857142855,0.42857142857142855,0.6304027349689989
52.0,implicit,0.42857142857142855,0.5,0.6619082443319494
52.0,implicit,0.42857142857142855,0.5714285714285714,0.6304027349689953
52.0,implicit,0.42857142857142855,0.6428571428571428,0.5516451814791365
52.0,implicit,0.42857142857142855,0.7142857142857142,0.4494985117107216
52.0,implicit,0.42857142857142855,0.7857142857142857,0.33844265220504466
52.0,implicit,0.42857142857142855,0.8571428571428571,0.22417199821155803
52.0,implicit,0.42857142857142855,0.9285714285714285,0.11034468909069545
52.0,implicit,0.42857142857142855,1.0,0.03287511096596845
52.0,implicit,0.5,0.0,0.03287511096596845
52.0,implicit,0.5,0.07142857142857142,0.11601067689476893
52.0,implicit,0.5,0.14285714285714285,0.23549745055989177
52.0,implicit,0.5,0.21428571428571427,0.35539906026398643
52.0,implicit,0.5,0.2857142857142857,0.47196769155615775
52.0,implicit,0.5,0.3571428571428571,0.5792110582088902
52.0,implicit,0.5,0.42857142857142855,0.6619082443319498
52.0,implicit,0.5,0.5,0.6949923599341062
52.0,implicit,0.5,0.5714285714285714,0.6619082443319497
52.0,implicit,0.5,0.6428571428571428,0.5792110582088854
52.0,implicit,0.5,0.7142857142857142,0.4719676915561545
52.0,implicit,0.5,0.7857142857142857,0.3553990602639862
52.0,implicit,0.5,0.8571428571428571,0.23549745055989177
52.0,implicit,0.5,0.9285714285714285,0.11601067689476895
52.0,implicit,0.5,1.0,0.03287511096596845
52.0,implicit,0.5714285714285714,0.0,0.03287511096596845
52.0,implicit,0.5714285714285714,0.07142857142857142,0.11034468909069528
52.0,implicit,0.5714285714285714,0.14285714285714285,0.2241719982115588
52.0,implicit,0.5714285714285714,0.21428571428571427,0.33844265220504727
52.0,implicit,0.5714285714285714,0.2857142857142857,0.44949851171072447
52.0,implicit,0.5714285714285714,0.3571428571428571,0.5516451814791401
52.0,implicit,0.5714285714285714,0.42857142857142855,0.6304027349689988
52.0,implicit,0.5714285714285714,0.5,0.6619082443319522
52.0,implicit,0.5714285714285714,0.5714285714285714,0.6304027349689975
52.0,implicit,0.5714285714285714,0.6428571428571428,0.5516451814791381
52.0,implicit,0.5714285714285714,0.7142857142857142,0.4494985117107256
52.0,implicit,0.5714285714285714,0.7857142857142857,0.3384426522050463
52.0,implicit,0.5714285714285714,0.8571428571428571,0.2241719982115588
52.0,implicit,0.5714285714285714,0.9285714285714285,0.11034468909069535
52.0,implicit,0.5714285714285714,1.0,0.03287511096596845
52.0,implicit,0.6428571428571428,0.0,0.03287511096596845
52.0,implicit,0.6428571428571428,0.07142857142857142,0.09616881718275883
52.0,implicit,0.6428571428571428,0.14285714285714285,0.19584189181702513
52.0,implicit,0.6428571428571428,0.21428571428571427,0.2960350954269862
52.0,implicit,0.6428571428571428,0.2857142857142857,0.3933128857961779
52.0,implicit,0.6428571428571428,0.3571428571428571,0.4827256407922033
52.0,implicit,0.6428571428571428,0.42857142857142855,0.5516451814791397
52.0,implicit,0.6428571428571428,0.5,0.5792110582088874
52.0,implicit,0.6428571428571428,0.5714285714285714,0.551645181479139
52.0,implicit,0.6428571428571428,0.6428571428571428,0.48272564079220404
52.0,implicit,0.6428571428571428,0.7142857142857142,0.3933128857961785
52.0,implicit,0.6428571428571428,0.7857142857142857,0.29603509542698586
52.0,implicit,0.6428571428571428,0.8571428571428571,0.19584189181702366
52.0,implicit,0.6428571428571428,0.9285714285714285,0.09616881718275855
52.0,implicit,0.6428571428571428,1.0,0.03287511096596845
52.0,implicit,0.7142857142857142,0.0,0.03287511096596845
52.0,implicit,0.7142857142857142,0.07142857142857142,0.07773341469485778
52.0,implicit,0.7142857142857142,0.14285714285714285,0.15902421645896944
52.0,implicit,0.7142857142857142,0.21428571428571427,0.24096294124858042
52.0,implicit,0.7142857142857142,0.2857142857142857,0.32039004696927004
52.0,implicit,0.7142857142857142,0.3571428571428571,0.393312885796176
52.0,implicit,0.7142857142857142,0.42857142857142855,0.4494985117107227
52.0,implicit,0.7142857142857142,0.5,0.4719676915561563
52.0,implicit,0.7142857142857142,0.5714285714285714,0.4494985117107221
52.0,implicit,0.7142857142857142,0.6428571428571428,0.3933128857961756
52.0,implicit,0.7142857142857142,0.7142857142857142,0.3203900469692701
52.0,implicit,0.7142857142857142,0.7857142857142857,0.24096294124858034
52.0,implicit,0.7142857142857142,0.8571428571428571,0.15902421645896914
52.0,implicit,0.7142857142857142,0.9285714285714285,0.07773341469485763
52.0,implicit,0.7142857142857142,1.0,0.03287511096596845
52.0,implicit,0.7857142857142857,0.0,0.03287511096596845
52.0,implicit,0.7857142857142857,0.07142857142857142,0.05755915492810029
52.0,implicit,0.7857142857142857,0.14285714285714285,0.11878179386383471
52.0,implicit,0.7857142857142857,0.21428571428571427,0.18088131861142193
52.0,implicit,0.7857142857142857,0.2857142857142857,0.24096294124857962
52.0,implicit,0.7857142857142857,0.3571428571428571,0.2960350954269848
52.0,implicit,0.7857142857142857,0.42857142857142855,0.33844265220504466
52.0,implicit,0.7857142857142857,0.5,0.35539906026398427
52.0,implicit,0.7857142857142857,0.5714285714285714,0.338442652205044
52.0,implicit,0.7857142857142857,0.6428571428571428,0.2960350954269848
52.0,implicit,0.7857142857142857,0.7142857142857142,0.24096294124857964
52.0,implicit,0.7857142857142857,0.7857142857142857,0.18088131861142195
52.0,implicit,0.7857142857142857,0.8571428571428571,0.11878179386383461
52.0,implicit,0.7857142857142857,0.9285714285714285,0.05755915492810025
52.0,implicit,0.7857142857142857,1.0,0.03287511096596845
52.0,implicit,0.8571428571428571,0.0,0.03287511096596845
52.0,implicit,0.8571428571428571,0.07142857142857142,0.036759274934722405
52.0,implicit,0.8571428571428571,0.14285714285714285,0.07715887759143504
52.0,implicit,0.8571428571428571,0.21428571428571427,0.11878179386383439
52.0,implicit,0.8571428571428571,0.2857142857142857,0.15902421645896883
52.0,implicit,0.8571428571428571,0.3571428571428571,0.19584189181702244
52.0,implicit,0.8571428571428571,0.42857142857142855,0.22417199821155795
52.0,implicit,0.8571428571428571,0.5,0.23549745055989105
52.0,implicit,0.8571428571428571,0.5714285714285714,0.22417199821155753
52.0,implicit,0.8571428571428571,0.6428571428571428,0.1958418918170231
52.0,implicit,0.8571428571428571,0.7142857142857142,0.15902421645896908
52.0,implicit,0.8571428571428571,0.7857142857142857,0.11878179386383446
52.0,implicit,0.8571428571428571,0.8571428571428571,0.07715887759143505
52.0,implicit,0.8571428571428571,0.9285714285714285,0.036759274934722405
52.0,implicit,0.8571428571428571,1.0,0.03287511096596845
52.0,implicit,0.9285714285714285,0.0,0.03287511096596845
52.0,implicit,0.9285714285714285,0.07142857142857142,0.017227519858966558
52.0,implicit,0.9285714285714285,0.14285714285714285,0.0367592749347224
52.0,implicit,0.9285714285714285,0.21428571428571427,0.057559154928100015
52.0,implicit,0.9285714285714285,0.2857142857142857,0.07773341469485724
52.0,implicit,0.9285714285714285,0.3571428571428571,0.09616881718275859
52.0,implicit,0.9285714285714285,0.42857142857142855,0.11034468909069543
52.0,implicit,0.9285714285714285,0.5,0.11601067689476881
52.0,implicit,0.9285714285714285,0.5714285714285714,0.11034468909069522
52.0,implicit,0.9285714285714285,0.6428571428571428,0.09616881718275844
52.0,implicit,0.9285714285714285,0.7142857142857142,0.07773341469485724
52.0,implicit,0.9285714285714285,0.7857142857142857,0.05755915492810004
52.0,implicit,0.9285714285714285,0.8571428571428571,0.03675927493472242
52.0,implicit,0.9285714285714285,0.9285714285714285,0.01722751985896656
52.0,implicit,0.9285714285714285,1.0,0.03287511096596845
52.0,implicit,1.0,0.0,0.03287511096596845
52.0,implicit,1.0,0.07142857142857142,0.03287511096596845
52.0,implicit,1.0,0.14285714285714285,0.03287511096596845
52.0,implicit,1.0,0.21428571428571427,0.03287511096596845
52.0,implicit,1.0,0.2857142857142857,0.03287511096596845
52.0,implicit,1.0,0.3571428571428571,0.03287511096596845
52.0,implicit,1.0,0.42857142857142855,0.03287511096596845
52.0,implicit,1.0,0.5,0.03287511096596845
52.0,implicit,1.0,0.5714285714285714,0.03287511096596845
52.0,implicit,1.0,0.6428571428571428,0.03287511096596845
52.0,implicit,1.0,0.7142857142857142,0.03287511096596845
52.0,implicit,1.0,0.7857142857142857,0.03287511096596845
52.0,implicit,1.0,0.8571428571428571,0.03287511096596845
52.0,implicit,1.0,0.9285714285714285,0.03287511096596845
52.0,implicit,1.0,1.0,0.03287511096596845
53.0,implicit,0.0,0.0,-0.05297602037670388
53.0,implicit,0.0,0.07142857142857142,-0.05297602037670388
53.0,implicit,0.0,0.14285714285714285,-0.05297602037670388
53.0,implicit,0.0,0.21428571428571427,-0.05297602037670388
53.0,implicit,0.0,0.2857142857142857,-0.05297602037670388
53.0,implicit,0.0,0.3571428571428571,-0.05297602037670388
53.0,implicit,0.0,0.42857142857142855,-0.05297602037670388
53.0,implicit,0.0,0.5,-0.05297602037670388
53.0,implicit,0.0,0.5714285714285714,-0.05297602037670388
53.0,implicit,0.0,0.6428571428571428,-0.05297602037670388
53.0,implicit,0.0,0.7142857142857142,-0.05297602037670388
53.0,implicit,0.0,0.7857142857142857,-0.05297602037670388
53.0,implicit,0.0,0.8571428571428571,-0.05297602037670388
53.0,implicit,0.0,0.9285714285714285,-0.05297602037670388
53.0,implicit,0.0,1.0,-0.05297602037670388
53.0,implicit,0.07142857142857142,0.0,-0.05297602037670388
53.0,implicit,0.07142857142857142,0.07142857142857142,0.015894979849069117
53.0,implicit,0.07142857142857142,0.14285714285714285,0.03610949375939444
53.0,implicit,0.07142857142857142,0.21428571428571427,0.05689333360646518
53.0,implicit,0.07142857142857142,0.2857142857142857,0.07705068566588705
53.0,implicit,0.07142857142857142,0.3571428571428571,0.09545077849532504
53.0,implicit,0.07142857142857142,0.42857142857142855,0.10956872604175448
53.0,implicit,0.07142857142857142,0.5,0.11519674393727167
53.0,implicit,0.07142857142857142,0.5714285714285714,0.10956872604175412
53.0,implicit,0.07142857142857142,0.6428571428571428,0.0954507784953249
53.0,implicit,0.07142857142857142,0.7142857142857142,0.077050685665887
53.0,implicit,0.07142857142857142,0.7857142857142857,0.056893333606465174
53.0,implicit,0.07142857142857142,0.8571428571428571,0.036109493759394456
53.0,implicit,0.07142857142857142,0.9285714285714285,0.01589497984906912
53.0,implicit,0.07142857142857142,1.0,-0.05297602037670388
53.0,implicit,0.14285714285714285,0.0,-0.05297602037670388
53.0,implicit,0.14285714285714285,0.07142857142857142,0.03610949375939444
53.0,implicit,0.14285714285714285,0.14285714285714285,0.07717334487235508
53.0,implicit,0.14285714285714285,0.21428571428571427,0.11876545558794165
53.0,implicit,0.14285714285714285,0.2857142857142857,0.1589761920426196
53.0,implicit,0.14285714285714285,0.3571428571428571,0.1957226636358757
53.0,implicit,0.14285714285714285,0.42857142857142855,0.2239362323576374
53.0,implicit,0.14285714285714285,0.5,0.23518550094565002
53.0,implicit,0.14285714285714285,0.5714285714285714,0.223936232357637
53.0,implicit,0.14285714285714285,0.6428571428571428,0.1957226636358752
53.0,implicit,0.14285714285714285,0.7142857142857142,0.1589761920426194
53.0,implicit,0.14285714285714285,0.7857142857142857,0.1187654555879416
53.0,implicit,0.14285714285714285,0.8571428571428571,0.07717334487235508
53.0,implicit,0.14285714285714285,0.9285714285714285,0.036109493759394456
53.0,implicit,0.14285714285714285,1.0,-0.05297602037670388
53.0,implicit,0.21428571428571427,0.0,-0.05297602037670388
53.0,implicit,0.21428571428571427,0.07142857142857142,0.056893333606464896
53.0,implicit,0.21428571428571427,0.14285714285714285,0.11876545558794144
53.0,implicit,0.21428571428571427,0.21428571428571427,0.18082579726612036
53.0,implicit,0.21428571428571427,0.2857142857142857,0.24085882752565238
53.0,implicit,0.21428571428571427,0.3571428571428571,0.29582043449067247
53.0,implicit,0.21428571428571427,0.42857142857142855,0.3380504874245615
53.0,implicit,0.21428571428571427,0.5,0.35489168233240176
53.0,implicit,0.21428571428571427,0.5714285714285714,0.3380504874245603
53.0,implicit,0.21428571428571427,0.6428571428571428,0.29582043449067214
53.0,implicit,0.21428571428571427,0.7142857142857142,0.24085882752565232
53.0,implicit,0.21428571428571427,0.7857142857142857,0.18082579726612036
53.0,implicit,0.21428571428571427,0.8571428571428571,0.11876545558794142
53.0,implicit,0.21428571428571427,0.9285714285714285,0.05689333360646492
53.0,implicit,0.21428571428571427,1.0,-0.05297602037670388
53.0,implicit,0.2857142857142857,0.0,-0.05297602037670388
53.0,implicit,0.2857142857142857,0.07142857142857142,0.07705068566588658
53.0,implicit,0.2857142857142857,0.14285714285714285,0.15897619204261929
53.0,implicit,0.2857142857142857,0.21428571428571427,0.24085882752565177
53.0,implicit,0.2857142857142857,0.2857142857142857,0.320209650532036
53.0,implicit,0.2857142857142857,0.3571428571428571,0.3929734617306035
53.0,implicit,0.2857142857142857,0.42857142857142855,0.4489145200646869
53.0,implicit,0.2857142857142857,0.5,0.4712273662647807
53.0,implicit,0.2857142857142857,0.5714285714285714,0.4489145200646877
53.0,implicit,0.2857142857142857,0.6428571428571428,0.392973461730604
53.0,implicit,0.2857142857142857,0.7142857142857142,0.32020965053203604
53.0,implicit,0.2857142857142857,0.7857142857142857,0.2408588275256517
53.0,implicit,0.2857142857142857,0.8571428571428571,0.15897619204261912
53.0,implicit,0.2857142857142857,0.9285714285714285,0.07705068566588648
53.0,implicit,0.2857142857142857,1.0,-0.05297602037670388
53.0,implicit,0.3571428571428571,0.0,-0.05297602037670388
53.0,implicit,0.3571428571428571,0.07142857142857142,0.09545077849532478
53.0,implicit,0.3571428571428571,0.14285714285714285,0.1957226636358744
53.0,implicit,0.3571428571428571,0.21428571428571427,0.2958204344906714
53.0,implicit,0.3571428571428571,0.2857142857142857,0.3929734617306007
53.0,implicit,0.3571428571428571,0.3571428571428571,0.482161719840905
53.0,implicit,0.3571428571428571,0.42857142857142855,0.5507589173856948
53.0,implicit,0.3571428571428571,0.5,0.5781241334431216
53.0,implicit,0.3571428571428571,0.5714285714285714,0.5507589173856968
53.0,implicit,0.3571428571428571,0.6428571428571428,0.4821617198409055
53.0,implicit,0.3571428571428571,0.7142857142857142,0.3929734617306004
53.0,implicit,0.3571428571428571,0.7857142857142857,0.2958204344906711
53.0,implicit,0.3571428571428571,0.8571428571428571,0.195722663635874
53.0,implicit,0.3571428571428571,0.9285714285714285,0.09545077849532468
53.0,implicit,0.3571428571428571,1.0,-0.05297602037670388
53.0,implicit,0.42857142857142855,0.0,-0.05297602037670388
53.0,implicit,0.42857142857142855,0.07142857142857142,0.10956872604175456
53.0,implicit,0.42857142857142855,0.14285714285714285,0.22393623235763696
53.0,implicit,0.42857142857142855,0.21428571428571427,0.3380504874245608
53.0,implicit,0.42857142857142855,0.2857142857142857,0.44891452006468807
53.0,implicit,0.42857142857142855,0.3571428571428571,0.5507589173856985
53.0,implicit,0.42857142857142855,0.42857142857142855,0.6291130418316134
53.0,implicit,0.42857142857142855,0.5,0.6603751945361706
53.0,implicit,0.42857142857142855,0.5714285714285714,0.6291130418316101
53.0,implicit,0.42857142857142855,0.6428571428571428,0.5507589173856958
53.0,implicit,0.42857142857142855,0.7142857142857142,0.4489145200646866
53.0,implicit,0.42857142857142855,0.7857142857142857,0.33805048742456023
53.0,implicit,0.42857142857142855,0.8571428571428571,0.2239362323576369
53.0,implicit,0.42857142857142855,0.9285714285714285,0.10956872604175454
53.0,implicit,0.42857142857142855,1.0,-0.05297602037670388
53.0,implicit,0.5,0.0,-0.05297602037670388
53.0,implicit,0.5,0.07142857142857142,0.11519674393727192
53.0,implicit,0.5,0.14285714285714285,0.23518550094565077
53.0,implicit,0.5,0.21428571428571427,0.3548916823324043
53.0,implicit,0.5,0.2857142857142857,0.47122736626478334
53.0,implicit,0.5,0.3571428571428571,0.5781241334431242
53.0,implicit,0.5,0.42857142857142855,0.6603751945361708
53.0,implicit,0.5,0.5,0.6931947235322606
53.0,implicit,0.5,0.5714285714285714,0.6603751945361709
53.0,implicit,0.5,0.6428571428571428,0.5781241334431195
53.0,implicit,0.5,0.7142857142857142,0.4712273662647801
53.0,implicit,0.5,0.7857142857142857,0.3548916823324041
53.0,implicit,0.5,0.8571428571428571,0.23518550094565074
53.0,implicit,0.5,0.9285714285714285,0.11519674393727193
53.0,implicit,0.5,1.0,-0.05297602037670388
53.0,implicit,0.5714285714285714,0.0,-0.05297602037670388
53.0,implicit,0.5714285714285714,0.07142857142857142,0.10956872604175437
53.0,implicit,0.5714285714285714,0.14285714285714285,0.22393623235763774
53.0,implicit,0.5714285714285714,0.21428571428571427,0.33805048742456284
53.0,implicit,0.5714285714285714,0.2857142857142857,0.44891452006468957
53.0,implicit,0.5714285714285714,0.3571428571428571,0.5507589173856994
53.0,implicit,0.5714285714285714,0.42857142857142855,0.6291130418316135
53.0,implicit,0.5714285714285714,0.5,0.6603751945361734
53.0,implicit,0.5714285714285714,0.5714285714285714,0.6291130418316122
53.0,implicit,0.5714285714285714,0.6428571428571428,0.5507589173856974
53.0,implicit,0.5714285714285714,0.7142857142857142,0.4489145200646905
53.0,implicit,0.5714285714285714,0.7857142857142857,0.33805048742456184
53.0,implicit,0.5714285714285714,0.8571428571428571,0.22393623235763768
53.0,implicit,0.5714285714285714,0.9285714285714285,0.10956872604175444
53.0,implicit,0.5714285714285714,1.0,-0.05297602037670388
53.0,implicit,0.6428571428571428,0.0,-0.05297602037670388
53.0,implicit,0.6428571428571428,0.07142857142857142,0.09545077849532516
53.0,implicit,0.6428571428571428,0.14285714285714285,0.19572266363587704
53.0,implicit,0.6428571428571428,0.21428571428571427,0.2958204344906732
53.0,implicit,0.6428571428571428,0.2857142857142857,0.39297346173060493
53.0,implicit,0.6428571428571428,0.3571428571428571,0.48216171984090656
53.0,implicit,0.6428571428571428,0.42857142857142855,0.550758917385699
53.0,implicit,0.6428571428571428,0.5,0.5781241334431212
53.0,implicit,0.6428571428571428,0.5714285714285714,0.5507589173856984
53.0,implicit,0.6428571428571428,0.6428571428571428,0.4821617198409072
53.0,implicit,0.6428571428571428,0.7142857142857142,0.39297346173060554
53.0,implicit,0.6428571428571428,0.7857142857142857,0.29582043449067286
53.0,implicit,0.6428571428571428,0.8571428571428571,0.19572266363587554
53.0,implicit,0.6428571428571428,0.9285714285714285,0.09545077849532489
53.0,implicit,0.6428571428571428,1.0,-0.05297602037670388
53.0,implicit,0.7142857142857142,0.0,-0.05297602037670388
53.0,implicit,0.7142857142857142,0.07142857142857142,0.07705068566588716
53.0,implicit,0.7142857142857142,0.14285714285714285,0.1589761920426199
53.0,implicit,0.7142857142857142,0.21428571428571427,0.24085882752565285
53.0,implicit,0.7142857142857142,0.2857142857142857,0.32020965053203704
53.0,implicit,0.7142857142857142,0.3571428571428571,0.39297346173060316
53.0,implicit,0.7142857142857142,0.42857142857142855,0.4489145200646878
53.0,implicit,0.7142857142857142,0.5,0.4712273662647818
53.0,implicit,0.7142857142857142,0.5714285714285714,0.4489145200646871
53.0,implicit,0.7142857142857142,0.6428571428571428,0.3929734617306027
53.0,implicit,0.7142857142857142,0.7142857142857142,0.3202096505320371
53.0,implicit,0.7142857142857142,0.7857142857142857,0.24085882752565277
53.0,implicit,0.7142857142857142,0.8571428571428571,0.1589761920426196
53.0,implicit,0.7142857142857142,0.9285714285714285,0.077050685665887
53.0,implicit,0.7142857142857142,1.0,-0.05297602037670388
53.0,implicit,0.7857142857142857,0.0,-0.05297602037670388
53.0,implicit,0.7857142857142857,0.07142857142857142,0.05689333360646523
53.0,implicit,0.7857142857142857,0.14285714285714285,0.11876545558794185
53.0,implicit,0.7857142857142857,0.21428571428571427,0.1808257972661206
53.0,implicit,0.7857142857142857,0.2857142857142857,0.24085882752565202
53.0,implicit,0.7857142857142857,0.3571428571428571,0.2958204344906718
53.0,implicit,0.7857142857142857,0.42857142857142855,0.33805048742456023
53.0,implicit,0.7857142857142857,0.5,0.3548916823324022
53.0,implicit,0.7857142857142857,0.5714285714285714,0.33805048742455956
53.0,implicit,0.7857142857142857,0.6428571428571428,0.2958204344906718
53.0,implicit,0.7857142857142857,0.7142857142857142,0.24085882752565205
53.0,implicit,0.7857142857142857,0.7857142857142857,0.18082579726612064
53.0,implicit,0.7857142857142857,0.8571428571428571,0.11876545558794177
53.0,implicit,0.7857142857142857,0.9285714285714285,0.056893333606465195
53.0,implicit,0.7857142857142857,1.0,-0.05297602037670388
53.0,implicit,0.8571428571428571,0.0,-0.05297602037670388
53.0,implicit,0.8571428571428571,0.07142857142857142,0.03610949375939447
53.0,implicit,0.8571428571428571,0.14285714285714285,0.07717334487235515
53.0,implicit,0.8571428571428571,0.21428571428571427,0.11876545558794152
53.0,implicit,0.8571428571428571,0.2857142857142857,0.15897619204261926
53.0,implicit,0.8571428571428571,0.3571428571428571,0.19572266363587434
53.0,implicit,0.8571428571428571,0.42857142857142855,0.22393623235763685
53.0,implicit,0.8571428571428571,0.5,0.23518550094565002
53.0,implicit,0.8571428571428571,0.5714285714285714,0.22393623235763646
53.0,implicit,0.8571428571428571,0.6428571428571428,0.195722663635875
53.0,implicit,0.8571428571428571,0.7142857142857142,0.15897619204261948
53.0,implicit,0.8571428571428571,0.7857142857142857,0.11876545558794159
53.0,implicit,0.8571428571428571,0.8571428571428571,0.07717334487235517
53.0,implicit,0.8571428571428571,0.9285714285714285,0.03610949375939447
53.0,implicit,0.8571428571428571,1.0,-0.05297602037670388
53.0,implicit,0.9285714285714285,0.0,-0.05297602037670388
53.0,implicit,0.9285714285714285,0.07142857142857142,0.015894979849069124
53.0,implicit,0.9285714285714285,0.14285714285714285,0.03610949375939446
53.0,implicit,0.9285714285714285,0.21428571428571427,0.056893333606464945
53.0,implicit,0.9285714285714285,0.2857142857142857,0.07705068566588663
53.0,implicit,0.9285714285714285,0.3571428571428571,0.09545077849532492
53.0,implicit,0.9285714285714285,0.42857142857142855,0.10956872604175452
53.0,implicit,0.9285714285714285,0.5,0.1151967439372718
53.0,implicit,0.9285714285714285,0.5714285714285714,0.1095687260417543
53.0,implicit,0.9285714285714285,0.6428571428571428,0.09545077849532478
53.0,implicit,0.9285714285714285,0.7142857142857142,0.07705068566588662
53.0,implicit,0.9285714285714285,0.7857142857142857,0.05689333360646498
53.0,implicit,0.9285714285714285,0.8571428571428571,0.036109493759394484
53.0,implicit,0.9285714285714285,0.9285714285714285,0.015894979849069128
53.0,implicit,0.9285714285714285,1.0,-0.05297602037670388
53.0,implicit,1.0,0.0,-0.05297602037670388
53.0,implicit,1.0,0.07142857142857142,-0.05297602037670388
53.0,implicit,1.0,0.14285714285714285,-0.05297602037670388
53.0,implicit,1.0,0.21428571428571427,-0.05297602037670388
53.0,implicit,1.0,0.2857142857142857,-0.05297602037670388
53.0,implicit,1.0,0.3571428571428571,-0.05297602037670388
53.0,implicit,1.0,0.42857142857142855,-0.05297602037670388
53.0,implicit,1.0,0.5,-0.05297602037670388
53.0,implicit,1.0,0.5714285714285714,-0.05297602037670388
53.0,implicit,1.0,0.6428571428571428,-0.05297602037670388
53.0,implicit,1.0,0.7142857142857142,-0.05297602037670388
53.0,implicit,1.0,0.7857142857142857,-0.05297602037670388
53.0,implicit,1.0,0.8571428571428571,-0.05297602037670388
53.0,implicit,1.0,0.9285714285714285,-0.05297602037670388
53.0,implicit,1.0,1.0,-0.05297602037670388
54.0,implicit,0.0,0.0,0.009707754934804039
54.0,implicit,0.0,0.07142857142857142,0.009707754934804039
54.0,implicit,0.0,0.14285714285714285,0.009707754934804039
54.0,implicit,0.0,0.21428571428571427,0.009707754934804039
54.0,implicit,0.0,0.2857142857142857,0.009707754934804039
54.0,implicit,0.0,0.3571428571428571,0.009707754934804039
54.0,implicit,0.0,0.42857142857142855,0.009707754934804039
54.0,implicit,0.0,0.5,0.009707754934804039
54.0,implicit,0.0,0.5714285714285714,0.009707754934804039
54.0,implicit,0.0,0.6428571428571428,0.009707754934804039
54.0,implicit,0.0,0.7142857142857142,0.009707754934804039
54.0,implicit,0.0,0.7857142857142857,0.009707754934804039
54.0,implicit,0.0,0.8571428571428571,0.009707754934804039
54.0,implicit,0.0,0.9285714285714285,0.009707754934804039
54.0,implicit,0.0,1.0,0.009707754934804039
54.0,implicit,0.07142857142857142,0.0,0.009707754934804039
54.0,implicit,0.07142857142857142,0.07142857142857142,0.01767282370560278
54.0,implicit,0.07142857142857142,0.14285714285714285,0.0370703291715885
54.0,implicit,0.07142857142857142,0.21428571428571427,0.05780313445706916
54.0,implicit,0.07142857142857142,0.2857142857142857,0.07792568772835513
54.0,implicit,0.07142857142857142,0.3571428571428571,0.096254983948086
54.0,implicit,0.07142857142857142,0.42857142857142855,0.11025877794176499
54.0,implicit,0.07142857142857142,0.5,0.11581305585762022
54.0,implicit,0.07142857142857142,0.5714285714285714,0.11025877794176461
54.0,implicit,0.07142857142857142,0.6428571428571428,0.09625498394808582
54.0,implicit,0.07142857142857142,0.7142857142857142,0.07792568772835509
54.0,implicit,0.07142857142857142,0.7857142857142857,0.05780313445706915
54.0,implicit,0.07142857142857142,0.8571428571428571,0.03707032917158851
54.0,implicit,0.07142857142857142,0.9285714285714285,0.017672823705602785
54.0,implicit,0.07142857142857142,1.0,0.009707754934804039
54.0,implicit,0.14285714285714285,0.0,0.009707754934804039
54.0,implicit,0.14285714285714285,0.07142857142857142,0.0370703291715885
54.0,implicit,0.14285714285714285,0.14285714285714285,0.07724343357714887
54.0,implicit,0.14285714285714285,0.21428571428571427,0.11875394355155774
54.0,implicit,0.14285714285714285,0.2857142857142857,0.1588993008531675
54.0,implicit,0.14285714285714285,0.3571428571428571,0.19550302163520522
54.0,implicit,0.14285714285714285,0.42857142857142855,0.2234868879790333
54.0,implicit,0.14285714285714285,0.5,0.2345881773100935
54.0,implicit,0.14285714285714285,0.5714285714285714,0.22348688797903282
54.0,implicit,0.14285714285714285,0.6428571428571428,0.19550302163520478
54.0,implicit,0.14285714285714285,0.7142857142857142,0.15889930085316728
54.0,implicit,0.14285714285714285,0.7857142857142857,0.11875394355155769
54.0,implicit,0.14285714285714285,0.8571428571428571,0.07724343357714888
54.0,implicit,0.14285714285714285,0.9285714285714285,0.03707032917158851
54.0,implicit,0.14285714285714285,1.0,0.009707754934804039
54.0,implicit,0.21428571428571427,0.0,0.009707754934804039
54.0,implicit,0.21428571428571427,0.07142857142857142,0.05780313445706886
54.0,implicit,0.21428571428571427,0.14285714285714285,0.11875394355155752
54.0,implicit,0.21428571428571427,0.21428571428571427,0.18071472109817582
54.0,implicit,0.21428571428571427,0.2857142857142857,0.24064764108644876
54.0,implicit,0.21428571428571427,0.3571428571428571,0.29538762946456565
54.0,implicit,0.21428571428571427,0.42857142857142855,0.337267661940695
54.0,implicit,0.21428571428571427,0.5,0.35388498327465445
54.0,implicit,0.21428571428571427,0.5714285714285714,0.33726766194069374
54.0,implicit,0.21428571428571427,0.6428571428571428,0.2953876294645653
54.0,implicit,0.21428571428571427,0.7142857142857142,0.24064764108644868
54.0,implicit,0.21428571428571427,0.7857142857142857,0.18071472109817582
54.0,implicit,0.21428571428571427,0.8571428571428571,0.11875394355155751
54.0,implicit,0.21428571428571427,0.9285714285714285,0.05780313445706888
54.0,implicit,0.21428571428571427,1.0,0.009707754934804039
54.0,implicit,0.2857142857142857,0.0,0.009707754934804039
54.0,implicit,0.2857142857142857,0.07142857142857142,0.07792568772835463
54.0,implicit,0.2857142857142857,0.14285714285714285,0.15889930085316714
54.0,implicit,0.2857142857142857,0.21428571428571427,0.24064764108644815
54.0,implicit,0.2857142857142857,0.2857142857142857,0.3198421689999968
54.0,implicit,0.2857142857142857,0.3571428571428571,0.3922872028898149
54.0,implicit,0.2857142857142857,0.42857142857142855,0.4477457394141131
54.0,implicit,0.2857142857142857,0.5,0.4697546512522655
54.0,implicit,0.2857142857142857,0.5714285714285714,0.447745739414114
54.0,implicit,0.2857142857142857,0.6428571428571428,0.3922872028898154
54.0,implicit,0.2857142857142857,0.7142857142857142,0.31984216899999685
54.0,implicit,0.2857142857142857,0.7857142857142857,0.24064764108644807
54.0,implicit,0.2857142857142857,0.8571428571428571,0.158899300853167
54.0,implicit,0.2857142857142857,0.9285714285714285,0.07792568772835455
54.0,implicit,0.2857142857142857,1.0,0.009707754934804039
54.0,implicit,0.3571428571428571,0.0,0.009707754934804039
54.0,implicit,0.3571428571428571,0.07142857142857142,0.09625498394808564
54.0,implicit,0.3571428571428571,0.14285714285714285,0.19550302163520406
54.0,implicit,0.3571428571428571,0.21428571428571427,0.2953876294645646
54.0,implicit,0.3571428571428571,0.2857142857142857,0.39228720288981206
54.0,implicit,0.3571428571428571,0.3571428571428571,0.4810261708726842
54.0,implicit,0.3571428571428571,0.42857142857142855,0.5489874630596909
54.0,implicit,0.3571428571428571,0.5,0.5759624675896221
54.0,implicit,0.3571428571428571,0.5714285714285714,0.5489874630596927
54.0,implicit,0.3571428571428571,0.6428571428571428,0.4810261708726846
54.0,implicit,0.3571428571428571,0.7142857142857142,0.3922872028898118
54.0,implicit,0.3571428571428571,0.7857142857142857,0.2953876294645643
54.0,implicit,0.3571428571428571,0.8571428571428571,0.1955030216352035
54.0,implicit,0.3571428571428571,0.9285714285714285,0.09625498394808554
54.0,implicit,0.3571428571428571,1.0,0.009707754934804039
54.0,implicit,0.42857142857142855,0.0,0.009707754934804039
54.0,implicit,0.42857142857142855,0.07142857142857142,0.11025877794176507
54.0,implicit,0.42857142857142855,0.14285714285714285,0.22348688797903282
54.0,implicit,0.42857142857142855,0.21428571428571427,0.33726766194069413
54.0,implicit,0.42857142857142855,0.2857142857142857,0.4477457394141144
54.0,implicit,0.42857142857142855,0.3571428571428571,0.5489874630596947
54.0,implicit,0.42857142857142855,0.42857142857142855,0.6265468667908801
54.0,implicit,0.42857142857142855,0.5,0.6573360550667071
54.0,implicit,0.42857142857142855,0.5714285714285714,0.6265468667908766
54.0,implicit,0.42857142857142855,0.6428571428571428,0.548987463059692
54.0,implicit,0.42857142857142855,0.7142857142857142,0.4477457394141128
54.0,implicit,0.42857142857142855,0.7857142857142857,0.33726766194069346
54.0,implicit,0.42857142857142855,0.8571428571428571,0.2234868879790327
54.0,implicit,0.42857142857142855,0.9285714285714285,0.11025877794176506
54.0,implicit,0.42857142857142855,1.0,0.009707754934804039
54.0,implicit,0.5,0.0,0.009707754934804039
54.0,implicit,0.5,0.07142857142857142,0.11581305585762047
54.0,implicit,0.5,0.14285714285714285,0.23458817731009424
54.0,implicit,0.5,0.21428571428571427,0.3538849832746571
54.0,implicit,0.5,0.2857142857142857,0.4697546512522682
54.0,implicit,0.5,0.3571428571428571,0.5759624675896248
54.0,implicit,0.5,0.42857142857142855,0.6573360550667077
54.0,implicit,0.5,0.5,0.6896418008654226
54.0,implicit,0.5,0.5714285714285714,0.6573360550667076
54.0,implicit,0.5,0.6428571428571428,0.5759624675896199
54.0,implicit,0.5,0.7142857142857142,0.4697546512522652
54.0,implicit,0.5,0.7857142857142857,0.3538849832746568
54.0,implicit,0.5,0.8571428571428571,0.23458817731009418
54.0,implicit,0.5,0.9285714285714285,0.11581305585762049
54.0,implicit,0.5,1.0,0.009707754934804039
54.0,implicit,0.5714285714285714,0.0,0.009707754934804039
54.0,implicit,0.5714285714285714,0.07142857142857142,0.11025877794176489
54.0,implicit,0.5714285714285714,0.14285714285714285,0.22348688797903365
54.0,implicit,0.5714285714285714,0.21428571428571427,0.3372676619406963
54.0,implicit,0.5714285714285714,0.2857142857142857,0.4477457394141159
54.0,implicit,0.5714285714285714,0.3571428571428571,0.5489874630596956
54.0,implicit,0.5714285714285714,0.42857142857142855,0.6265468667908801
54.0,implicit,0.5714285714285714,0.5,0.6573360550667099
54.0,implicit,0.5714285714285714,0.5714285714285714,0.6265468667908788
54.0,implicit,0.5714285714285714,0.6428571428571428,0.5489874630596934
54.0,implicit,0.5714285714285714,0.7142857142857142,0.4477457394141166
54.0,implicit,0.5714285714285714,0.7857142857142857,0.3372676619406953
54.0,implicit,0.5714285714285714,0.8571428571428571,0.2234868879790335
54.0,implicit,0.5714285714285714,0.9285714285714285,0.11025877794176497
54.0,implicit,0.5714285714285714,1.0,0.009707754934804039
54.0,implicit,0.6428571428571428,0.0,0.009707754934804039
54.0,implicit,0.6428571428571428,0.07142857142857142,0.09625498394808606
54.0,implicit,0.6428571428571428,0.14285714285714285,0.19550302163520666
54.0,implicit,0.6428571428571428,0.21428571428571427,0.2953876294645665
54.0,implicit,0.6428571428571428,0.2857142857142857,0.3922872028898164
54.0,implicit,0.6428571428571428,0.3571428571428571,0.4810261708726856
54.0,implicit,0.6428571428571428,0.42857142857142855,0.5489874630596948
54.0,implicit,0.6428571428571428,0.5,0.5759624675896221
54.0,implicit,0.6428571428571428,0.5714285714285714,0.5489874630596943
54.0,implicit,0.6428571428571428,0.6428571428571428,0.4810261708726863
54.0,implicit,0.6428571428571428,0.7142857142857142,0.3922872028898168
54.0,implicit,0.6428571428571428,0.7857142857142857,0.29538762946456604
54.0,implicit,0.6428571428571428,0.8571428571428571,0.19550302163520517
54.0,implicit,0.6428571428571428,0.9285714285714285,0.09625498394808583
54.0,implicit,0.6428571428571428,1.0,0.009707754934804039
54.0,implicit,0.7142857142857142,0.0,0.009707754934804039
54.0,implicit,0.7142857142857142,0.07142857142857142,0.07792568772835523
54.0,implicit,0.7142857142857142,0.14285714285714285,0.15889930085316778
54.0,implicit,0.7142857142857142,0.21428571428571427,0.2406476410864493
54.0,implicit,0.7142857142857142,0.2857142857142857,0.3198421689999979
54.0,implicit,0.7142857142857142,0.3571428571428571,0.39228720288981433
54.0,implicit,0.7142857142857142,0.42857142857142855,0.4477457394141137
54.0,implicit,0.7142857142857142,0.5,0.4697546512522665
54.0,implicit,0.7142857142857142,0.5714285714285714,0.4477457394141132
54.0,implicit,0.7142857142857142,0.6428571428571428,0.39228720288981395
54.0,implicit,0.7142857142857142,0.7142857142857142,0.3198421689999979
54.0,implicit,0.7142857142857142,0.7857142857142857,0.24064764108644915
54.0,implicit,0.7142857142857142,0.8571428571428571,0.1588993008531675
54.0,implicit,0.7142857142857142,0.9285714285714285,0.07792568772835509
54.0,implicit,0.7142857142857142,1.0,0.009707754934804039
54.0,implicit,0.7857142857142857,0.0,0.009707754934804039
54.0,implicit,0.7857142857142857,0.07142857142857142,0.05780313445706921
54.0,implicit,0.7857142857142857,0.14285714285714285,0.11875394355155794
54.0,implicit,0.7857142857142857,0.21428571428571427,0.18071472109817605
54.0,implicit,0.7857142857142857,0.2857142857142857,0.24064764108644845
54.0,implicit,0.7857142857142857,0.3571428571428571,0.295387629464565
54.0,implicit,0.7857142857142857,0.42857142857142855,0.3372676619406935
54.0,implicit,0.7857142857142857,0.5,0.3538849832746549
54.0,implicit,0.7857142857142857,0.5714285714285714,0.33726766194069285
54.0,implicit,0.7857142857142857,0.6428571428571428,0.2953876294645649
54.0,implicit,0.7857142857142857,0.7142857142857142,0.24064764108644848
54.0,implicit,0.7857142857142857,0.7857142857142857,0.18071472109817607
54.0,implicit,0.7857142857142857,0.8571428571428571,0.11875394355155784
54.0,implicit,0.7857142857142857,0.9285714285714285,0.05780313445706917
54.0,implicit,0.7857142857142857,1.0,0.009707754934804039
54.0,implicit,0.8571428571428571,0.0,0.009707754934804039
54.0,implicit,0.8571428571428571,0.07142857142857142,0.03707032917158852
54.0,implicit,0.8571428571428571,0.14285714285714285,0.07724343357714894
54.0,implicit,0.8571428571428571,0.21428571428571427,0.1187539435515576
54.0,implicit,0.8571428571428571,0.2857142857142857,0.1588993008531671
54.0,implicit,0.8571428571428571,0.3571428571428571,0.19550302163520386
54.0,implicit,0.8571428571428571,0.42857142857142855,0.22348688797903263
54.0,implicit,0.8571428571428571,0.5,0.23458817731009346
54.0,implicit,0.8571428571428571,0.5714285714285714,0.22348688797903224
54.0,implicit,0.8571428571428571,0.6428571428571428,0.19550302163520455
54.0,implicit,0.8571428571428571,0.7142857142857142,0.15889930085316736
54.0,implicit,0.8571428571428571,0.7857142857142857,0.11875394355155768
54.0,implicit,0.8571428571428571,0.8571428571428571,0.07724343357714895
54.0,implicit,0.8571428571428571,0.9285714285714285,0.03707032917158852
54.0,implicit,0.8571428571428571,1.0,0.009707754934804039
54.0,implicit,0.9285714285714285,0.0,0.009707754934804039
54.0,implicit,0.9285714285714285,0.07142857142857142,0.01767282370560279
54.0,implicit,0.9285714285714285,0.14285714285714285,0.03707032917158852
54.0,implicit,0.9285714285714285,0.21428571428571427,0.05780313445706892
54.0,implicit,0.9285714285714285,0.2857142857142857,0.07792568772835469
54.0,implicit,0.9285714285714285,0.3571428571428571,0.09625498394808579
54.0,implicit,0.9285714285714285,0.42857142857142855,0.11025877794176506
54.0,implicit,0.9285714285714285,0.5,0.11581305585762033
54.0,implicit,0.9285714285714285,0.5714285714285714,0.11025877794176481
54.0,implicit,0.9285714285714285,0.6428571428571428,0.09625498394808568
54.0,implicit,0.9285714285714285,0.7142857142857142,0.07792568772835468
54.0,implicit,0.9285714285714285,0.7857142857142857,0.05780313445706895
54.0,implicit,0.9285714285714285,0.8571428571428571,0.03707032917158854
54.0,implicit,0.9285714285714285,0.9285714285714285,0.017672823705602792
54.0,implicit,0.9285714285714285,1.0,0.009707754934804039
54.0,implicit,1.0,0.0,0.009707754934804039
54.0,implicit,1.0,0.07142857142857142,0.009707754934804039
54.0,implicit,1.0,0.14285714285714285,0.009707754934804039
54.0,implicit,1.0,0.21428571428571427,0.009707754934804039
54.0,implicit,1.0,0.2857142857142857,0.009707754934804039
54.0,implicit,1.0,0.3571428571428571,0.009707754934804039
54.0,implicit,1.0,0.42857142857142855,0.009707754934804039
54.0,implicit,1.0,0.5,0.009707754934804039
54.0,implicit,1.0,0.5714285714285714,0.009707754934804039
54.0,implicit,1.0,0.6428571428571428,0.009707754934804039
54.0,implicit,1.0,0.7142857142857142,0.009707754934804039
54.0,implicit,1.0,0.7857142857142857,0.009707754934804039
54.0,implicit,1.0,0.8571428571428571,0.009707754934804039
54.0,implicit,1.0,0.9285714285714285,0.009707754934804039
54.0,implicit,1.0,1.0,0.009707754934804039
55.0,implicit,0.0,0.0,-0.07020530938773524
55.0,implicit,0.0,0.07142857142857142,-0.07020530938773524
55.0,implicit,0.0,0.14285714285714285,-0.07020530938773524
55.0,implicit,0.0,0.21428571428571427,-0.07020530938773524
55.0,implicit,0.0,0.2857142857142857,-0.07020530938773524
55.0,implicit,0.0,0.3571428571428571,-0.07020530938773524
55.0,implicit,0.0,0.42857142857142855,-0.07020530938773524
55.0,implicit,0.0,0.5,-0.07020530938773524
55.0,implicit,0.0,0.5714285714285714,-0.07020530938773524
55.0,implicit,0.0,0.6428571428571428,-0.07020530938773524
55.0,implicit,0.0,0.7142857142857142,-0.07020530938773524
55.0,implicit,0.0,0.7857142857142857,-0.07020530938773524
55.0,implicit,0.0,0.8571428571428571,-0.07020530938773524
55.0,implicit,0.0,0.9285714285714285,-0.07020530938773524
55.0,implicit,0.0,1.0,-0.07020530938773524
55.0,implicit,0.07142857142857142,0.0,-0.07020530938773524
55.0,implicit,0.07142857142857142,0.07142857142857142,0.018367181919442744
55.0,implicit,0.07142857142857142,0.14285714285714285,0.03752802633638087
55.0,implicit,0.07142857142857142,0.21428571428571427,0.05819183481474196
55.0,implicit,0.07142857142857142,0.2857142857142857,0.07827787431025432
55.0,implicit,0.07142857142857142,0.3571428571428571,0.09653616030043645
55.0,implicit,0.07142857142857142,0.42857142857142855,0.11042801816818941
55.0,implicit,0.07142857142857142,0.5,0.11591134712023354
55.0,implicit,0.07142857142857142,0.5714285714285714,0.11042801816818902
55.0,implicit,0.07142857142857142,0.6428571428571428,0.09653616030043627
55.0,implicit,0.07142857142857142,0.7142857142857142,0.07827787431025426
55.0,implicit,0.07142857142857142,0.7857142857142857,0.058191834814741945
55.0,implicit,0.07142857142857142,0.8571428571428571,0.03752802633638088
55.0,implicit,0.07142857142857142,0.9285714285714285,0.018367181919442747
55.0,implicit,0.07142857142857142,1.0,-0.07020530938773524
55.0,implicit,0.14285714285714285,0.0,-0.07020530938773524
55.0,implicit,0.14285714285714285,0.07142857142857142,0.03752802633638087
55.0,implicit,0.14285714285714285,0.14285714285714285,0.07735722321790914
55.0,implicit,0.14285714285714285,0.21428571428571427,0.1187655554320958
55.0,implicit,0.14285714285714285,0.2857142857142857,0.15884245100856165
55.0,implicit,0.14285714285714285,0.3571428571428571,0.19530301333164063
55.0,implicit,0.14285714285714285,0.42857142857142855,0.2230615893493829
55.0,implicit,0.14285714285714285,0.5,0.23402046671520588
55.0,implicit,0.14285714285714285,0.5714285714285714,0.2230615893493824
55.0,implicit,0.14285714285714285,0.6428571428571428,0.19530301333164019
55.0,implicit,0.14285714285714285,0.7142857142857142,0.1588424510085614
55.0,implicit,0.14285714285714285,0.7857142857142857,0.11876555543209574
55.0,implicit,0.14285714285714285,0.8571428571428571,0.07735722321790915
55.0,implicit,0.14285714285714285,0.9285714285714285,0.03752802633638089
55.0,implicit,0.14285714285714285,1.0,-0.07020530938773524
55.0,implicit,0.21428571428571427,0.0,-0.07020530938773524
55.0,implicit,0.21428571428571427,0.07142857142857142,0.058191834814741654
55.0,implicit,0.21428571428571427,0.14285714285714285,0.11876555543209558
55.0,implicit,0.21428571428571427,0.21428571428571427,0.18060455962734304
55.0,implicit,0.21428571428571427,0.2857142857142857,0.24043307557796673
55.0,implicit,0.21428571428571427,0.3571428571428571,0.2949508274132605
55.0,implicit,0.21428571428571427,0.42857142857142855,0.33648736764922543
55.0,implicit,0.21428571428571427,0.5,0.3528891288832794
55.0,implicit,0.21428571428571427,0.5714285714285714,0.33648736764922405
55.0,implicit,0.21428571428571427,0.6428571428571428,0.29495082741326006
55.0,implicit,0.21428571428571427,0.7142857142857142,0.24043307557796664
55.0,implicit,0.21428571428571427,0.7857142857142857,0.18060455962734304
55.0,implicit,0.21428571428571427,0.8571428571428571,0.11876555543209556
55.0,implicit,0.21428571428571427,0.9285714285714285,0.058191834814741675
55.0,implicit,0.21428571428571427,1.0,-0.07020530938773524
55.0,implicit,0.2857142857142857,0.0,-0.07020530938773524
55.0,implicit,0.2857142857142857,0.07142857142857142,0.0782778743102538
55.0,implicit,0.2857142857142857,0.14285714285714285,0.15884245100856123
55.0,implicit,0.2857142857142857,0.21428571428571427,0.24043307557796614
55.0,implicit,0.2857142857142857,0.2857142857142857,0.3194659726650646
55.0,implicit,0.2857142857142857,0.3571428571428571,0.39159140173591794
55.0,implicit,0.2857142857142857,0.42857142857142855,0.4465760892590366
55.0,implicit,0.2857142857142857,0.5,0.4682921504765207
55.0,implicit,0.2857142857142857,0.5714285714285714,0.4465760892590376
55.0,implicit,0.2857142857142857,0.6428571428571428,0.3915914017359184
55.0,implicit,0.2857142857142857,0.7142857142857142,0.3194659726650647
55.0,implicit,0.2857142857142857,0.7857142857142857,0.24043307557796606
55.0,implicit,0.2857142857142857,0.8571428571428571,0.15884245100856115
55.0,implicit,0.2857142857142857,0.9285714285714285,0.07827787431025372
55.0,implicit,0.2857142857142857,1.0,-0.07020530938773524
55.0,implicit,0.3571428571428571,0.0,-0.07020530938773524
55.0,implicit,0.3571428571428571,0.07142857142857142,0.0965361603004361
55.0,implicit,0.3571428571428571,0.14285714285714285,0.1953030133316394
55.0,implicit,0.3571428571428571,0.21428571428571427,0.2949508274132594
55.0,implicit,0.3571428571428571,0.2857142857142857,0.391591401735915
55.0,implicit,0.3571428571428571,0.3571428571428571,0.47988088373717347
55.0,implicit,0.3571428571428571,0.42857142857142855,0.547217804575746
55.0,implicit,0.3571428571428571,0.5,0.5738167087764576
55.0,implicit,0.3571428571428571,0.5714285714285714,0.5472178045757476
55.0,implicit,0.3571428571428571,0.6428571428571428,0.47988088373717386
55.0,implicit,0.3571428571428571,0.7142857142857142,0.3915914017359145
55.0,implicit,0.3571428571428571,0.7857142857142857,0.2949508274132592
55.0,implicit,0.3571428571428571,0.8571428571428571,0.19530301333163894
55.0,implicit,0.3571428571428571,0.9285714285714285,0.09653616030043599
55.0,implicit,0.3571428571428571,1.0,-0.07020530938773524
55.0,implicit,0.42857142857142855,0.0,-0.07020530938773524
55.0,implicit,0.42857142857142855,0.07142857142857142,0.11042801816818948
55.0,implicit,0.42857142857142855,0.14285714285714285,0.22306158934938236
55.0,implicit,0.42857142857142855,0.21428571428571427,0.33648736764922443
55.0,implicit,0.42857142857142855,0.2857142857142857,0.44657608925903797
55.0,implicit,0.42857142857142855,0.3571428571428571,0.5472178045757503
55.0,implicit,0.42857142857142855,0.42857142857142855,0.6239983820939635
55.0,implicit,0.42857142857142855,0.5,0.6543320676311247
55.0,implicit,0.42857142857142855,0.5714285714285714,0.6239983820939602
55.0,implicit,0.42857142857142855,0.6428571428571428,0.5472178045757469
55.0,implicit,0.42857142857142855,0.7142857142857142,0.4465760892590363
55.0,implicit,0.42857142857142855,0.7857142857142857,0.3364873676492239
55.0,implicit,0.42857142857142855,0.8571428571428571,0.22306158934938222
55.0,implicit,0.42857142857142855,0.9285714285714285,0.11042801816818944
55.0,implicit,0.42857142857142855,1.0,-0.07020530938773524
55.0,implicit,0.5,0.0,-0.07020530938773524
55.0,implicit,0.5,0.07142857142857142,0.11591134712023379
55.0,implicit,0.5,0.14285714285714285,0.23402046671520663
55.0,implicit,0.5,0.21428571428571427,0.352889128883282
55.0,implicit,0.5,0.2857142857142857,0.4682921504765232
55.0,implicit,0.5,0.3571428571428571,0.5738167087764603
55.0,implicit,0.5,0.42857142857142855,0.654332067631125
55.0,implicit,0.5,0.5,0.6861435497626712
55.0,implicit,0.5,0.5714285714285714,0.6543320676311252
55.0,implicit,0.5,0.6428571428571428,0.5738167087764552
55.0,implicit,0.5,0.7142857142857142,0.4682921504765203
55.0,implicit,0.5,0.7857142857142857,0.3528891288832818
55.0,implicit,0.5,0.8571428571428571,0.23402046671520657
55.0,implicit,0.5,0.9285714285714285,0.1159113471202338
55.0,implicit,0.5,1.0,-0.07020530938773524
55.0,implicit,0.5714285714285714,0.0,-0.07020530938773524
55.0,implicit,0.5714285714285714,0.07142857142857142,0.11042801816818926
55.0,implicit,0.5714285714285714,0.14285714285714285,0.2230615893493832
55.0,implicit,0.5714285714285714,0.21428571428571427,0.33648736764922654
55.0,implicit,0.5714285714285714,0.2857142857142857,0.44657608925903935
55.0,implicit,0.5714285714285714,0.3571428571428571,0.5472178045757506
55.0,implicit,0.5714285714285714,0.42857142857142855,0.6239983820939639
55.0,implicit,0.5714285714285714,0.5,0.6543320676311277
55.0,implicit,0.5714285714285714,0.5714285714285714,0.6239983820939627
55.0,implicit,0.5714285714285714,0.6428571428571428,0.5472178045757483
55.0,implicit,0.5714285714285714,0.7142857142857142,0.4465760892590403
55.0,implicit,0.5714285714285714,0.7857142857142857,0.3364873676492256
55.0,implicit,0.5714285714285714,0.8571428571428571,0.22306158934938305
55.0,implicit,0.5714285714285714,0.9285714285714285,0.11042801816818935
55.0,implicit,0.5714285714285714,1.0,-0.07020530938773524
55.0,implicit,0.6428571428571428,0.0,-0.07020530938773524
55.0,implicit,0.6428571428571428,0.07142857142857142,0.09653616030043652
55.0,implicit,0.6428571428571428,0.14285714285714285,0.19530301333164204
55.0,implicit,0.6428571428571428,0.21428571428571427,0.2949508274132614
55.0,implicit,0.6428571428571428,0.2857142857142857,0.39159140173591933
55.0,implicit,0.6428571428571428,0.3571428571428571,0.47988088373717497
55.0,implicit,0.6428571428571428,0.42857142857142855,0.5472178045757502
55.0,implicit,0.6428571428571428,0.5,0.5738167087764577
55.0,implicit,0.6428571428571428,0.5714285714285714,0.5472178045757495
55.0,implicit,0.6428571428571428,0.6428571428571428,0.4798808837371756
55.0,implicit,0.6428571428571428,0.7142857142857142,0.39159140173591983
55.0,implicit,0.6428571428571428,0.7857142857142857,0.29495082741326095
55.0,implicit,0.6428571428571428,0.8571428571428571,0.19530301333164057
55.0,implicit,0.6428571428571428,0.9285714285714285,0.09653616030043632
55.0,implicit,0.6428571428571428,1.0,-0.07020530938773524
55.0,implicit,0.7142857142857142,0.0,-0.07020530938773524
55.0,implicit,0.7142857142857142,0.07142857142857142,0.0782778743102544
55.0,implicit,0.7142857142857142,0.14285714285714285,0.15884245100856192
55.0,implicit,0.7142857142857142,0.21428571428571427,0.24043307557796725
55.0,implicit,0.7142857142857142,0.2857142857142857,0.3194659726650659
55.0,implicit,0.7142857142857142,0.3571428571428571,0.3915914017359172
55.0,implicit,0.7142857142857142,0.42857142857142855,0.44657608925903747
55.0,implicit,0.7142857142857142,0.5,0.46829215047652173
55.0,implicit,0.7142857142857142,0.5714285714285714,0.44657608925903686
55.0,implicit,0.7142857142857142,0.6428571428571428,0.39159140173591706
55.0,implicit,0.7142857142857142,0.7142857142857142,0.3194659726650659
55.0,implicit,0.7142857142857142,0.7857142857142857,0.24043307557796711
55.0,implicit,0.7142857142857142,0.8571428571428571,0.15884245100856162
55.0,implicit,0.7142857142857142,0.9285714285714285,0.07827787431025428
55.0,implicit,0.7142857142857142,1.0,-0.07020530938773524
55.0,implicit,0.7857142857142857,0.0,-0.07020530938773524
55.0,implicit,0.7857142857142857,0.07142857142857142,0.05819183481474201
55.0,implicit,0.7857142857142857,0.14285714285714285,0.11876555543209602
55.0,implicit,0.7857142857142857,0.21428571428571427,0.1806045596273433
55.0,implicit,0.7857142857142857,0.2857142857142857,0.24043307557796648
55.0,implicit,0.7857142857142857,0.3571428571428571,0.2949508274132598
55.0,implicit,0.7857142857142857,0.42857142857142855,0.33648736764922377
55.0,implicit,0.7857142857142857,0.5,0.35288912888327983
55.0,implicit,0.7857142857142857,0.5714285714285714,0.3364873676492232
55.0,implicit,0.7857142857142857,0.6428571428571428,0.2949508274132597
55.0,implicit,0.7857142857142857,0.7142857142857142,0.2404330755779665
55.0,implicit,0.7857142857142857,0.7857142857142857,0.18060455962734331
55.0,implicit,0.7857142857142857,0.8571428571428571,0.11876555543209592
55.0,implicit,0.7857142857142857,0.9285714285714285,0.05819183481474197
55.0,implicit,0.7857142857142857,1.0,-0.07020530938773524
55.0,implicit,0.8571428571428571,0.0,-0.07020530938773524
55.0,implicit,0.8571428571428571,0.07142857142857142,0.03752802633638089
55.0,implicit,0.8571428571428571,0.14285714285714285,0.0773572232179092
55.0,implicit,0.8571428571428571,0.21428571428571427,0.11876555543209567
55.0,implicit,0.8571428571428571,0.2857142857142857,0.1588424510085612
55.0,implicit,0.8571428571428571,0.3571428571428571,0.1953030133316393
55.0,implicit,0.8571428571428571,0.42857142857142855,0.22306158934938217
55.0,implicit,0.8571428571428571,0.5,0.23402046671520582
55.0,implicit,0.8571428571428571,0.5714285714285714,0.22306158934938183
55.0,implicit,0.8571428571428571,0.6428571428571428,0.1953030133316399
55.0,implicit,0.8571428571428571,0.7142857142857142,0.15884245100856148
55.0,implicit,0.8571428571428571,0.7857142857142857,0.11876555543209576
55.0,implicit,0.8571428571428571,0.8571428571428571,0.07735722321790921
55.0,implicit,0.8571428571428571,0.9285714285714285,0.03752802633638089
55.0,implicit,0.8571428571428571,1.0,-0.07020530938773524
55.0,implicit,0.9285714285714285,0.0,-0.07020530938773524
55.0,implicit,0.9285714285714285,0.07142857142857142,0.01836718191944275
55.0,implicit,0.9285714285714285,0.14285714285714285,0.037528026336380894
55.0,implicit,0.9285714285714285,0.21428571428571427,0.05819183481474172
55.0,implicit,0.9285714285714285,0.2857142857142857,0.07827787431025388
55.0,implicit,0.9285714285714285,0.3571428571428571,0.09653616030043623
55.0,implicit,0.9285714285714285,0.42857142857142855,0.11042801816818945
55.0,implicit,0.9285714285714285,0.5,0.11591134712023363
55.0,implicit,0.9285714285714285,0.5714285714285714,0.1104280181681892
55.0,implicit,0.9285714285714285,0.6428571428571428,0.09653616030043606
55.0,implicit,0.9285714285714285,0.7142857142857142,0.07827787431025385
55.0,implicit,0.9285714285714285,0.7857142857142857,0.05819183481474175
55.0,implicit,0.9285714285714285,0.8571428571428571,0.037528026336380915
55.0,implicit,0.9285714285714285,0.9285714285714285,0.018367181919442754
55.0,implicit,0.9285714285714285,1.0,-0.07020530938773524
55.0,implicit,1.0,0.0,-0.07020530938773524
55.0,implicit,1.0,0.07142857142857142,-0.07020530938773524
55.0,implicit,1.0,0.14285714285714285,-0.07020530938773524
55.0,implicit,1.0,0.21428571428571427,-0.07020530938773524
55.0,implicit,1.0,0.2857142857142857,-0.07020530938773524
55.0,implicit,1.0,0.3571428571428571,-0.07020530938773524
55.0,implicit,1.0,0.42857142857142855,-0.07020530938773524
55.0,implicit,1.0,0.5,-0.07020530938773524
55.0,implicit,1.0,0.5714285714285714,-0.07020530938773524
55.0,implicit,1.0,0.6428571428571428,-0.07020530938773524
55.0,implicit,1.0,0.7142857142857142,-0.07020530938773524
55.0,implicit,1.0,0.7857142857142857,-0.07020530938773524
55.0,implicit,1.0,0.8571428571428571,-0.07020530938773524
55.0,implicit,1.0,0.9285714285714285,-0.07020530938773524
55.0,implicit,1.0,1.0,-0.07020530938773524
56.0,implicit,0.0,0.0,-0.032766214659776825
56.0,implicit,0.0,0.07142857142857142,-0.032766214659776825
56.0,implicit,0.0,0.14285714285714285,-0.032766214659776825
56.0,implicit,0.0,0.21428571428571427,-0.032766214659776825
56.0,implicit,0.0,0.2857142857142857,-0.032766214659776825
56.0,implicit,0.0,0.3571428571428571,-0.032766214659776825
56.0,implicit,0.0,0.42857142857142855,-0.032766214659776825
56.0,implicit,0.0,0.5,-0.032766214659776825
56.0,implicit,0.0,0.5714285714285714,-0.032766214659776825
56.0,implicit,0.0,0.6428571428571428,-0.032766214659776825
56.0,implicit,0.0,0.7142857142857142,-0.032766214659776825
56.0,implicit,0.0,0.7857142857142857,-0.032766214659776825
56.0,implicit,0.0,0.8571428571428571,-0.032766214659776825
56.0,implicit,0.0,0.9285714285714285,-0.032766214659776825
56.0,implicit,0.0,1.0,-0.032766214659776825
56.0,implicit,0.07142857142857142,0.0,-0.032766214659776825
56.0,implicit,0.07142857142857142,0.07142857142857142,0.017526855302233715
56.0,implicit,0.07142857142857142,0.14285714285714285,0.03713616324055499
56.0,implicit,0.07142857142857142,0.21428571428571427,0.05777909710575949
56.0,implicit,0.07142857142857142,0.2857142857142857,0.07784648442039957
56.0,implicit,0.07142857142857142,0.3571428571428571,0.0960691964121019
56.0,implicit,0.07142857142857142,0.42857142857142855,0.1099059015329373
56.0,implicit,0.07142857142857142,0.5,0.11535475215578657
56.0,implicit,0.07142857142857142,0.5714285714285714,0.10990590153293689
56.0,implicit,0.07142857142857142,0.6428571428571428,0.09606919641210171
56.0,implicit,0.07142857142857142,0.7142857142857142,0.0778464844203995
56.0,implicit,0.07142857142857142,0.7857142857142857,0.05777909710575948
56.0,implicit,0.07142857142857142,0.8571428571428571,0.037136163240555006
56.0,implicit,0.07142857142857142,0.9285714285714285,0.017526855302233718
56.0,implicit,0.07142857142857142,1.0,-0.032766214659776825
56.0,implicit,0.14285714285714285,0.0,-0.032766214659776825
56.0,implicit,0.14285714285714285,0.07142857142857142,0.03713616324055499
56.0,implicit,0.14285714285714285,0.14285714285714285,0.07738786624292147
56.0,implicit,0.14285714285714285,0.21428571428571427,0.11875847142916507
56.0,implicit,0.14285714285714285,0.2857142857142857,0.15880023999565426
56.0,implicit,0.14285714285714285,0.3571428571428571,0.19518909113783514
56.0,implicit,0.14285714285714285,0.42857142857142855,0.22283664423870625
56.0,implicit,0.14285714285714285,0.5,0.23372630257748722
56.0,implicit,0.14285714285714285,0.5714285714285714,0.22283664423870575
56.0,implicit,0.14285714285714285,0.6428571428571428,0.19518909113783472
56.0,implicit,0.14285714285714285,0.7142857142857142,0.158800239995654
56.0,implicit,0.14285714285714285,0.7857142857142857,0.11875847142916501
56.0,implicit,0.14285714285714285,0.8571428571428571,0.07738786624292149
56.0,implicit,0.14285714285714285,0.9285714285714285,0.03713616324055501
56.0,implicit,0.14285714285714285,1.0,-0.032766214659776825
56.0,implicit,0.21428571428571427,0.0,-0.032766214659776825
56.0,implicit,0.21428571428571427,0.07142857142857142,0.05777909710575919
56.0,implicit,0.21428571428571427,0.14285714285714285,0.11875847142916483
56.0,implicit,0.21428571428571427,0.21428571428571427,0.18054935052622983
56.0,implicit,0.21428571428571427,0.2857142857142857,0.24032431951714453
56.0,implicit,0.21428571428571427,0.3571428571428571,0.29473075335007476
56.0,implicit,0.21428571428571427,0.42857142857142855,0.33609794951680727
56.0,implicit,0.21428571428571427,0.5,0.3523948978723909
56.0,implicit,0.21428571428571427,0.5714285714285714,0.3360979495168059
56.0,implicit,0.21428571428571427,0.6428571428571428,0.29473075335007437
56.0,implicit,0.21428571428571427,0.7142857142857142,0.24032431951714445
56.0,implicit,0.21428571428571427,0.7857142857142857,0.18054935052622983
56.0,implicit,0.21428571428571427,0.8571428571428571,0.11875847142916482
56.0,implicit,0.21428571428571427,0.9285714285714285,0.05777909710575921
56.0,implicit,0.21428571428571427,1.0,-0.032766214659776825
56.0,implicit,0.2857142857142857,0.0,-0.032766214659776825
56.0,implicit,0.2857142857142857,0.07142857142857142,0.07784648442039904
56.0,implicit,0.2857142857142857,0.14285714285714285,0.15880023999565387
56.0,implicit,0.2857142857142857,0.21428571428571427,0.24032431951714392
56.0,implicit,0.2857142857142857,0.2857142857142857,0.31927467693482503
56.0,implicit,0.2857142857142857,0.3571428571428571,0.39124004477510577
56.0,implicit,0.2857142857142857,0.42857142857142855,0.4459910048645085
56.0,implicit,0.2857142857142857,0.5,0.4675645983084556
56.0,implicit,0.2857142857142857,0.5714285714285714,0.44599100486450954
56.0,implicit,0.2857142857142857,0.6428571428571428,0.39124004477510615
56.0,implicit,0.2857142857142857,0.7142857142857142,0.31927467693482514
56.0,implicit,0.2857142857142857,0.7857142857142857,0.24032431951714386
56.0,implicit,0.2857142857142857,0.8571428571428571,0.15880023999565376
56.0,implicit,0.2857142857142857,0.9285714285714285,0.07784648442039897
56.0,implicit,0.2857142857142857,1.0,-0.032766214659776825
56.0,implicit,0.3571428571428571,0.0,-0.032766214659776825
56.0,implicit,0.3571428571428571,0.07142857142857142,0.0960691964121016
56.0,implicit,0.3571428571428571,0.14285714285714285,0.19518909113783398
56.0,implicit,0.3571428571428571,0.21428571428571427,0.2947307533500736
56.0,implicit,0.3571428571428571,0.2857142857142857,0.39124004477510294
56.0,implicit,0.3571428571428571,0.3571428571428571,0.47930478432711704
56.0,implicit,0.3571428571428571,0.42857142857142855,0.546333777970151
56.0,implicit,0.3571428571428571,0.5,0.5727496744353032
56.0,implicit,0.3571428571428571,0.5714285714285714,0.5463337779701525
56.0,implicit,0.3571428571428571,0.6428571428571428,0.47930478432711743
56.0,implicit,0.3571428571428571,0.7142857142857142,0.3912400447751024
56.0,implicit,0.3571428571428571,0.7857142857142857,0.29473075335007337
56.0,implicit,0.3571428571428571,0.8571428571428571,0.19518909113783353
56.0,implicit,0.3571428571428571,0.9285714285714285,0.09606919641210149
56.0,implicit,0.3571428571428571,1.0,-0.032766214659776825
56.0,implicit,0.42857142857142855,0.0,-0.032766214659776825
56.0,implicit,0.42857142857142855,0.07142857142857142,0.10990590153293735
56.0,implicit,0.42857142857142855,0.14285714285714285,0.22283664423870575
56.0,implicit,0.42857142857142855,0.21428571428571427,0.33609794951680627
56.0,implicit,0.42857142857142855,0.2857142857142857,0.4459910048645099
56.0,implicit,0.42857142857142855,0.3571428571428571,0.5463337779701548
56.0,implicit,0.42857142857142855,0.42857142857142855,0.6227307935579245
56.0,implicit,0.42857142857142855,0.5,0.6528429668150263
56.0,implicit,0.42857142857142855,0.5714285714285714,0.6227307935579209
56.0,implicit,0.42857142857142855,0.6428571428571428,0.5463337779701518
56.0,implicit,0.42857142857142855,0.7142857142857142,0.4459910048645083
56.0,implicit,0.42857142857142855,0.7857142857142857,0.3360979495168057
56.0,implicit,0.42857142857142855,0.8571428571428571,0.22283664423870558
56.0,implicit,0.42857142857142855,0.9285714285714285,0.1099059015329373
56.0,implicit,0.42857142857142855,1.0,-0.032766214659776825
56.0,implicit,0.5,0.0,-0.032766214659776825
56.0,implicit,0.5,0.07142857142857142,0.1153547521557868
56.0,implicit,0.5,0.14285714285714285,0.23372630257748805
56.0,implicit,0.5,0.21428571428571427,0.3523948978723937
56.0,implicit,0.5,0.2857142857142857,0.46756459830845803
56.0,implicit,0.5,0.3571428571428571,0.572749674435306
56.0,implicit,0.5,0.42857142857142855,0.6528429668150265
56.0,implicit,0.5,0.5,0.6844142822324957
56.0,implicit,0.5,0.5714285714285714,0.6528429668150267
56.0,implicit,0.5,0.6428571428571428,0.5727496744353009
56.0,implicit,0.5,0.7142857142857142,0.467564598308455
56.0,implicit,0.5,0.7857142857142857,0.35239489787239336
56.0,implicit,0.5,0.8571428571428571,0.23372630257748794
56.0,implicit,0.5,0.9285714285714285,0.11535475215578683
56.0,implicit,0.5,1.0,-0.032766214659776825
56.0,implicit,0.5714285714285714,0.0,-0.032766214659776825
56.0,implicit,0.5714285714285714,0.07142857142857142,0.10990590153293715
56.0,implicit,0.5714285714285714,0.14285714285714285,0.22283664423870658
56.0,implicit,0.5714285714285714,0.21428571428571427,0.3360979495168085
56.0,implicit,0.5714285714285714,0.2857142857142857,0.44599100486451126
56.0,implicit,0.5714285714285714,0.3571428571428571,0.5463337779701555
56.0,implicit,0.5714285714285714,0.42857142857142855,0.6227307935579248
56.0,implicit,0.5714285714285714,0.5,0.6528429668150293
56.0,implicit,0.5714285714285714,0.5714285714285714,0.6227307935579237
56.0,implicit,0.5714285714285714,0.6428571428571428,0.5463337779701534
56.0,implicit,0.5714285714285714,0.7142857142857142,0.44599100486451243
56.0,implicit,0.5714285714285714,0.7857142857142857,0.33609794951680744
56.0,implicit,0.5714285714285714,0.8571428571428571,0.22283664423870644
56.0,implicit,0.5714285714285714,0.9285714285714285,0.10990590153293725
56.0,implicit,0.5714285714285714,1.0,-0.032766214659776825
56.0,implicit,0.6428571428571428,0.0,-0.032766214659776825
56.0,implicit,0.6428571428571428,0.07142857142857142,0.09606919641210197
56.0,implicit,0.6428571428571428,0.14285714285714285,0.19518909113783653
56.0,implicit,0.6428571428571428,0.21428571428571427,0.29473075335007565
56.0,implicit,0.6428571428571428,0.2857142857142857,0.39124004477510715
56.0,implicit,0.6428571428571428,0.3571428571428571,0.47930478432711854
56.0,implicit,0.6428571428571428,0.42857142857142855,0.546333777970155
56.0,implicit,0.6428571428571428,0.5,0.5727496744353033
56.0,implicit,0.6428571428571428,0.5714285714285714,0.5463337779701543
56.0,implicit,0.6428571428571428,0.6428571428571428,0.47930478432711904
56.0,implicit,0.6428571428571428,0.7142857142857142,0.39124004477510765
56.0,implicit,0.6428571428571428,0.7857142857142857,0.2947307533500752
56.0,implicit,0.6428571428571428,0.8571428571428571,0.19518909113783514
56.0,implicit,0.6428571428571428,0.9285714285714285,0.09606919641210176
56.0,implicit,0.6428571428571428,1.0,-0.032766214659776825
56.0,implicit,0.7142857142857142,0.0,-0.032766214659776825
56.0,implicit,0.7142857142857142,0.07142857142857142,0.07784648442039965
56.0,implicit,0.7142857142857142,0.14285714285714285,0.15880023999565457
56.0,implicit,0.7142857142857142,0.21428571428571427,0.24032431951714506
56.0,implicit,0.7142857142857142,0.2857142857142857,0.3192746769348263
56.0,implicit,0.7142857142857142,0.3571428571428571,0.3912400447751051
56.0,implicit,0.7142857142857142,0.42857142857142855,0.44599100486450965
56.0,implicit,0.7142857142857142,0.5,0.4675645983084566
56.0,implicit,0.7142857142857142,0.5714285714285714,0.44599100486450877
56.0,implicit,0.7142857142857142,0.6428571428571428,0.391240044775105
56.0,implicit,0.7142857142857142,0.7142857142857142,0.3192746769348263
56.0,implicit,0.7142857142857142,0.7857142857142857,0.24032431951714492
56.0,implicit,0.7142857142857142,0.8571428571428571,0.15880023999565424
56.0,implicit,0.7142857142857142,0.9285714285714285,0.07784648442039953
56.0,implicit,0.7142857142857142,1.0,-0.032766214659776825
56.0,implicit,0.7857142857142857,0.0,-0.032766214659776825
56.0,implicit,0.7857142857142857,0.07142857142857142,0.05777909710575954
56.0,implicit,0.7857142857142857,0.14285714285714285,0.11875847142916528
56.0,implicit,0.7857142857142857,0.21428571428571427,0.18054935052623006
56.0,implicit,0.7857142857142857,0.2857142857142857,0.2403243195171443
56.0,implicit,0.7857142857142857,0.3571428571428571,0.2947307533500739
56.0,implicit,0.7857142857142857,0.42857142857142855,0.3360979495168056
56.0,implicit,0.7857142857142857,0.5,0.35239489787239137
56.0,implicit,0.7857142857142857,0.5714285714285714,0.33609794951680505
56.0,implicit,0.7857142857142857,0.6428571428571428,0.29473075335007387
56.0,implicit,0.7857142857142857,0.7142857142857142,0.24032431951714434
56.0,implicit,0.7857142857142857,0.7857142857142857,0.18054935052623008
56.0,implicit,0.7857142857142857,0.8571428571428571,0.11875847142916518
56.0,implicit,0.7857142857142857,0.9285714285714285,0.05777909710575951
56.0,implicit,0.7857142857142857,1.0,-0.032766214659776825
56.0,implicit,0.8571428571428571,0.0,-0.032766214659776825
56.0,implicit,0.8571428571428571,0.07142857142857142,0.03713616324055502
56.0,implicit,0.8571428571428571,0.14285714285714285,0.07738786624292154
56.0,implicit,0.8571428571428571,0.21428571428571427,0.11875847142916494
56.0,implicit,0.8571428571428571,0.2857142857142857,0.15880023999565385
56.0,implicit,0.8571428571428571,0.3571428571428571,0.1951890911378339
56.0,implicit,0.8571428571428571,0.42857142857142855,0.22283664423870553
56.0,implicit,0.8571428571428571,0.5,0.23372630257748717
56.0,implicit,0.8571428571428571,0.5714285714285714,0.2228366442387052
56.0,implicit,0.8571428571428571,0.6428571428571428,0.19518909113783445
56.0,implicit,0.8571428571428571,0.7142857142857142,0.1588002399956541
56.0,implicit,0.8571428571428571,0.7857142857142857,0.11875847142916503
56.0,implicit,0.8571428571428571,0.8571428571428571,0.07738786624292156
56.0,implicit,0.8571428571428571,0.9285714285714285,0.03713616324055502
56.0,implicit,0.8571428571428571,1.0,-0.032766214659776825
56.0,implicit,0.9285714285714285,0.0,-0.032766214659776825
56.0,implicit,0.9285714285714285,0.07142857142857142,0.01752685530223372
56.0,implicit,0.9285714285714285,0.14285714285714285,0.03713616324055502
56.0,implicit,0.9285714285714285,0.21428571428571427,0.05777909710575926
56.0,implicit,0.9285714285714285,0.2857142857142857,0.07784648442039913
56.0,implicit,0.9285714285714285,0.3571428571428571,0.09606919641210171
56.0,implicit,0.9285714285714285,0.42857142857142855,0.10990590153293732
56.0,implicit,0.9285714285714285,0.5,0.11535475215578664
56.0,implicit,0.9285714285714285,0.5714285714285714,0.10990590153293708
56.0,implicit,0.9285714285714285,0.6428571428571428,0.09606919641210154
56.0,implicit,0.9285714285714285,0.7142857142857142,0.0778464844203991
56.0,implicit,0.9285714285714285,0.7857142857142857,0.057779097105759285
56.0,implicit,0.9285714285714285,0.8571428571428571,0.03713616324055504
56.0,implicit,0.9285714285714285,0.9285714285714285,0.017526855302233725
56.0,implicit,0.9285714285714285,1.0,-0.032766214659776825
56.0,implicit,1.0,0.0,-0.032766214659776825
56.0,implicit,1.0,0.07142857142857142,-0.032766214659776825
56.0,implicit,1.0,0.14285714285714285,-0.032766214659776825
56.0,implicit,1.0,0.21428571428571427,-0.032766214659776825
56.0,implicit,1.0,0.2857142857142857,-0.032766214659776825
56.0,implicit,1.0,0.3571428571428571,-0.032766214659776825
56.0,implicit,1.0,0.42857142857142855,-0.032766214659776825
56.0,implicit,1.0,0.5,-0.032766214659776825
56.0,implicit,1.0,0.5714285714285714,-0.032766214659776825
56.0,implicit,1.0,0.6428571428571428,-0.032766214659776825
56.0,implicit,1.0,0.7142857142857142,-0.032766214659776825
56.0,implicit,1.0,0.7857142857142857,-0.032766214659776825
56.0,implicit,1.0,0.8571428571428571,-0.032766214659776825
56.0,implicit,1.0,0.9285714285714285,-0.032766214659776825
56.0,implicit,1.0,1.0,-0.032766214659776825
57.0,implicit,0.0,0.0,-0.14635149481321186
57.0,implicit,0.0,0.07142857142857142,-0.14635149481321186
57.0,implicit,0.0,0.14285714285714285,-0.14635149481321186
57.0,implicit,0.0,0.21428571428571427,-0.14635149481321186
57.0,implicit,0.0,0.2857142857142857,-0.14635149481321186
57.0,implicit,0.0,0.3571428571428571,-0.14635149481321186
57.0,implicit,0.0,0.42857142857142855,-0.14635149481321186
57.0,implicit,0.0,0.5,-0.14635149481321186
57.0,implicit,0.0,0.5714285714285714,-0.14635149481321186
57.0,implicit,0.0,0.6428571428571428,-0.14635149481321186
57.0,implicit,0.0,0.7142857142857142,-0.14635149481321186
57.0,implicit,0.0,0.7857142857142857,-0.14635149481321186
57.0,implicit,0.0,0.8571428571428571,-0.14635149481321186
57.0,implicit,0.0,0.9285714285714285,-0.14635149481321186
57.0,implicit,0.0,1.0,-0.14635149481321186
57.0,implicit,0.07142857142857142,0.0,-0.14635149481321186
57.0,implicit,0.07142857142857142,0.07142857142857142,0.01279334240413244
57.0,implicit,0.07142857142857142,0.14285714285714285,0.03474794677566939
57.0,implicit,0.07142857142857142,0.21428571428571427,0.05538740056026489
57.0,implicit,0.07142857142857142,0.2857142857142857,0.07541739619319392
57.0,implicit,0.07142857142857142,0.3571428571428571,0.09356885783834819
57.0,implicit,0.07142857142857142,0.42857142857142855,0.10729685568384206
57.0,implicit,0.07142857142857142,0.5,0.11267864714349657
57.0,implicit,0.07142857142857142,0.5714285714285714,0.10729685568384172
57.0,implicit,0.07142857142857142,0.6428571428571428,0.09356885783834801
57.0,implicit,0.07142857142857142,0.7142857142857142,0.07541739619319385
57.0,implicit,0.07142857142857142,0.7857142857142857,0.05538740056026487
57.0,implicit,0.07142857142857142,0.8571428571428571,0.034747946775669405
57.0,implicit,0.07142857142857142,0.9285714285714285,0.012793342404132444
57.0,implicit,0.07142857142857142,1.0,-0.14635149481321186
57.0,implicit,0.14285714285714285,0.0,-0.14635149481321186
57.0,implicit,0.14285714285714285,0.07142857142857142,0.034747946775669385
57.0,implicit,0.14285714285714285,0.14285714285714285,0.07736901824696539
57.0,implicit,0.14285714285714285,0.21428571428571427,0.11870390362995688
57.0,implicit,0.14285714285714285,0.2857142857142857,0.1586744075885578
57.0,implicit,0.14285714285714285,0.3571428571428571,0.19491962746970684
57.0,implicit,0.14285714285714285,0.42857142857142855,0.22234831452554654
57.0,implicit,0.14285714285714285,0.5,0.23310331945199506
57.0,implicit,0.14285714285714285,0.5714285714285714,0.222348314525546
57.0,implicit,0.14285714285714285,0.6428571428571428,0.19491962746970634
57.0,implicit,0.14285714285714285,0.7142857142857142,0.15867440758855755
57.0,implicit,0.14285714285714285,0.7857142857142857,0.11870390362995681
57.0,implicit,0.14285714285714285,0.8571428571428571,0.0773690182469654
57.0,implicit,0.14285714285714285,0.9285714285714285,0.034747946775669405
57.0,implicit,0.14285714285714285,1.0,-0.14635149481321186
57.0,implicit,0.21428571428571427,0.0,-0.14635149481321186
57.0,implicit,0.21428571428571427,0.07142857142857142,0.05538740056026459
57.0,implicit,0.21428571428571427,0.14285714285714285,0.11870390362995664
57.0,implicit,0.21428571428571427,0.21428571428571427,0.18043717097453274
57.0,implicit,0.21428571428571427,0.2857142857142857,0.24010315205694222
57.0,implicit,0.21428571428571427,0.3571428571428571,0.294286626566474
57.0,implicit,0.21428571428571427,0.42857142857142855,0.3353198461602274
57.0,implicit,0.21428571428571427,0.5,0.3514128207698213
57.0,implicit,0.21428571428571427,0.5714285714285714,0.33531984616022603
57.0,implicit,0.21428571428571427,0.6428571428571428,0.29428662656647364
57.0,implicit,0.21428571428571427,0.7142857142857142,0.24010315205694213
57.0,implicit,0.21428571428571427,0.7857142857142857,0.1804371709745327
57.0,implicit,0.21428571428571427,0.8571428571428571,0.11870390362995663
57.0,implicit,0.21428571428571427,0.9285714285714285,0.0553874005602646
57.0,implicit,0.21428571428571427,1.0,-0.14635149481321186
57.0,implicit,0.2857142857142857,0.0,-0.14635149481321186
57.0,implicit,0.2857142857142857,0.07142857142857142,0.07541739619319343
57.0,implicit,0.2857142857142857,0.14285714285714285,0.1586744075885574
57.0,implicit,0.2857142857142857,0.21428571428571427,0.2401031520569416
57.0,implicit,0.2857142857142857,0.2857142857142857,0.31888580058509514
57.0,implicit,0.2857142857142857,0.3571428571428571,0.39053064148269967
57.0,implicit,0.2857142857142857,0.42857142857142855,0.44482042915199915
57.0,implicit,0.2857142857142857,0.5,0.4661166288561521
57.0,implicit,0.2857142857142857,0.5714285714285714,0.44482042915200015
57.0,implicit,0.2857142857142857,0.6428571428571428,0.39053064148270006
57.0,implicit,0.2857142857142857,0.7142857142857142,0.3188858005850952
57.0,implicit,0.2857142857142857,0.7857142857142857,0.2401031520569416
57.0,implicit,0.2857142857142857,0.8571428571428571,0.15867440758855728
57.0,implicit,0.2857142857142857,0.9285714285714285,0.07541739619319333
57.0,implicit,0.2857142857142857,1.0,-0.14635149481321186
57.0,implicit,0.3571428571428571,0.0,-0.14635149481321186
57.0,implicit,0.3571428571428571,0.07142857142857142,0.09356885783834788
57.0,implicit,0.3571428571428571,0.14285714285714285,0.19491962746970556
57.0,implicit,0.3571428571428571,0.21428571428571427,0.29428662656647286
57.0,implicit,0.3571428571428571,0.2857142857142857,0.39053064148269706
57.0,implicit,0.3571428571428571,0.3571428571428571,0.47814605194123044
57.0,implicit,0.3571428571428571,0.42857142857142855,0.544567571951459
57.0,implicit,0.3571428571428571,0.5,0.5706270697292183
57.0,implicit,0.3571428571428571,0.5714285714285714,0.5445675719514602
57.0,implicit,0.3571428571428571,0.6428571428571428,0.4781460519412309
57.0,implicit,0.3571428571428571,0.7142857142857142,0.3905306414826964
57.0,implicit,0.3571428571428571,0.7857142857142857,0.2942866265664726
57.0,implicit,0.3571428571428571,0.8571428571428571,0.19491962746970518
57.0,implicit,0.3571428571428571,0.9285714285714285,0.09356885783834777
57.0,implicit,0.3571428571428571,1.0,-0.14635149481321186
57.0,implicit,0.42857142857142855,0.0,-0.14635149481321186
57.0,implicit,0.42857142857142855,0.07142857142857142,0.10729685568384213
57.0,implicit,0.42857142857142855,0.14285714285714285,0.2223483145255461
57.0,implicit,0.42857142857142855,0.21428571428571427,0.33531984616022625
57.0,implicit,0.42857142857142855,0.2857142857142857,0.4448204291520006
57.0,implicit,0.42857142857142855,0.3571428571428571,0.5445675719514629
57.0,implicit,0.42857142857142855,0.42857142857142855,0.6202089462784802
57.0,implicit,0.42857142857142855,0.5,0.6498899928051757
57.0,implicit,0.42857142857142855,0.5714285714285714,0.6202089462784768
57.0,implicit,0.42857142857142855,0.6428571428571428,0.5445675719514597
57.0,implicit,0.42857142857142855,0.7142857142857142,0.44482042915199876
57.0,implicit,0.42857142857142855,0.7857142857142857,0.3353198461602258
57.0,implicit,0.42857142857142855,0.8571428571428571,0.2223483145255459
57.0,implicit,0.42857142857142855,0.9285714285714285,0.10729685568384209
57.0,implicit,0.42857142857142855,1.0,-0.14635149481321186
57.0,implicit,0.5,0.0,-0.14635149481321186
57.0,implicit,0.5,0.07142857142857142,0.1126786471434968
57.0,implicit,0.5,0.14285714285714285,0.2331033194519959
57.0,implicit,0.5,0.21428571428571427,0.35141282076982416
57.0,implicit,0.5,0.2857142857142857,0.4661166288561546
57.0,implicit,0.5,0.3571428571428571,0.5706270697292212
57.0,implicit,0.5,0.42857142857142855,0.6498899928051766
57.0,implicit,0.5,0.5,0.6809942402655582
57.0,implicit,0.5,0.5714285714285714,0.6498899928051762
57.0,implicit,0.5,0.6428571428571428,0.5706270697292161
57.0,implicit,0.5,0.7142857142857142,0.46611662885615146
57.0,implicit,0.5,0.7857142857142857,0.35141282076982383
57.0,implicit,0.5,0.8571428571428571,0.23310331945199572
57.0,implicit,0.5,0.9285714285714285,0.11267864714349683
57.0,implicit,0.5,1.0,-0.14635149481321186
57.0,implicit,0.5714285714285714,0.0,-0.14635149481321186
57.0,implicit,0.5714285714285714,0.07142857142857142,0.10729685568384198
57.0,implicit,0.5714285714285714,0.14285714285714285,0.22234831452554693
57.0,implicit,0.5714285714285714,0.21428571428571427,0.3353198461602286
57.0,implicit,0.5714285714285714,0.2857142857142857,0.4448204291520017
57.0,implicit,0.5714285714285714,0.3571428571428571,0.5445675719514634
57.0,implicit,0.5714285714285714,0.42857142857142855,0.6202089462784807
57.0,implicit,0.5714285714285714,0.5,0.6498899928051791
57.0,implicit,0.5714285714285714,0.5714285714285714,0.6202089462784797
57.0,implicit,0.5714285714285714,0.6428571428571428,0.5445675719514613
57.0,implicit,0.5714285714285714,0.7142857142857142,0.4448204291520028
57.0,implicit,0.5714285714285714,0.7857142857142857,0.3353198461602276
57.0,implicit,0.5714285714285714,0.8571428571428571,0.22234831452554682
57.0,implicit,0.5714285714285714,0.9285714285714285,0.10729685568384204
57.0,implicit,0.5714285714285714,1.0,-0.14635149481321186
57.0,implicit,0.6428571428571428,0.0,-0.14635149481321186
57.0,implicit,0.6428571428571428,0.07142857142857142,0.09356885783834828
57.0,implicit,0.6428571428571428,0.14285714285714285,0.19491962746970826
57.0,implicit,0.6428571428571428,0.21428571428571427,0.2942866265664749
57.0,implicit,0.6428571428571428,0.2857142857142857,0.39053064148270117
57.0,implicit,0.6428571428571428,0.3571428571428571,0.478146051941232
57.0,implicit,0.6428571428571428,0.42857142857142855,0.544567571951463
57.0,implicit,0.6428571428571428,0.5,0.5706270697292183
57.0,implicit,0.6428571428571428,0.5714285714285714,0.5445675719514621
57.0,implicit,0.6428571428571428,0.6428571428571428,0.4781460519412326
57.0,implicit,0.6428571428571428,0.7142857142857142,0.3905306414827017
57.0,implicit,0.6428571428571428,0.7857142857142857,0.29428662656647436
57.0,implicit,0.6428571428571428,0.8571428571428571,0.1949196274697068
57.0,implicit,0.6428571428571428,0.9285714285714285,0.09356885783834806
57.0,implicit,0.6428571428571428,1.0,-0.14635149481321186
57.0,implicit,0.7142857142857142,0.0,-0.14635149481321186
57.0,implicit,0.7142857142857142,0.07142857142857142,0.07541739619319404
57.0,implicit,0.7142857142857142,0.14285714285714285,0.15867440758855814
57.0,implicit,0.7142857142857142,0.21428571428571427,0.24010315205694274
57.0,implicit,0.7142857142857142,0.2857142857142857,0.3188858005850963
57.0,implicit,0.7142857142857142,0.3571428571428571,0.3905306414826991
57.0,implicit,0.7142857142857142,0.42857142857142855,0.4448204291520005
57.0,implicit,0.7142857142857142,0.5,0.466116628856153
57.0,implicit,0.7142857142857142,0.5714285714285714,0.44482042915199926
57.0,implicit,0.7142857142857142,0.6428571428571428,0.39053064148269895
57.0,implicit,0.7142857142857142,0.7142857142857142,0.3188858005850963
57.0,implicit,0.7142857142857142,0.7857142857142857,0.24010315205694263
57.0,implicit,0.7142857142857142,0.8571428571428571,0.15867440758855783
57.0,implicit,0.7142857142857142,0.9285714285714285,0.07541739619319388
57.0,implicit,0.7142857142857142,1.0,-0.14635149481321186
57.0,implicit,0.7857142857142857,0.0,-0.14635149481321186
57.0,implicit,0.7857142857142857,0.07142857142857142,0.05538740056026495
57.0,implicit,0.7857142857142857,0.14285714285714285,0.11870390362995709
57.0,implicit,0.7857142857142857,0.21428571428571427,0.18043717097453296
57.0,implicit,0.7857142857142857,0.2857142857142857,0.24010315205694205
57.0,implicit,0.7857142857142857,0.3571428571428571,0.2942866265664732
57.0,implicit,0.7857142857142857,0.42857142857142855,0.33531984616022575
57.0,implicit,0.7857142857142857,0.5,0.35141282076982205
57.0,implicit,0.7857142857142857,0.5714285714285714,0.3353198461602252
57.0,implicit,0.7857142857142857,0.6428571428571428,0.29428662656647314
57.0,implicit,0.7857142857142857,0.7142857142857142,0.24010315205694208
57.0,implicit,0.7857142857142857,0.7857142857142857,0.180437170974533
57.0,implicit,0.7857142857142857,0.8571428571428571,0.11870390362995699
57.0,implicit,0.7857142857142857,0.9285714285714285,0.055387400560264914
57.0,implicit,0.7857142857142857,1.0,-0.14635149481321186
57.0,implicit,0.8571428571428571,0.0,-0.14635149481321186
57.0,implicit,0.8571428571428571,0.07142857142857142,0.03474794677566941
57.0,implicit,0.8571428571428571,0.14285714285714285,0.07736901824696547
57.0,implicit,0.8571428571428571,0.21428571428571427,0.11870390362995673
57.0,implicit,0.8571428571428571,0.2857142857142857,0.15867440758855741
57.0,implicit,0.8571428571428571,0.3571428571428571,0.1949196274697055
57.0,implicit,0.8571428571428571,0.42857142857142855,0.22234831452554582
57.0,implicit,0.8571428571428571,0.5,0.23310331945199497
57.0,implicit,0.8571428571428571,0.5714285714285714,0.22234831452554546
57.0,implicit,0.8571428571428571,0.6428571428571428,0.1949196274697061
57.0,implicit,0.8571428571428571,0.7142857142857142,0.15867440758855764
57.0,implicit,0.8571428571428571,0.7857142857142857,0.11870390362995682
57.0,implicit,0.8571428571428571,0.8571428571428571,0.07736901824696547
57.0,implicit,0.8571428571428571,0.9285714285714285,0.03474794677566941
57.0,implicit,0.8571428571428571,1.0,-0.14635149481321186
57.0,implicit,0.9285714285714285,0.0,-0.14635149481321186
57.0,implicit,0.9285714285714285,0.07142857142857142,0.012793342404132447
57.0,implicit,0.9285714285714285,0.14285714285714285,0.03474794677566942
57.0,implicit,0.9285714285714285,0.21428571428571427,0.05538740056026466
57.0,implicit,0.9285714285714285,0.2857142857142857,0.0754173961931935
57.0,implicit,0.9285714285714285,0.3571428571428571,0.09356885783834801
57.0,implicit,0.9285714285714285,0.42857142857142855,0.1072968556838421
57.0,implicit,0.9285714285714285,0.5,0.11267864714349662
57.0,implicit,0.9285714285714285,0.5714285714285714,0.10729685568384188
57.0,implicit,0.9285714285714285,0.6428571428571428,0.09356885783834779
57.0,implicit,0.9285714285714285,0.7142857142857142,0.07541739619319346
57.0,implicit,0.9285714285714285,0.7857142857142857,0.055387400560264685
57.0,implicit,0.9285714285714285,0.8571428571428571,0.03474794677566944
57.0,implicit,0.9285714285714285,0.9285714285714285,0.012793342404132452
57.0,implicit,0.9285714285714285,1.0,-0.14635149481321186
57.0,implicit,1.0,0.0,-0.14635149481321186
57.0,implicit,1.0,0.07142857142857142,-0.14635149481321186
57.0,implicit,1.0,0.14285714285714285,-0.14635149481321186
57.0,implicit,1.0,0.21428571428571427,-0.14635149481321186
57.0,implicit,1.0,0.2857142857142857,-0.14635149481321186
57.0,implicit,1.0,0.3571428571428571,-0.14635149481321186
57.0,implicit,1.0,0.42857142857142855,-0.14635149481321186
57.0,implicit,1.0,0.5,-0.14635149481321186
57.0,implicit,1.0,0.5714285714285714,-0.14635149481321186
57.0,implicit,1.0,0.6428571428571428,-0.14635149481321186
57.0,implicit,1.0,0.7142857142857142,-0.14635149481321186
57.0,implicit,1.0,0.7857142857142857,-0.14635149481321186
57.0,implicit,1.0,0.8571428571428571,-0.14635149481321186
57.0,implicit,1.0,0.9285714285714285,-0.14635149481321186
57.0,implicit,1.0,1.0,-0.14635149481321186
58.0,implicit,0.0,0.0,0.026105527217988936
58.0,implicit,0.0,0.07142857142857142,0.026105527217988936
58.0,implicit,0.0,0.14285714285714285,0.026105527217988936
58.0,implicit,0.0,0.21428571428571427,0.026105527217988936
58.0,implicit,0.0,0.2857142857142857,0.026105527217988936
58.0,implicit,0.0,0.3571428571428571,0.026105527217988936
58.0,implicit,0.0,0.42857142857142855,0.026105527217988936
58.0,implicit,0.0,0.5,0.026105527217988936
58.0,implicit,0.0,0.5714285714285714,0.026105527217988936
58.0,implicit,0.0,0.6428571428571428,0.026105527217988936
58.0,implicit,0.0,0.7142857142857142,0.026105527217988936
58.0,implicit,0.0,0.7857142857142857,0.026105527217988936
58.0,implicit,0.0,0.8571428571428571,0.026105527217988936
58.0,implicit,0.0,0.9285714285714285,0.026105527217988936
58.0,implicit,0.0,1.0,0.026105527217988936
58.0,implicit,0.07142857142857142,0.0,0.026105527217988936
58.0,implicit,0.07142857142857142,0.07142857142857142,0.014699502200710018
58.0,implicit,0.07142857142857142,0.14285714285714285,0.035671823251440984
58.0,implicit,0.07142857142857142,0.21428571428571427,0.05631000154507486
58.0,implicit,0.07142857142857142,0.2857142857142857,0.07630291246359112
58.0,implicit,0.07142857142857142,0.3571428571428571,0.09438304756445474
58.0,implicit,0.07142857142857142,0.42857142857142855,0.1080044264743256
58.0,implicit,0.07142857142857142,0.5,0.11332156998433923
58.0,implicit,0.07142857142857142,0.5714285714285714,0.10800442647432525
58.0,implicit,0.07142857142857142,0.6428571428571428,0.09438304756445459
58.0,implicit,0.07142857142857142,0.7142857142857142,0.07630291246359104
58.0,implicit,0.07142857142857142,0.7857142857142857,0.05631000154507483
58.0,implicit,0.07142857142857142,0.8571428571428571,0.035671823251441
58.0,implicit,0.07142857142857142,0.9285714285714285,0.01469950220071002
58.0,implicit,0.07142857142857142,1.0,0.026105527217988936
58.0,implicit,0.14285714285714285,0.0,0.026105527217988936
58.0,implicit,0.14285714285714285,0.07142857142857142,0.03567182325144099
58.0,implicit,0.14285714285714285,0.14285714285714285,0.07733754271404765
58.0,implicit,0.14285714285714285,0.21428571428571427,0.11864190311443205
58.0,implicit,0.14285714285714285,0.2857142857142857,0.15854037468502877
58.0,implicit,0.14285714285714285,0.3571428571428571,0.19464177328429952
58.0,implicit,0.14285714285714285,0.42857142857142855,0.22185574834682573
58.0,implicit,0.14285714285714285,0.5,0.2324809089402547
58.0,implicit,0.14285714285714285,0.5714285714285714,0.22185574834682512
58.0,implicit,0.14285714285714285,0.6428571428571428,0.194641773284299
58.0,implicit,0.14285714285714285,0.7142857142857142,0.15854037468502852
58.0,implicit,0.14285714285714285,0.7857142857142857,0.11864190311443197
58.0,implicit,0.14285714285714285,0.8571428571428571,0.07733754271404764
58.0,implicit,0.14285714285714285,0.9285714285714285,0.03567182325144101
58.0,implicit,0.14285714285714285,1.0,0.026105527217988936
58.0,implicit,0.21428571428571427,0.0,0.026105527217988936
58.0,implicit,0.21428571428571427,0.07142857142857142,0.05631000154507455
58.0,implicit,0.21428571428571427,0.14285714285714285,0.11864190311443183
58.0,implicit,0.21428571428571427,0.21428571428571427,0.1803215079469693
58.0,implicit,0.21428571428571427,0.2857142857142857,0.23987658225433633
58.0,implicit,0.21428571428571427,0.3571428571428571,0.29383678194435114
58.0,implicit,0.21428571428571427,0.42857142857142855,0.3345421840205501
58.0,implicit,0.21428571428571427,0.5,0.3504383673128816
58.0,implicit,0.21428571428571427,0.5714285714285714,0.33454218402054864
58.0,implicit,0.21428571428571427,0.6428571428571428,0.29383678194435076
58.0,implicit,0.21428571428571427,0.7142857142857142,0.23987658225433625
58.0,implicit,0.21428571428571427,0.7857142857142857,0.18032150794696927
58.0,implicit,0.21428571428571427,0.8571428571428571,0.11864190311443182
58.0,implicit,0.21428571428571427,0.9285714285714285,0.05631000154507455
58.0,implicit,0.21428571428571427,1.0,0.026105527217988936
58.0,implicit,0.2857142857142857,0.0,0.026105527217988936
58.0,implicit,0.2857142857142857,0.07142857142857142,0.0763029124635906
58.0,implicit,0.2857142857142857,0.14285714285714285,0.15854037468502838
58.0,implicit,0.2857142857142857,0.21428571428571427,0.23987658225433578
58.0,implicit,0.2857142857142857,0.2857142857142857,0.3184886535320778
58.0,implicit,0.2857142857142857,0.3571428571428571,0.3898125906100651
58.0,implicit,0.2857142857142857,0.42857142857142855,0.4436494330650478
58.0,implicit,0.2857142857142857,0.5,0.4646778274081934
58.0,implicit,0.2857142857142857,0.5714285714285714,0.4436494330650488
58.0,implicit,0.2857142857142857,0.6428571428571428,0.38981259061006557
58.0,implicit,0.2857142857142857,0.7142857142857142,0.3184886535320777
58.0,implicit,0.2857142857142857,0.7857142857142857,0.23987658225433572
58.0,implicit,0.2857142857142857,0.8571428571428571,0.15854037468502827
58.0,implicit,0.2857142857142857,0.9285714285714285,0.0763029124635905
58.0,implicit,0.2857142857142857,1.0,0.026105527217988936
58.0,implicit,0.3571428571428571,0.0,0.026105527217988936
58.0,implicit,0.3571428571428571,0.07142857142857142,0.0943830475644545
58.0,implicit,0.3571428571428571,0.14285714285714285,0.19464177328429835
58.0,implicit,0.3571428571428571,0.21428571428571427,0.29383678194435003
58.0,implicit,0.3571428571428571,0.2857142857142857,0.3898125906100627
58.0,implicit,0.3571428571428571,0.3571428571428571,0.4769790932226633
58.0,implicit,0.3571428571428571,0.42857142857142855,0.5428041302305012
58.0,implicit,0.3571428571428571,0.5,0.5685194653636866
58.0,implicit,0.3571428571428571,0.5714285714285714,0.542804130230502
58.0,implicit,0.3571428571428571,0.6428571428571428,0.47697909322266385
58.0,implicit,0.3571428571428571,0.7142857142857142,0.38981259061006196
58.0,implicit,0.3571428571428571,0.7857142857142857,0.29383678194434976
58.0,implicit,0.3571428571428571,0.8571428571428571,0.19464177328429788
58.0,implicit,0.3571428571428571,0.9285714285714285,0.09438304756445437
58.0,implicit,0.3571428571428571,1.0,0.026105527217988936
58.0,implicit,0.42857142857142855,0.0,0.026105527217988936
58.0,implicit,0.42857142857142855,0.07142857142857142,0.1080044264743257
58.0,implicit,0.42857142857142855,0.14285714285714285,0.22185574834682525
58.0,implicit,0.42857142857142855,0.21428571428571427,0.3345421840205489
58.0,implicit,0.42857142857142855,0.2857142857142857,0.4436494330650495
58.0,implicit,0.42857142857142855,0.3571428571428571,0.5428041302305051
58.0,implicit,0.42857142857142855,0.42857142857142855,0.6177048803762182
58.0,implicit,0.42857142857142855,0.5,0.6469699369271791
58.0,implicit,0.42857142857142855,0.5714285714285714,0.6177048803762146
58.0,implicit,0.42857142857142855,0.6428571428571428,0.5428041302305016
58.0,implicit,0.42857142857142855,0.7142857142857142,0.44364943306504745
58.0,implicit,0.42857142857142855,0.7857142857142857,0.33454218402054847
58.0,implicit,0.42857142857142855,0.8571428571428571,0.2218557483468251
58.0,implicit,0.42857142857142855,0.9285714285714285,0.10800442647432565
58.0,implicit,0.42857142857142855,1.0,0.026105527217988936
58.0,implicit,0.5,0.0,0.026105527217988936
58.0,implicit,0.5,0.07142857142857142,0.1133215699843395
58.0,implicit,0.5,0.14285714285714285,0.23248090894025555
58.0,implicit,0.5,0.21428571428571427,0.3504383673128845
58.0,implicit,0.5,0.2857142857142857,0.46467782740819596
58.0,implicit,0.5,0.3571428571428571,0.568519465363689
58.0,implicit,0.5,0.42857142857142855,0.6469699369271804
58.0,implicit,0.5,0.5,0.677623972534318
58.0,implicit,0.5,0.5714285714285714,0.6469699369271796
58.0,implicit,0.5,0.6428571428571428,0.5685194653636843
58.0,implicit,0.5,0.7142857142857142,0.4646778274081927
58.0,implicit,0.5,0.7857142857142857,0.35043836731288414
58.0,implicit,0.5,0.8571428571428571,0.23248090894025542
58.0,implicit,0.5,0.9285714285714285,0.11332156998433952
58.0,implicit,0.5,1.0,0.026105527217988936
58.0,implicit,0.5714285714285714,0.0,0.026105527217988936
58.0,implicit,0.5714285714285714,0.07142857142857142,0.10800442647432555
58.0,implicit,0.5714285714285714,0.14285714285714285,0.22185574834682617
58.0,implicit,0.5714285714285714,0.21428571428571427,0.3345421840205513
58.0,implicit,0.5714285714285714,0.2857142857142857,0.44364943306505034
58.0,implicit,0.5714285714285714,0.3571428571428571,0.5428041302305051
58.0,implicit,0.5714285714285714,0.42857142857142855,0.6177048803762184
58.0,implicit,0.5714285714285714,0.5,0.6469699369271827
58.0,implicit,0.5714285714285714,0.5714285714285714,0.6177048803762177
58.0,implicit,0.5714285714285714,0.6428571428571428,0.5428041302305031
58.0,implicit,0.5714285714285714,0.7142857142857142,0.44364943306505145
58.0,implicit,0.5714285714285714,0.7857142857142857,0.33454218402055047
58.0,implicit,0.5714285714285714,0.8571428571428571,0.22185574834682606
58.0,implicit,0.5714285714285714,0.9285714285714285,0.1080044264743256
58.0,implicit,0.5714285714285714,1.0,0.026105527217988936
58.0,implicit,0.6428571428571428,0.0,0.026105527217988936
58.0,implicit,0.6428571428571428,0.07142857142857142,0.09438304756445483
58.0,implicit,0.6428571428571428,0.14285714285714285,0.19464177328430107
58.0,implicit,0.6428571428571428,0.21428571428571427,0.2938367819443521
58.0,implicit,0.6428571428571428,0.2857142857142857,0.38981259061006673
58.0,implicit,0.6428571428571428,0.3571428571428571,0.47697909322266496
58.0,implicit,0.6428571428571428,0.42857142857142855,0.5428041302305051
58.0,implicit,0.6428571428571428,0.5,0.5685194653636861
58.0,implicit,0.6428571428571428,0.5714285714285714,0.542804130230504
58.0,implicit,0.6428571428571428,0.6428571428571428,0.4769790932226656
58.0,implicit,0.6428571428571428,0.7142857142857142,0.38981259061006723
58.0,implicit,0.6428571428571428,0.7857142857142857,0.29383678194435164
58.0,implicit,0.6428571428571428,0.8571428571428571,0.19464177328429955
58.0,implicit,0.6428571428571428,0.9285714285714285,0.09438304756445468
58.0,implicit,0.6428571428571428,1.0,0.026105527217988936
58.0,implicit,0.7142857142857142,0.0,0.026105527217988936
58.0,implicit,0.7142857142857142,0.07142857142857142,0.07630291246359122
58.0,implicit,0.7142857142857142,0.14285714285714285,0.1585403746850291
58.0,implicit,0.7142857142857142,0.21428571428571427,0.23987658225433683
58.0,implicit,0.7142857142857142,0.2857142857142857,0.31848865353207884
58.0,implicit,0.7142857142857142,0.3571428571428571,0.3898125906100647
58.0,implicit,0.7142857142857142,0.42857142857142855,0.4436494330650491
58.0,implicit,0.7142857142857142,0.5,0.4646778274081943
58.0,implicit,0.7142857142857142,0.5714285714285714,0.44364943306504795
58.0,implicit,0.7142857142857142,0.6428571428571428,0.3898125906100644
58.0,implicit,0.7142857142857142,0.7142857142857142,0.31848865353207884
58.0,implicit,0.7142857142857142,0.7857142857142857,0.23987658225433675
58.0,implicit,0.7142857142857142,0.8571428571428571,0.1585403746850288
58.0,implicit,0.7142857142857142,0.9285714285714285,0.07630291246359108
58.0,implicit,0.7142857142857142,1.0,0.026105527217988936
58.0,implicit,0.7857142857142857,0.0,0.026105527217988936
58.0,implicit,0.7857142857142857,0.07142857142857142,0.05631000154507491
58.0,implicit,0.7857142857142857,0.14285714285714285,0.11864190311443228
58.0,implicit,0.7857142857142857,0.21428571428571427,0.1803215079469695
58.0,implicit,0.7857142857142857,0.2857142857142857,0.23987658225433617
58.0,implicit,0.7857142857142857,0.3571428571428571,0.29383678194435037
58.0,implicit,0.7857142857142857,0.42857142857142855,0.3345421840205483
58.0,implicit,0.7857142857142857,0.5,0.3504383673128823
58.0,implicit,0.7857142857142857,0.5714285714285714,0.33454218402054775
58.0,implicit,0.7857142857142857,0.6428571428571428,0.29383678194435037
58.0,implicit,0.7857142857142857,0.7142857142857142,0.2398765822543362
58.0,implicit,0.7857142857142857,0.7857142857142857,0.18032150794696952
58.0,implicit,0.7857142857142857,0.8571428571428571,0.11864190311443218
58.0,implicit,0.7857142857142857,0.9285714285714285,0.05631000154507488
58.0,implicit,0.7857142857142857,1.0,0.026105527217988936
58.0,implicit,0.8571428571428571,0.0,0.026105527217988936
58.0,implicit,0.8571428571428571,0.07142857142857142,0.035671823251441005
58.0,implicit,0.8571428571428571,0.14285714285714285,0.07733754271404773
58.0,implicit,0.8571428571428571,0.21428571428571427,0.11864190311443189
58.0,implicit,0.8571428571428571,0.2857142857142857,0.1585403746850284
58.0,implicit,0.8571428571428571,0.3571428571428571,0.1946417732842982
58.0,implicit,0.8571428571428571,0.42857142857142855,0.221855748346825
58.0,implicit,0.8571428571428571,0.5,0.23248090894025464
58.0,implicit,0.8571428571428571,0.5714285714285714,0.22185574834682467
58.0,implicit,0.8571428571428571,0.6428571428571428,0.19464177328429888
58.0,implicit,0.8571428571428571,0.7142857142857142,0.1585403746850286
58.0,implicit,0.8571428571428571,0.7857142857142857,0.11864190311443198
58.0,implicit,0.8571428571428571,0.8571428571428571,0.07733754271404773
58.0,implicit,0.8571428571428571,0.9285714285714285,0.035671823251441005
58.0,implicit,0.8571428571428571,1.0,0.026105527217988936
58.0,implicit,0.9285714285714285,0.0,0.026105527217988936
58.0,implicit,0.9285714285714285,0.07142857142857142,0.014699502200710025
58.0,implicit,0.9285714285714285,0.14285714285714285,0.03567182325144102
58.0,implicit,0.9285714285714285,0.21428571428571427,0.056310001545074616
58.0,implicit,0.9285714285714285,0.2857142857142857,0.07630291246359065
58.0,implicit,0.9285714285714285,0.3571428571428571,0.09438304756445458
58.0,implicit,0.9285714285714285,0.42857142857142855,0.10800442647432566
58.0,implicit,0.9285714285714285,0.5,0.1133215699843393
58.0,implicit,0.9285714285714285,0.5714285714285714,0.10800442647432541
58.0,implicit,0.9285714285714285,0.6428571428571428,0.0943830475644544
58.0,implicit,0.9285714285714285,0.7142857142857142,0.07630291246359062
58.0,implicit,0.9285714285714285,0.7857142857142857,0.056310001545074644
58.0,implicit,0.9285714285714285,0.8571428571428571,0.03567182325144104
58.0,implicit,0.9285714285714285,0.9285714285714285,0.014699502200710028
58.0,implicit,0.9285714285714285,1.0,0.026105527217988936
58.0,implicit,1.0,0.0,0.026105527217988936
58.0,implicit,1.0,0.07142857142857142,0.026105527217988936
58.0,implicit,1.0,0.14285714285714285,0.026105527217988936
58.0,implicit,1.0,0.21428571428571427,0.026105527217988936
58.0,implicit,1.0,0.2857142857142857,0.026105527217988936
58.0,implicit,1.0,0.3571428571428571,0.026105527217988936
58.0,implicit,1.0,0.42857142857142855,0.026105527217988936
58.0,implicit,1.0,0.5,0.026105527217988936
58.0,implicit,1.0,0.5714285714285714,0.026105527217988936
58.0,implicit,1.0,0.6428571428571428,0.026105527217988936
58.0,implicit,1.0,0.7142857142857142,0.026105527217988936
58.0,implicit,1.0,0.7857142857142857,0.026105527217988936
58.0,implicit,1.0,0.8571428571428571,0.026105527217988936
58.0,implicit,1.0,0.9285714285714285,0.026105527217988936
58.0,implicit,1.0,1.0,0.026105527217988936
59.0,implicit,0.0,0.0,0.000511345664246089
59.0,implicit,0.0,0.07142857142857142,0.000511345664246089
59.0,implicit,0.0,0.14285714285714285,0.000511345664246089
59.0,implicit,0.0,0.21428571428571427,0.000511345664246089
59.0,implicit,0.0,0.2857142857142857,0.000511345664246089
59.0,implicit,0.0,0.3571428571428571,0.000511345664246089
59.0,implicit,0.0,0.42857142857142855,0.000511345664246089
59.0,implicit,0.0,0.5,0.000511345664246089
59.0,implicit,0.0,0.5714285714285714,0.000511345664246089
59.0,implicit,0.0,0.6428571428571428,0.000511345664246089
59.0,implicit,0.0,0.7142857142857142,0.000511345664246089
59.0,implicit,0.0,0.7857142857142857,0.000511345664246089
59.0,implicit,0.0,0.8571428571428571,0.000511345664246089
59.0,implicit,0.0,0.9285714285714285,0.000511345664246089
59.0,implicit,0.0,1.0,0.000511345664246089
59.0,implicit,0.07142857142857142,0.0,0.000511345664246089
59.0,implicit,0.07142857142857142,0.07142857142857142,0.014877813644458908
59.0,implicit,0.07142857142857142,0.14285714285714285,0.03575516179203221
59.0,implicit,0.07142857142857142,0.21428571428571427,0.05638793734957011
59.0,implicit,0.07142857142857142,0.2857142857142857,0.07636225286435785
59.0,implicit,0.07142857142857142,0.3571428571428571,0.09440671344550255
59.0,implicit,0.07142857142857142,0.42857142857142855,0.1079755501739057
59.0,implicit,0.07142857142857142,0.5,0.11326123167513494
59.0,implicit,0.07142857142857142,0.5714285714285714,0.10797555017390538
59.0,implicit,0.07142857142857142,0.6428571428571428,0.0944067134455024
59.0,implicit,0.07142857142857142,0.7142857142857142,0.07636225286435777
59.0,implicit,0.07142857142857142,0.7857142857142857,0.05638793734957008
59.0,implicit,0.07142857142857142,0.8571428571428571,0.03575516179203222
59.0,implicit,0.07142857142857142,0.9285714285714285,0.01487781364445891
59.0,implicit,0.07142857142857142,1.0,0.000511345664246089
59.0,implicit,0.14285714285714285,0.0,0.000511345664246089
59.0,implicit,0.14285714285714285,0.07142857142857142,0.03575516179203221
59.0,implicit,0.14285714285714285,0.14285714285714285,0.07732961251130678
59.0,implicit,0.14285714285714285,0.21428571428571427,0.11861449909121312
59.0,implicit,0.14285714285714285,0.2857142857142857,0.1584765365080329
59.0,implicit,0.14285714285714285,0.3571428571428571,0.19450598131705202
59.0,implicit,0.14285714285714285,0.42857142857142855,0.22161412622577106
59.0,implicit,0.14285714285714285,0.5,0.2321760837408629
59.0,implicit,0.14285714285714285,0.5714285714285714,0.22161412622577042
59.0,implicit,0.14285714285714285,0.6428571428571428,0.1945059813170515
59.0,implicit,0.14285714285714285,0.7142857142857142,0.15847653650803264
59.0,implicit,0.14285714285714285,0.7857142857142857,0.11861449909121304
59.0,implicit,0.14285714285714285,0.8571428571428571,0.07732961251130677
59.0,implicit,0.14285714285714285,0.9285714285714285,0.03575516179203223
59.0,implicit,0.14285714285714285,1.0,0.000511345664246089
59.0,implicit,0.21428571428571427,0.0,0.000511345664246089
59.0,implicit,0.21428571428571427,0.07142857142857142,0.056387937349569796
59.0,implicit,0.21428571428571427,0.14285714285714285,0.11861449909121291
59.0,implicit,0.21428571428571427,0.21428571428571427,0.18026264403644243
59.0,implicit,0.21428571428571427,0.2857142857142857,0.23976142683438062
59.0,implicit,0.21428571428571427,0.3571428571428571,0.2936099087673327
59.0,implicit,0.21428571428571427,0.42857142857142855,0.3341536657541021
59.0,implicit,0.21428571428571427,0.5,0.3499540210941059
59.0,implicit,0.21428571428571427,0.5714285714285714,0.33415366575410066
59.0,implicit,0.21428571428571427,0.6428571428571428,0.29360990876733223
59.0,implicit,0.21428571428571427,0.7142857142857142,0.23976142683438054
59.0,implicit,0.21428571428571427,0.7857142857142857,0.1802626440364424
59.0,implicit,0.21428571428571427,0.8571428571428571,0.1186144990912129
59.0,implicit,0.21428571428571427,0.9285714285714285,0.056387937349569796
59.0,implicit,0.21428571428571427,1.0,0.000511345664246089
59.0,implicit,0.2857142857142857,0.0,0.000511345664246089
59.0,implicit,0.2857142857142857,0.07142857142857142,0.07636225286435734
59.0,implicit,0.2857142857142857,0.14285714285714285,0.15847653650803245
59.0,implicit,0.2857142857142857,0.21428571428571427,0.23976142683438004
59.0,implicit,0.2857142857142857,0.2857142857142857,0.3182870272087626
59.0,implicit,0.2857142857142857,0.3571428571428571,0.3894504257968203
59.0,implicit,0.2857142857142857,0.42857142857142855,0.44306382476232303
59.0,implicit,0.2857142857142857,0.5,0.4639617459419379
59.0,implicit,0.2857142857142857,0.5714285714285714,0.4430638247623241
59.0,implicit,0.2857142857142857,0.6428571428571428,0.38945042579682065
59.0,implicit,0.2857142857142857,0.7142857142857142,0.31828702720876256
59.0,implicit,0.2857142857142857,0.7857142857142857,0.23976142683437995
59.0,implicit,0.2857142857142857,0.8571428571428571,0.15847653650803234
59.0,implicit,0.2857142857142857,0.9285714285714285,0.07636225286435724
59.0,implicit,0.2857142857142857,1.0,0.000511345664246089
59.0,implicit,0.3571428571428571,0.0,0.000511345664246089
59.0,implicit,0.3571428571428571,0.07142857142857142,0.0944067134455023
59.0,implicit,0.3571428571428571,0.14285714285714285,0.19450598131705082
59.0,implicit,0.3571428571428571,0.21428571428571427,0.2936099087673315
59.0,implicit,0.3571428571428571,0.2857142857142857,0.389450425796818
59.0,implicit,0.3571428571428571,0.3571428571428571,0.4763927050245461
59.0,implicit,0.3571428571428571,0.42857142857142855,0.5419235526064623
59.0,implicit,0.3571428571428571,0.5,0.5674711864363832
59.0,implicit,0.3571428571428571,0.5714285714285714,0.5419235526064634
59.0,implicit,0.3571428571428571,0.6428571428571428,0.4763927050245467
59.0,implicit,0.3571428571428571,0.7142857142857142,0.3894504257968174
59.0,implicit,0.3571428571428571,0.7857142857142857,0.29360990876733123
59.0,implicit,0.3571428571428571,0.8571428571428571,0.19450598131705038
59.0,implicit,0.3571428571428571,0.9285714285714285,0.09440671344550215
59.0,implicit,0.3571428571428571,1.0,0.000511345664246089
59.0,implicit,0.42857142857142855,0.0,0.000511345664246089
59.0,implicit,0.42857142857142855,0.07142857142857142,0.10797555017390578
59.0,implicit,0.42857142857142855,0.14285714285714285,0.22161412622577056
59.0,implicit,0.42857142857142855,0.21428571428571427,0.334153665754101
59.0,implicit,0.42857142857142855,0.2857142857142857,0.4430638247623248
59.0,implicit,0.42857142857142855,0.3571428571428571,0.5419235526064665
59.0,implicit,0.42857142857142855,0.42857142857142855,0.6164595123551658
59.0,implicit,0.42857142857142855,0.5,0.6455219916650307
59.0,implicit,0.42857142857142855,0.5714285714285714,0.6164595123551622
59.0,implicit,0.42857142857142855,0.6428571428571428,0.5419235526064631
59.0,implicit,0.42857142857142855,0.7142857142857142,0.44306382476232276
59.0,implicit,0.42857142857142855,0.7857142857142857,0.33415366575410044
59.0,implicit,0.42857142857142855,0.8571428571428571,0.2216141262257704
59.0,implicit,0.42857142857142855,0.9285714285714285,0.10797555017390574
59.0,implicit,0.42857142857142855,1.0,0.000511345664246089
59.0,implicit,0.5,0.0,0.000511345664246089
59.0,implicit,0.5,0.07142857142857142,0.1132612316751352
59.0,implicit,0.5,0.14285714285714285,0.23217608374086376
59.0,implicit,0.5,0.21428571428571427,0.349954021094109
59.0,implicit,0.5,0.2857142857142857,0.46396174594194045
59.0,implicit,0.5,0.3571428571428571,0.5674711864363857
59.0,implicit,0.5,0.42857142857142855,0.6455219916650318
59.0,implicit,0.5,0.5,0.6759569472675577
59.0,implicit,0.5,0.5714285714285714,0.645521991665031
59.0,implicit,0.5,0.6428571428571428,0.567471186436381
59.0,implicit,0.5,0.7142857142857142,0.46396174594193723
59.0,implicit,0.5,0.7857142857142857,0.3499540210941086
59.0,implicit,0.5,0.8571428571428571,0.23217608374086363
59.0,implicit,0.5,0.9285714285714285,0.11326123167513523
59.0,implicit,0.5,1.0,0.000511345664246089
59.0,implicit,0.5714285714285714,0.0,0.000511345664246089
59.0,implicit,0.5714285714285714,0.07142857142857142,0.10797555017390567
59.0,implicit,0.5714285714285714,0.14285714285714285,0.22161412622577145
59.0,implicit,0.5714285714285714,0.21428571428571427,0.33415366575410327
59.0,implicit,0.5714285714285714,0.2857142857142857,0.44306382476232564
59.0,implicit,0.5714285714285714,0.3571428571428571,0.5419235526064663
59.0,implicit,0.5714285714285714,0.42857142857142855,0.6164595123551659
59.0,implicit,0.5714285714285714,0.5,0.6455219916650342
59.0,implicit,0.5714285714285714,0.5714285714285714,0.6164595123551654
59.0,implicit,0.5714285714285714,0.6428571428571428,0.5419235526064643
59.0,implicit,0.5714285714285714,0.7142857142857142,0.4430638247623268
59.0,implicit,0.5714285714285714,0.7857142857142857,0.3341536657541024
59.0,implicit,0.5714285714285714,0.8571428571428571,0.2216141262257713
59.0,implicit,0.5714285714285714,0.9285714285714285,0.1079755501739057
59.0,implicit,0.5714285714285714,1.0,0.000511345664246089
59.0,implicit,0.6428571428571428,0.0,0.000511345664246089
59.0,implicit,0.6428571428571428,0.07142857142857142,0.09440671344550265
59.0,implicit,0.6428571428571428,0.14285714285714285,0.19450598131705357
59.0,implicit,0.6428571428571428,0.21428571428571427,0.2936099087673336
59.0,implicit,0.6428571428571428,0.2857142857142857,0.3894504257968219
59.0,implicit,0.6428571428571428,0.3571428571428571,0.47639270502454795
59.0,implicit,0.6428571428571428,0.42857142857142855,0.5419235526064663
59.0,implicit,0.6428571428571428,0.5,0.567471186436383
59.0,implicit,0.6428571428571428,0.5714285714285714,0.5419235526064653
59.0,implicit,0.6428571428571428,0.6428571428571428,0.47639270502454845
59.0,implicit,0.6428571428571428,0.7142857142857142,0.38945042579682243
59.0,implicit,0.6428571428571428,0.7857142857142857,0.29360990876733317
59.0,implicit,0.6428571428571428,0.8571428571428571,0.19450598131705207
59.0,implicit,0.6428571428571428,0.9285714285714285,0.09440671344550249
59.0,implicit,0.6428571428571428,1.0,0.000511345664246089
59.0,implicit,0.7142857142857142,0.0,0.000511345664246089
59.0,implicit,0.7142857142857142,0.07142857142857142,0.07636225286435797
59.0,implicit,0.7142857142857142,0.14285714285714285,0.15847653650803323
59.0,implicit,0.7142857142857142,0.21428571428571427,0.23976142683438115
59.0,implicit,0.7142857142857142,0.2857142857142857,0.3182870272087637
59.0,implicit,0.7142857142857142,0.3571428571428571,0.3894504257968201
59.0,implicit,0.7142857142857142,0.42857142857142855,0.4430638247623245
59.0,implicit,0.7142857142857142,0.5,0.46396174594193884
59.0,implicit,0.7142857142857142,0.5714285714285714,0.4430638247623233
59.0,implicit,0.7142857142857142,0.6428571428571428,0.38945042579681965
59.0,implicit,0.7142857142857142,0.7142857142857142,0.3182870272087637
59.0,implicit,0.7142857142857142,0.7857142857142857,0.23976142683438104
59.0,implicit,0.7142857142857142,0.8571428571428571,0.15847653650803292
59.0,implicit,0.7142857142857142,0.9285714285714285,0.07636225286435781
59.0,implicit,0.7142857142857142,1.0,0.000511345664246089
59.0,implicit,0.7857142857142857,0.0,0.000511345664246089
59.0,implicit,0.7857142857142857,0.07142857142857142,0.05638793734957016
59.0,implicit,0.7857142857142857,0.14285714285714285,0.11861449909121334
59.0,implicit,0.7857142857142857,0.21428571428571427,0.18026264403644263
59.0,implicit,0.7857142857142857,0.2857142857142857,0.23976142683438045
59.0,implicit,0.7857142857142857,0.3571428571428571,0.29360990876733184
59.0,implicit,0.7857142857142857,0.42857142857142855,0.3341536657541003
59.0,implicit,0.7857142857142857,0.5,0.34995402109410684
59.0,implicit,0.7857142857142857,0.5714285714285714,0.3341536657540998
59.0,implicit,0.7857142857142857,0.6428571428571428,0.29360990876733184
59.0,implicit,0.7857142857142857,0.7142857142857142,0.23976142683438048
59.0,implicit,0.7857142857142857,0.7857142857142857,0.18026264403644265
59.0,implicit,0.7857142857142857,0.8571428571428571,0.11861449909121324
59.0,implicit,0.7857142857142857,0.9285714285714285,0.05638793734957013
59.0,implicit,0.7857142857142857,1.0,0.000511345664246089
59.0,implicit,0.8571428571428571,0.0,0.000511345664246089
59.0,implicit,0.8571428571428571,0.07142857142857142,0.035755161792032225
59.0,implicit,0.8571428571428571,0.14285714285714285,0.07732961251130685
59.0,implicit,0.8571428571428571,0.21428571428571427,0.11861449909121297
59.0,implicit,0.8571428571428571,0.2857142857142857,0.15847653650803248
59.0,implicit,0.8571428571428571,0.3571428571428571,0.19450598131705066
59.0,implicit,0.8571428571428571,0.42857142857142855,0.22161412622577026
59.0,implicit,0.8571428571428571,0.5,0.23217608374086285
59.0,implicit,0.8571428571428571,0.5714285714285714,0.22161412622576995
59.0,implicit,0.8571428571428571,0.6428571428571428,0.19450598131705132
59.0,implicit,0.8571428571428571,0.7142857142857142,0.15847653650803267
59.0,implicit,0.8571428571428571,0.7857142857142857,0.11861449909121305
59.0,implicit,0.8571428571428571,0.8571428571428571,0.07732961251130685
59.0,implicit,0.8571428571428571,0.9285714285714285,0.035755161792032225
59.0,implicit,0.8571428571428571,1.0,0.000511345664246089
59.0,implicit,0.9285714285714285,0.0,0.000511345664246089
59.0,implicit,0.9285714285714285,0.07142857142857142,0.014877813644458915
59.0,implicit,0.9285714285714285,0.14285714285714285,0.03575516179203224
59.0,implicit,0.9285714285714285,0.21428571428571427,0.05638793734956986
59.0,implicit,0.9285714285714285,0.2857142857142857,0.0763622528643574
59.0,implicit,0.9285714285714285,0.3571428571428571,0.09440671344550236
59.0,implicit,0.9285714285714285,0.42857142857142855,0.10797555017390577
59.0,implicit,0.9285714285714285,0.5,0.113261231675135
59.0,implicit,0.9285714285714285,0.5714285714285714,0.10797555017390553
59.0,implicit,0.9285714285714285,0.6428571428571428,0.0944067134455022
59.0,implicit,0.9285714285714285,0.7142857142857142,0.07636225286435737
59.0,implicit,0.9285714285714285,0.7857142857142857,0.056387937349569886
59.0,implicit,0.9285714285714285,0.8571428571428571,0.03575516179203227
59.0,implicit,0.9285714285714285,0.9285714285714285,0.014877813644458917
59.0,implicit,0.9285714285714285,1.0,0.000511345664246089
59.0,implicit,1.0,0.0,0.000511345664246089
59.0,implicit,1.0,0.07142857142857142,0.000511345664246089
59.0,implicit,1.0,0.14285714285714285,0.000511345664246089
59.0,implicit,1.0,0.21428571428571427,0.000511345664246089
59.0,implicit,1.0,0.2857142857142857,0.000511345664246089
59.0,implicit,1.0,0.3571428571428571,0.000511345664246089
59.0,implicit,1.0,0.42857142857142855,0.000511345664246089
59.0,implicit,1.0,0.5,0.000511345664246089
59.0,implicit,1.0,0.5714285714285714,0.000511345664246089
59.0,implicit,1.0,0.6428571428571428,0.000511345664246089
59.0,implicit,1.0,0.7142857142857142,0.000511345664246089
59.0,implicit,1.0,0.7857142857142857,0.000511345664246089
59.0,implicit,1.0,0.8571428571428571,0.000511345664246089
59.0,implicit,1.0,0.9285714285714285,0.000511345664246089
59.0,implicit,1.0,1.0,0.000511345664246089
60.0,implicit,0.0,0.0,-0.023458713337514692
60.0,implicit,0.0,0.07142857142857142,-0.023458713337514692
60.0,implicit,0.0,0.14285714285714285,-0.023458713337514692
60.0,implicit,0.0,0.21428571428571427,-0.023458713337514692
60.0,implicit,0.0,0.2857142857142857,-0.023458713337514692
60.0,implicit,0.0,0.3571428571428571,-0.023458713337514692
60.0,implicit,0.0,0.42857142857142855,-0.023458713337514692
60.0,implicit,0.0,0.5,-0.023458713337514692
60.0,implicit,0.0,0.5714285714285714,-0.023458713337514692
60.0,implicit,0.0,0.6428571428571428,-0.023458713337514692
60.0,implicit,0.0,0.7142857142857142,-0.023458713337514692
60.0,implicit,0.0,0.7857142857142857,-0.023458713337514692
60.0,implicit,0.0,0.8571428571428571,-0.023458713337514692
60.0,implicit,0.0,0.9285714285714285,-0.023458713337514692
60.0,implicit,0.0,1.0,-0.023458713337514692
60.0,implicit,0.07142857142857142,0.0,-0.023458713337514692
60.0,implicit,0.07142857142857142,0.07142857142857142,0.014418223913718498
60.0,implicit,0.07142857142857142,0.14285714285714285,0.03551366021308739
60.0,implicit,0.07142857142857142,0.21428571428571427,0.05614369042877783
60.0,implicit,0.07142857142857142,0.2857142857142857,0.07609940138187246
60.0,implicit,0.07142857142857142,0.3571428571428571,0.09410818856378615
60.0,implicit,0.07142857142857142,0.42857142857142855,0.10762498626125115
60.0,implicit,0.07142857142857142,0.5,0.11287975903258608
60.0,implicit,0.07142857142857142,0.5714285714285714,0.10762498626125082
60.0,implicit,0.07142857142857142,0.6428571428571428,0.094108188563786
60.0,implicit,0.07142857142857142,0.7142857142857142,0.07609940138187238
60.0,implicit,0.07142857142857142,0.7857142857142857,0.0561436904287778
60.0,implicit,0.07142857142857142,0.8571428571428571,0.0355136602130874
60.0,implicit,0.07142857142857142,0.9285714285714285,0.0144182239137185
60.0,implicit,0.07142857142857142,1.0,-0.023458713337514692
60.0,implicit,0.14285714285714285,0.0,-0.023458713337514692
60.0,implicit,0.14285714285714285,0.07142857142857142,0.03551366021308739
60.0,implicit,0.14285714285714285,0.14285714285714285,0.07731501890119016
60.0,implicit,0.14285714285714285,0.21428571428571427,0.11858350519097251
60.0,implicit,0.14285714285714285,0.2857142857142857,0.15840887431260361
60.0,implicit,0.14285714285714285,0.3571428571428571,0.19436635094452362
60.0,implicit,0.14285714285714285,0.42857142857142855,0.221369666026405
60.0,implicit,0.14285714285714285,0.5,0.2318695238737291
60.0,implicit,0.14285714285714285,0.5714285714285714,0.2213696660264044
60.0,implicit,0.14285714285714285,0.6428571428571428,0.19436635094452312
60.0,implicit,0.14285714285714285,0.7142857142857142,0.15840887431260336
60.0,implicit,0.14285714285714285,0.7857142857142857,0.11858350519097242
60.0,implicit,0.14285714285714285,0.8571428571428571,0.07731501890119015
60.0,implicit,0.14285714285714285,0.9285714285714285,0.03551366021308741
60.0,implicit,0.14285714285714285,1.0,-0.023458713337514692
60.0,implicit,0.21428571428571427,0.0,-0.023458713337514692
60.0,implicit,0.21428571428571427,0.07142857142857142,0.05614369042877752
60.0,implicit,0.21428571428571427,0.14285714285714285,0.11858350519097231
60.0,implicit,0.21428571428571427,0.21428571428571427,0.18020300897399352
60.0,implicit,0.21428571428571427,0.2857142857142857,0.23964499269876882
60.0,implicit,0.21428571428571427,0.3571428571428571,0.2933817227992864
60.0,implicit,0.21428571428571427,0.42857142857142855,0.33376531941319976
60.0,implicit,0.21428571428571427,0.5,0.34947149503753316
60.0,implicit,0.21428571428571427,0.5714285714285714,0.33376531941319815
60.0,implicit,0.21428571428571427,0.6428571428571428,0.2933817227992859
60.0,implicit,0.21428571428571427,0.7142857142857142,0.23964499269876874
60.0,implicit,0.21428571428571427,0.7857142857142857,0.1802030089739935
60.0,implicit,0.21428571428571427,0.8571428571428571,0.11858350519097229
60.0,implicit,0.21428571428571427,0.9285714285714285,0.05614369042877752
60.0,implicit,0.21428571428571427,1.0,-0.023458713337514692
60.0,implicit,0.2857142857142857,0.0,-0.023458713337514692
60.0,implicit,0.2857142857142857,0.07142857142857142,0.07609940138187195
60.0,implicit,0.2857142857142857,0.14285714285714285,0.15840887431260312
60.0,implicit,0.2857142857142857,0.21428571428571427,0.23964499269876827
60.0,implicit,0.2857142857142857,0.2857142857142857,0.3180833916142478
60.0,implicit,0.2857142857142857,0.3571428571428571,0.3890862220332848
60.0,implicit,0.2857142857142857,0.42857142857142855,0.4424781670325022
60.0,implicit,0.2857142857142857,0.5,0.4632478173988332
60.0,implicit,0.2857142857142857,0.5714285714285714,0.44247816703250337
60.0,implicit,0.2857142857142857,0.6428571428571428,0.3890862220332851
60.0,implicit,0.2857142857142857,0.7142857142857142,0.31808339161424776
60.0,implicit,0.2857142857142857,0.7857142857142857,0.23964499269876816
60.0,implicit,0.2857142857142857,0.8571428571428571,0.158408874312603
60.0,implicit,0.2857142857142857,0.9285714285714285,0.07609940138187186
60.0,implicit,0.2857142857142857,1.0,-0.023458713337514692
60.0,implicit,0.3571428571428571,0.0,-0.023458713337514692
60.0,implicit,0.3571428571428571,0.07142857142857142,0.09410818856378592
60.0,implicit,0.3571428571428571,0.14285714285714285,0.19436635094452243
60.0,implicit,0.3571428571428571,0.21428571428571427,0.29338172279928515
60.0,implicit,0.3571428571428571,0.2857142857142857,0.3890862220332825
60.0,implicit,0.3571428571428571,0.3571428571428571,0.4758044684325218
60.0,implicit,0.3571428571428571,0.42857142857142855,0.5410437907638164
60.0,implicit,0.3571428571428571,0.5,0.5664265378410694
60.0,implicit,0.3571428571428571,0.5714285714285714,0.5410437907638175
60.0,implicit,0.3571428571428571,0.6428571428571428,0.4758044684325222
60.0,implicit,0.3571428571428571,0.7142857142857142,0.38908622203328197
60.0,implicit,0.3571428571428571,0.7857142857142857,0.29338172279928487
60.0,implicit,0.3571428571428571,0.8571428571428571,0.19436635094452193
60.0,implicit,0.3571428571428571,0.9285714285714285,0.09410818856378576
60.0,implicit,0.3571428571428571,1.0,-0.023458713337514692
60.0,implicit,0.42857142857142855,0.0,-0.023458713337514692
60.0,implicit,0.42857142857142855,0.07142857142857142,0.10762498626125123
60.0,implicit,0.42857142857142855,0.14285714285714285,0.22136966602640454
60.0,implicit,0.42857142857142855,0.21428571428571427,0.33376531941319854
60.0,implicit,0.42857142857142855,0.2857142857142857,0.44247816703250403
60.0,implicit,0.42857142857142855,0.3571428571428571,0.5410437907638206
60.0,implicit,0.42857142857142855,0.42857142857142855,0.6152185829327035
60.0,implicit,0.42857142857142855,0.5,0.6440819660527004
60.0,implicit,0.42857142857142855,0.5714285714285714,0.6152185829327
60.0,implicit,0.42857142857142855,0.6428571428571428,0.5410437907638171
60.0,implicit,0.42857142857142855,0.7142857142857142,0.4424781670325021
60.0,implicit,0.42857142857142855,0.7857142857142857,0.333765319413198
60.0,implicit,0.42857142857142855,0.8571428571428571,0.22136966602640437
60.0,implicit,0.42857142857142855,0.9285714285714285,0.1076249862612512
60.0,implicit,0.42857142857142855,1.0,-0.023458713337514692
60.0,implicit,0.5,0.0,-0.023458713337514692
60.0,implicit,0.5,0.07142857142857142,0.11287975903258635
60.0,implicit,0.5,0.14285714285714285,0.23186952387372994
60.0,implicit,0.5,0.21428571428571427,0.34947149503753633
60.0,implicit,0.5,0.2857142857142857,0.46324781739883575
60.0,implicit,0.5,0.3571428571428571,0.5664265378410719
60.0,implicit,0.5,0.42857142857142855,0.6440819660527017
60.0,implicit,0.5,0.5,0.6743017098764745
60.0,implicit,0.5,0.5714285714285714,0.6440819660527007
60.0,implicit,0.5,0.6428571428571428,0.5664265378410672
60.0,implicit,0.5,0.7142857142857142,0.4632478173988326
60.0,implicit,0.5,0.7857142857142857,0.3494714950375359
60.0,implicit,0.5,0.8571428571428571,0.2318695238737298
60.0,implicit,0.5,0.9285714285714285,0.11287975903258637
60.0,implicit,0.5,1.0,-0.023458713337514692
60.0,implicit,0.5714285714285714,0.0,-0.023458713337514692
60.0,implicit,0.5714285714285714,0.07142857142857142,0.10762498626125111
60.0,implicit,0.5714285714285714,0.14285714285714285,0.2213696660264054
60.0,implicit,0.5714285714285714,0.21428571428571427,0.3337653194132008
60.0,implicit,0.5714285714285714,0.2857142857142857,0.4424781670325048
60.0,implicit,0.5714285714285714,0.3571428571428571,0.5410437907638204
60.0,implicit,0.5714285714285714,0.42857142857142855,0.6152185829327037
60.0,implicit,0.5714285714285714,0.5,0.644081966052704
60.0,implicit,0.5714285714285714,0.5714285714285714,0.6152185829327032
60.0,implicit,0.5714285714285714,0.6428571428571428,0.5410437907638185
60.0,implicit,0.5714285714285714,0.7142857142857142,0.4424781670325061
60.0,implicit,0.5714285714285714,0.7857142857142857,0.3337653194131999
60.0,implicit,0.5714285714285714,0.8571428571428571,0.22136966602640526
60.0,implicit,0.5714285714285714,0.9285714285714285,0.10762498626125115
60.0,implicit,0.5714285714285714,1.0,-0.023458713337514692
60.0,implicit,0.6428571428571428,0.0,-0.023458713337514692
60.0,implicit,0.6428571428571428,0.07142857142857142,0.09410818856378629
60.0,implicit,0.6428571428571428,0.14285714285714285,0.19436635094452515
60.0,implicit,0.6428571428571428,0.21428571428571427,0.2933817227992873
60.0,implicit,0.6428571428571428,0.2857142857142857,0.3890862220332864
60.0,implicit,0.6428571428571428,0.3571428571428571,0.47580446843252355
60.0,implicit,0.6428571428571428,0.42857142857142855,0.5410437907638201
60.0,implicit,0.6428571428571428,0.5,0.5664265378410692
60.0,implicit,0.6428571428571428,0.5714285714285714,0.5410437907638193
60.0,implicit,0.6428571428571428,0.6428571428571428,0.47580446843252405
60.0,implicit,0.6428571428571428,0.7142857142857142,0.38908622203328685
60.0,implicit,0.6428571428571428,0.7857142857142857,0.29338172279928687
60.0,implicit,0.6428571428571428,0.8571428571428571,0.1943663509445237
60.0,implicit,0.6428571428571428,0.9285714285714285,0.09410818856378608
60.0,implicit,0.6428571428571428,1.0,-0.023458713337514692
60.0,implicit,0.7142857142857142,0.0,-0.023458713337514692
60.0,implicit,0.7142857142857142,0.07142857142857142,0.07609940138187256
60.0,implicit,0.7142857142857142,0.14285714285714285,0.15840887431260395
60.0,implicit,0.7142857142857142,0.21428571428571427,0.23964499269876938
60.0,implicit,0.7142857142857142,0.2857142857142857,0.318083391614249
60.0,implicit,0.7142857142857142,0.3571428571428571,0.38908622203328463
60.0,implicit,0.7142857142857142,0.42857142857142855,0.44247816703250376
60.0,implicit,0.7142857142857142,0.5,0.4632478173988342
60.0,implicit,0.7142857142857142,0.5714285714285714,0.4424781670325026
60.0,implicit,0.7142857142857142,0.6428571428571428,0.38908622203328413
60.0,implicit,0.7142857142857142,0.7142857142857142,0.318083391614249
60.0,implicit,0.7142857142857142,0.7857142857142857,0.23964499269876927
60.0,implicit,0.7142857142857142,0.8571428571428571,0.15840887431260364
60.0,implicit,0.7142857142857142,0.9285714285714285,0.07609940138187242
60.0,implicit,0.7142857142857142,1.0,-0.023458713337514692
60.0,implicit,0.7857142857142857,0.0,-0.023458713337514692
60.0,implicit,0.7857142857142857,0.07142857142857142,0.05614369042877788
60.0,implicit,0.7857142857142857,0.14285714285714285,0.11858350519097273
60.0,implicit,0.7857142857142857,0.21428571428571427,0.18020300897399374
60.0,implicit,0.7857142857142857,0.2857142857142857,0.23964499269876868
60.0,implicit,0.7857142857142857,0.3571428571428571,0.29338172279928554
60.0,implicit,0.7857142857142857,0.42857142857142855,0.33376531941319787
60.0,implicit,0.7857142857142857,0.5,0.3494714950375342
60.0,implicit,0.7857142857142857,0.5714285714285714,0.33376531941319737
60.0,implicit,0.7857142857142857,0.6428571428571428,0.2933817227992856
60.0,implicit,0.7857142857142857,0.7142857142857142,0.2396449926987687
60.0,implicit,0.7857142857142857,0.7857142857142857,0.18020300897399377
60.0,implicit,0.7857142857142857,0.8571428571428571,0.11858350519097262
60.0,implicit,0.7857142857142857,0.9285714285714285,0.05614369042877785
60.0,implicit,0.7857142857142857,1.0,-0.023458713337514692
60.0,implicit,0.8571428571428571,0.0,-0.023458713337514692
60.0,implicit,0.8571428571428571,0.07142857142857142,0.035513660213087404
60.0,implicit,0.8571428571428571,0.14285714285714285,0.07731501890119023
60.0,implicit,0.8571428571428571,0.21428571428571427,0.11858350519097237
60.0,implicit,0.8571428571428571,0.2857142857142857,0.15840887431260314
60.0,implicit,0.8571428571428571,0.3571428571428571,0.19436635094452223
60.0,implicit,0.8571428571428571,0.42857142857142855,0.22136966602640423
60.0,implicit,0.8571428571428571,0.5,0.23186952387372906
60.0,implicit,0.8571428571428571,0.5714285714285714,0.22136966602640387
60.0,implicit,0.8571428571428571,0.6428571428571428,0.19436635094452287
60.0,implicit,0.8571428571428571,0.7142857142857142,0.15840887431260336
60.0,implicit,0.8571428571428571,0.7857142857142857,0.11858350519097244
60.0,implicit,0.8571428571428571,0.8571428571428571,0.07731501890119023
60.0,implicit,0.8571428571428571,0.9285714285714285,0.035513660213087404
60.0,implicit,0.8571428571428571,1.0,-0.023458713337514692
60.0,implicit,0.9285714285714285,0.0,-0.023458713337514692
60.0,implicit,0.9285714285714285,0.07142857142857142,0.014418223913718504
60.0,implicit,0.9285714285714285,0.14285714285714285,0.03551366021308742
60.0,implicit,0.9285714285714285,0.21428571428571427,0.05614369042877757
60.0,implicit,0.9285714285714285,0.2857142857142857,0.076099401381872
60.0,implicit,0.9285714285714285,0.3571428571428571,0.094108188563786
60.0,implicit,0.9285714285714285,0.42857142857142855,0.10762498626125121
60.0,implicit,0.9285714285714285,0.5,0.11287975903258614
60.0,implicit,0.9285714285714285,0.5714285714285714,0.10762498626125097
60.0,implicit,0.9285714285714285,0.6428571428571428,0.0941081885637858
60.0,implicit,0.9285714285714285,0.7142857142857142,0.07609940138187198
60.0,implicit,0.9285714285714285,0.7857142857142857,0.05614369042877761
60.0,implicit,0.9285714285714285,0.8571428571428571,0.03551366021308744
60.0,implicit,0.9285714285714285,0.9285714285714285,0.014418223913718506
60.0,implicit,0.9285714285714285,1.0,-0.023458713337514692
60.0,implicit,1.0,0.0,-0.023458713337514692
60.0,implicit,1.0,0.07142857142857142,-0.023458713337514692
60.0,implicit,1.0,0.14285714285714285,-0.023458713337514692
60.0,implicit,1.0,0.21428571428571427,-0.023458713337514692
60.0,implicit,1.0,0.2857142857142857,-0.023458713337514692
60.0,implicit,1.0,0.3571428571428571,-0.023458713337514692
60.0,implicit,1.0,0.42857142857142855,-0.023458713337514692
60.0,implicit,1.0,0.5,-0.023458713337514692
60.0,implicit,1.0,0.5714285714285714,-0.023458713337514692
60.0,implicit,1.0,0.6428571428571428,-0.023458713337514692
60.0,implicit,1.0,0.7142857142857142,-0.023458713337514692
60.0,implicit,1.0,0.7857142857142857,-0.023458713337514692
60.0,implicit,1.0,0.8571428571428571,-0.023458713337514692
60.0,implicit,1.0,0.9285714285714285,-0.023458713337514692
60.0,implicit,1.0,1.0,-0.023458713337514692
1.0,crank_nicolson,0.0,0.0,0.06476885381006925
1.0,crank_nicolson,0.0,0.07142857142857142,0.06476885381006925
1.0,crank_nicolson,0.0,0.14285714285714285,0.06476885381006925
1.0,crank_nicolson,0.0,0.21428571428571427,0.06476885381006925
1.0,crank_nicolson,0.0,0.2857142857142857,0.06476885381006925
1.0,crank_nicolson,0.0,0.3571428571428571,0.06476885381006925
1.0,crank_nicolson,0.0,0.42857142857142855,0.06476885381006925
1.0,crank_nicolson,0.0,0.5,0.06476885381006925
1.0,crank_nicolson,0.0,0.5714285714285714,0.06476885381006925
1.0,crank_nicolson,0.0,0.6428571428571428,0.06476885381006925
1.0,crank_nicolson,0.0,0.7142857142857142,0.06476885381006925
1.0,crank_nicolson,0.0,0.7857142857142857,0.06476885381006925
1.0,crank_nicolson,0.0,0.8571428571428571,0.06476885381006925
1.0,crank_nicolson,0.0,0.9285714285714285,0.06476885381006925
1.0,crank_nicolson,0.0,1.0,0.06476885381006925
1.0,crank_nicolson,0.07142857142857142,0.0,0.06476885381006925
1.0,crank_nicolson,0.07142857142857142,0.07142857142857142,0.0217137954877568
1.0,crank_nicolson,0.07142857142857142,0.14285714285714285,0.04149211952810248
1.0,crank_nicolson,0.07142857142857142,0.21428571428571427,0.06188906640130715
1.0,crank_nicolson,0.07142857142857142,0.2857142857142857,0.08229704518840794
1.0,crank_nicolson,0.07142857142857142,0.3571428571428571,0.10270474765171075
1.0,crank_nicolson,0.07142857142857142,0.42857142857142855,0.12308084046785649
1.0,crank_nicolson,0.07142857142857142,0.5,0.1419108098416579
1.0,crank_nicolson,0.07142857142857142,0.5714285714285714,0.12308084046785651
1.0,crank_nicolson,0.07142857142857142,0.6428571428571428,0.10270474765171071
1.0,crank_nicolson,0.07142857142857142,0.7142857142857142,0.08229704518840794
1.0,crank_nicolson,0.07142857142857142,0.7857142857142857,0.061889066401307154
1.0,crank_nicolson,0.07142857142857142,0.8571428571428571,0.041492119528102486
1.0,crank_nicolson,0.07142857142857142,0.9285714285714285,0.021713795487756822
1.0,crank_nicolson,0.07142857142857142,1.0,0.06476885381006925
1.0,crank_nicolson,0.14285714285714285,0.0,0.06476885381006925
1.0,crank_nicolson,0.14285714285714285,0.07142857142857142,0.04149211952810248
1.0,crank_nicolson,0.14285714285714285,0.14285714285714285,0.0816565320972951
1.0,crank_nicolson,0.14285714285714285,0.21428571428571427,0.12246111630146136
1.0,crank_nicolson,0.14285714285714285,0.2857142857142857,0.16327724406854038
1.0,crank_nicolson,0.14285714285714285,0.3571428571428571,0.20409265115317562
1.0,crank_nicolson,0.14285714285714285,0.42857142857142855,0.24484483680857694
1.0,crank_nicolson,0.14285714285714285,0.5,0.2825047755559362
1.0,crank_nicolson,0.14285714285714285,0.5714285714285714,0.24484483680857694
1.0,crank_nicolson,0.14285714285714285,0.6428571428571428,0.2040926511531758
1.0,crank_nicolson,0.14285714285714285,0.7142857142857142,0.1632772440685404
1.0,crank_nicolson,0.14285714285714285,0.7857142857142857,0.12246111630146139
1.0,crank_nicolson,0.14285714285714285,0.8571428571428571,0.08165653209729513
1.0,crank_nicolson,0.14285714285714285,0.9285714285714285,0.04149211952810253
1.0,crank_nicolson,0.14285714285714285,1.0,0.06476885381006925
1.0,crank_nicolson,0.21428571428571427,0.0,0.06476885381006925
1.0,crank_nicolson,0.21428571428571427,0.07142857142857142,0.06188906640130715
1.0,crank_nicolson,0.21428571428571427,0.14285714285714285,0.12246111630146135
1.0,crank_nicolson,0.21428571428571427,0.21428571428571427,0.1836738503759924
1.0,crank_nicolson,0.21428571428571427,0.2857142857142857,0.24489813572165448
1.0,crank_nicolson,0.21428571428571427,0.3571428571428571,0.30612124749027236
1.0,crank_nicolson,0.21428571428571427,0.42857142857142855,0.3672495259307663
1.0,crank_nicolson,0.21428571428571427,0.5,0.42373943400183617
1.0,crank_nicolson,0.21428571428571427,0.5714285714285714,0.3672495259307663
1.0,crank_nicolson,0.21428571428571427,0.6428571428571428,0.3061212474902725
1.0,crank_nicolson,0.21428571428571427,0.7142857142857142,0.24489813572165456
1.0,crank_nicolson,0.21428571428571427,0.7857142857142857,0.1836738503759924
1.0,crank_nicolson,0.21428571428571427,0.8571428571428571,0.12246111630146139
1.0,crank_nicolson,0.21428571428571427,0.9285714285714285,0.06188906640130721
1.0,crank_nicolson,0.21428571428571427,1.0,0.06476885381006925
1.0,crank_nicolson,0.2857142857142857,0.0,0.06476885381006925
1.0,crank_nicolson,0.2857142857142857,0.07142857142857142,0.08229704518840784
1.0,crank_nicolson,0.2857142857142857,0.14285714285714285,0.16327724406854033
1.0,crank_nicolson,0.2857142857142857,0.21428571428571427,0.2448981357216546
1.0,crank_nicolson,0.2857142857142857,0.2857142857142857,0.3265305735515832
1.0,crank_nicolson,0.2857142857142857,0.3571428571428571,0.4081613846762275
1.0,crank_nicolson,0.2857142857142857,0.42857142857142855,0.48966575058464096
1.0,crank_nicolson,0.2857142857142857,0.5,0.5649856231599772
1.0,crank_nicolson,0.2857142857142857,0.5714285714285714,0.48966575058464107
1.0,crank_nicolson,0.2857142857142857,0.6428571428571428,0.4081613846762276
1.0,crank_nicolson,0.2857142857142857,0.7142857142857142,0.3265305735515832
1.0,crank_nicolson,0.2857142857142857,0.7857142857142857,0.24489813572165464
1.0,crank_nicolson,0.2857142857142857,0.8571428571428571,0.1632772440685403
1.0,crank_nicolson,0.2857142857142857,0.9285714285714285,0.08229704518840796
1.0,crank_nicolson,0.2857142857142857,1.0,0.06476885381006925
1.0,crank_nicolson,0.3571428571428571,0.0,0.06476885381006925
1.0,crank_nicolson,0.3571428571428571,0.07142857142857142,0.10270474765171066
1.0,crank_nicolson,0.3571428571428571,0.14285714285714285,0.2040926511531757
1.0,crank_nicolson,0.3571428571428571,0.21428571428571427,0.3061212474902724
1.0,crank_nicolson,0.3571428571428571,0.2857142857142857,0.4081613846762275
1.0,crank_nicolson,0.3571428571428571,0.3571428571428571,0.5101994420430337
1.0,crank_nicolson,0.3571428571428571,0.42857142857142855,0.6120794433005503
1.0,crank_nicolson,0.3571428571428571,0.5,0.7062288667654972
1.0,crank_nicolson,0.3571428571428571,0.5714285714285714,0.6120794433005504
1.0,crank_nicolson,0.3571428571428571,0.6428571428571428,0.510199442043033
1.0,crank_nicolson,0.3571428571428571,0.7142857142857142,0.40816138467622765
1.0,crank_nicolson,0.3571428571428571,0.7857142857142857,0.3061212474902724
1.0,crank_nicolson,0.3571428571428571,0.8571428571428571,0.20409265115317585
1.0,crank_nicolson,0.3571428571428571,0.9285714285714285,0.10270474765171081
1.0,crank_nicolson,0.3571428571428571,1.0,0.06476885381006925
1.0,crank_nicolson,0.42857142857142855,0.0,0.06476885381006925
1.0,crank_nicolson,0.42857142857142855,0.07142857142857142,0.12308084046785638
1.0,crank_nicolson,0.42857142857142855,0.14285714285714285,0.24484483680857685
1.0,crank_nicolson,0.42857142857142855,0.21428571428571427,0.36724952593076676
1.0,crank_nicolson,0.42857142857142855,0.2857142857142857,0.4896657505846413
1.0,crank_nicolson,0.42857142857142855,0.3571428571428571,0.6120794433005504
1.0,crank_nicolson,0.42857142857142855,0.42857142857142855,0.73430352675608
1.0,crank_nicolson,0.42857142857142855,0.5,0.8472534271598723
1.0,crank_nicolson,0.42857142857142855,0.5714285714285714,0.7343035267560808
1.0,crank_nicolson,0.42857142857142855,0.6428571428571428,0.6120794433005503
1.0,crank_nicolson,0.42857142857142855,0.7142857142857142,0.4896657505846417
1.0,crank_nicolson,0.42857142857142855,0.7857142857142857,0.36724952593076676
1.0,crank_nicolson,0.42857142857142855,0.8571428571428571,0.24484483680857702
1.0,crank_nicolson,0.42857142857142855,0.9285714285714285,0.12308084046785646
1.0,crank_nicolson,0.42857142857142855,1.0,0.06476885381006925
1.0,crank_nicolson,0.5,0.0,0.06476885381006925
1.0,crank_nicolson,0.5,0.07142857142857142,0.14191080984165788
1.0,crank_nicolson,0.5,0.14285714285714285,0.2825047755559363
1.0,crank_nicolson,0.5,0.21428571428571427,0.42373943400183667
1.0,crank_nicolson,0.5,0.2857142857142857,0.5649856231599766
1.0,crank_nicolson,0.5,0.3571428571428571,0.7062288667654972
1.0,crank_nicolson,0.5,0.42857142857142855,0.8472534271598728
1.0,crank_nicolson,0.5,0.5,0.9775764180666314
1.0,crank_nicolson,0.5,0.5714285714285714,0.8472534271598724
1.0,crank_nicolson,0.5,0.6428571428571428,0.7062288667654969
1.0,crank_nicolson,0.5,0.7142857142857142,0.5649856231599771
1.0,crank_nicolson,0.5,0.7857142857142857,0.42373943400183667
1.0,crank_nicolson,0.5,0.8571428571428571,0.2825047755559363
1.0,crank_nicolson,0.5,0.9285714285714285,0.14191080984165805
1.0,crank_nicolson,0.5,1.0,0.06476885381006925
1.0,crank_nicolson,0.5714285714285714,0.0,0.06476885381006925
1.0,crank_nicolson,0.5714285714285714,0.07142857142857142,0.12308084046785643
1.0,crank_nicolson,0.5714285714285714,0.14285714285714285,0.2448448368085771
1.0,crank_nicolson,0.5714285714285714,0.21428571428571427,0.3672495259307661
1.0,crank_nicolson,0.5714285714285714,0.2857142857142857,0.4896657505846409
1.0,crank_nicolson,0.5714285714285714,0.3571428571428571,0.6120794433005503
1.0,crank_nicolson,0.5714285714285714,0.42857142857142855,0.7343035267560807
1.0,crank_nicolson,0.5714285714285714,0.5,0.8472534271598725
1.0,crank_nicolson,0.5714285714285714,0.5714285714285714,0.7343035267560808
1.0,crank_nicolson,0.5714285714285714,0.6428571428571428,0.6120794433005502
1.0,crank_nicolson,0.5714285714285714,0.7142857142857142,0.4896657505846413
1.0,crank_nicolson,0.5714285714285714,0.7857142857142857,0.36724952593076654
1.0,crank_nicolson,0.5714285714285714,0.8571428571428571,0.24484483680857727
1.0,crank_nicolson,0.5714285714285714,0.9285714285714285,0.12308084046785661
1.0,crank_nicolson,0.5714285714285714,1.0,0.06476885381006925
1.0,crank_nicolson,0.6428571428571428,0.0,0.06476885381006925
1.0,crank_nicolson,0.6428571428571428,0.07142857142857142,0.10270474765171068
1.0,crank_nicolson,0.6428571428571428,0.14285714285714285,0.20409265115317576
1.0,crank_nicolson,0.6428571428571428,0.21428571428571427,0.3061212474902725
1.0,crank_nicolson,0.6428571428571428,0.2857142857142857,0.4081613846762276
1.0,crank_nicolson,0.6428571428571428,0.3571428571428571,0.5101994420430329
1.0,crank_nicolson,0.6428571428571428,0.42857142857142855,0.6120794433005508
1.0,crank_nicolson,0.6428571428571428,0.5,0.706228866765497
1.0,crank_nicolson,0.6428571428571428,0.5714285714285714,0.6120794433005506
1.0,crank_nicolson,0.6428571428571428,0.6428571428571428,0.5101994420430335
1.0,crank_nicolson,0.6428571428571428,0.7142857142857142,0.4081613846762278
1.0,crank_nicolson,0.6428571428571428,0.7857142857142857,0.3061212474902724
1.0,crank_nicolson,0.6428571428571428,0.8571428571428571,0.20409265115317604
1.0,crank_nicolson,0.6428571428571428,0.9285714285714285,0.1027047476517108
1.0,crank_nicolson,0.6428571428571428,1.0,0.06476885381006925
1.0,crank_nicolson,0.7142857142857142,0.0,0.06476885381006925
1.0,crank_nicolson,0.7142857142857142,0.07142857142857142,0.08229704518840794
1.0,crank_nicolson,0.7142857142857142,0.14285714285714285,0.1632772440685404
1.0,crank_nicolson,0.7142857142857142,0.21428571428571427,0.24489813572165456
1.0,crank_nicolson,0.7142857142857142,0.2857142857142857,0.3265305735515832
1.0,crank_nicolson,0.7142857142857142,0.3571428571428571,0.4081613846762273
1.0,crank_nicolson,0.7142857142857142,0.42857142857142855,0.4896657505846413
1.0,crank_nicolson,0.7142857142857142,0.5,0.5649856231599774
1.0,crank_nicolson,0.7142857142857142,0.5714285714285714,0.4896657505846415
1.0,crank_nicolson,0.7142857142857142,0.6428571428571428,0.40816138467622787
1.0,crank_nicolson,0.7142857142857142,0.7142857142857142,0.3265305735515834
1.0,crank_nicolson,0.7142857142857142,0.7857142857142857,0.24489813572165464
1.0,crank_nicolson,0.7142857142857142,0.8571428571428571,0.16327724406854047
1.0,crank_nicolson,0.7142857142857142,0.9285714285714285,0.08229704518840801
1.0,crank_nicolson,0.7142857142857142,1.0,0.06476885381006925
1.0,crank_nicolson,0.7857142857142857,0.0,0.06476885381006925
1.0,crank_nicolson,0.7857142857142857,0.07142857142857142,0.061889066401307154
1.0,crank_nicolson,0.7857142857142857,0.14285714285714285,0.12246111630146139
1.0,crank_nicolson,0.7857142857142857,0.21428571428571427,0.1836738503759924
1.0,crank_nicolson,0.7857142857142857,0.2857142857142857,0.24489813572165464
1.0,crank_nicolson,0.7857142857142857,0.3571428571428571,0.3061212474902724
1.0,crank_nicolson,0.7857142857142857,0.42857142857142855,0.3672495259307666
1.0,crank_nicolson,0.7857142857142857,0.5,0.4237394340018367
1.0,crank_nicolson,0.7857142857142857,0.5714285714285714,0.3672495259307667
1.0,crank_nicolson,0.7857142857142857,0.6428571428571428,0.3061212474902725
1.0,crank_nicolson,0.7857142857142857,0.7142857142857142,0.24489813572165475
1.0,crank_nicolson,0.7857142857142857,0.7857142857142857,0.18367385037599243
1.0,crank_nicolson,0.7857142857142857,0.8571428571428571,0.12246111630146143
1.0,crank_nicolson,0.7857142857142857,0.9285714285714285,0.06188906640130722
1.0,crank_nicolson,0.7857142857142857,1.0,0.06476885381006925
1.0,crank_nicolson,0.8571428571428571,0.0,0.06476885381006925
1.0,crank_nicolson,0.8571428571428571,0.07142857142857142,0.041492119528102486
1.0,crank_nicolson,0.8571428571428571,0.14285714285714285,0.08165653209729513
1.0,crank_nicolson,0.8571428571428571,0.21428571428571427,0.12246111630146139
1.0,crank_nicolson,0.8571428571428571,0.2857142857142857,0.16327724406854033
1.0,crank_nicolson,0.8571428571428571,0.3571428571428571,0.20409265115317585
1.0,crank_nicolson,0.8571428571428571,0.42857142857142855,0.24484483680857697
1.0,crank_nicolson,0.8571428571428571,0.5,0.2825047755559363
1.0,crank_nicolson,0.8571428571428571,0.5714285714285714,0.2448448368085773
1.0,crank_nicolson,0.8571428571428571,0.6428571428571428,0.20409265115317607
1.0,crank_nicolson,0.8571428571428571,0.7142857142857142,0.16327724406854044
1.0,crank_nicolson,0.8571428571428571,0.7857142857142857,0.1224611163014614
1.0,crank_nicolson,0.8571428571428571,0.8571428571428571,0.08165653209729518
1.0,crank_nicolson,0.8571428571428571,0.9285714285714285,0.04149211952810253
1.0,crank_nicolson,0.8571428571428571,1.0,0.06476885381006925
1.0,crank_nicolson,0.9285714285714285,0.0,0.06476885381006925
1.0,crank_nicolson,0.9285714285714285,0.07142857142857142,0.021713795487756822
1.0,crank_nicolson,0.9285714285714285,0.14285714285714285,0.04149211952810253
1.0,crank_nicolson,0.9285714285714285,0.21428571428571427,0.06188906640130721
1.0,crank_nicolson,0.9285714285714285,0.2857142857142857,0.08229704518840796
1.0,crank_nicolson,0.9285714285714285,0.3571428571428571,0.10270474765171081
1.0,crank_nicolson,0.9285714285714285,0.42857142857142855,0.12308084046785646
1.0,crank_nicolson,0.9285714285714285,0.5,0.14191080984165805
1.0,crank_nicolson,0.9285714285714285,0.5714285714285714,0.12308084046785653
1.0,crank_nicolson,0.9285714285714285,0.6428571428571428,0.10270474765171084
1.0,crank_nicolson,0.9285714285714285,0.7142857142857142,0.08229704518840796
1.0,crank_nicolson,0.9285714285714285,0.7857142857142857,0.06188906640130721
1.0,crank_nicolson,0.9285714285714285,0.8571428571428571,0.041492119528102535
1.0,crank_nicolson,0.9285714285714285,0.9285714285714285,0.021713795487756846
1.0,crank_nicolson,0.9285714285714285,1.0,0.06476885381006925
1.0,crank_nicolson,1.0,0.0,0.06476885381006925
1.0,crank_nicolson,1.0,0.07142857142857142,0.06476885381006925
1.0,crank_nicolson,1.0,0.14285714285714285,0.06476885381006925
1.0,crank_nicolson,1.0,0.21428571428571427,0.06476885381006925
1.0,crank_nicolson,1.0,0.2857142857142857,0.06476885381006925
1.0,crank_nicolson,1.0,0.3571428571428571,0.06476885381006925
1.0,crank_nicolson,1.0,0.42857142857142855,0.06476885381006925
1.0,crank_nicolson,1.0,0.5,0.06476885381006925
1.0,crank_nicolson,1.0,0.5714285714285714,0.06476885381006925
1.0,crank_nicolson,1.0,0.6428571428571428,0.06476885381006925
1.0,crank_nicolson,1.0,0.7142857142857142,0.06476885381006925
1.0,crank_nicolson,1.0,0.7857142857142857,0.06476885381006925
1.0,crank_nicolson,1.0,0.8571428571428571,0.06476885381006925
1.0,crank_nicolson,1.0,0.9285714285714285,0.06476885381006925
1.0,crank_nicolson,1.0,1.0,0.06476885381006925
2.0,crank_nicolson,0.0,0.0,0.15230298564080255
2.0,crank_nicolson,0.0,0.07142857142857142,0.15230298564080255
2.0,crank_nicolson,0.0,0.14285714285714285,0.15230298564080255
2.0,crank_nicolson,0.0,0.21428571428571427,0.15230298564080255
2.0,crank_nicolson,0.0,0.2857142857142857,0.15230298564080255
2.0,crank_nicolson,0.0,0.3571428571428571,0.15230298564080255
2.0,crank_nicolson,0.0,0.42857142857142855,0.15230298564080255
2.0,crank_nicolson,0.0,0.5,0.15230298564080255
2.0,crank_nicolson,0.0,0.5714285714285714,0.15230298564080255
2.0,crank_nicolson,0.0,0.6428571428571428,0.15230298564080255
2.0,crank_nicolson,0.0,0.7142857142857142,0.15230298564080255
2.0,crank_nicolson,0.0,0.7857142857142857,0.15230298564080255
2.0,crank_nicolson,0.0,0.8571428571428571,0.15230298564080255
2.0,crank_nicolson,0.0,0.9285714285714285,0.15230298564080255
2.0,crank_nicolson,0.0,1.0,0.15230298564080255
2.0,crank_nicolson,0.07142857142857142,0.0,0.15230298564080255
2.0,crank_nicolson,0.07142857142857142,0.07142857142857142,0.02370581745601176
2.0,crank_nicolson,0.07142857142857142,0.14285714285714285,0.04251786097192309
2.0,crank_nicolson,0.07142857142857142,0.21428571428571427,0.0629003097368554
2.0,crank_nicolson,0.07142857142857142,0.2857142857142857,0.08330803771534127
2.0,crank_nicolson,0.07142857142857142,0.3571428571428571,0.10371515495578634
2.0,crank_nicolson,0.07142857142857142,0.42857142857142855,0.1240675112851422
2.0,crank_nicolson,0.07142857142857142,0.5,0.14241275550919938
2.0,crank_nicolson,0.07142857142857142,0.5714285714285714,0.12406751128514226
2.0,crank_nicolson,0.07142857142857142,0.6428571428571428,0.10371515495578627
2.0,crank_nicolson,0.07142857142857142,0.7142857142857142,0.08330803771534127
2.0,crank_nicolson,0.07142857142857142,0.7857142857142857,0.0629003097368554
2.0,crank_nicolson,0.07142857142857142,0.8571428571428571,0.042517860971923095
2.0,crank_nicolson,0.07142857142857142,0.9285714285714285,0.02370581745601178
2.0,crank_nicolson,0.07142857142857142,1.0,0.15230298564080255
2.0,crank_nicolson,0.14285714285714285,0.0,0.15230298564080255
2.0,crank_nicolson,0.14285714285714285,0.07142857142857142,0.04251786097192308
2.0,crank_nicolson,0.14285714285714285,0.14285714285714285,0.0816874781988083
2.0,crank_nicolson,0.14285714285714285,0.21428571428571427,0.12247686128394097
2.0,crank_nicolson,0.14285714285714285,0.2857142857142857,0.16329271304362397
2.0,crank_nicolson,0.14285714285714285,0.3571428571428571,0.20410695334167836
2.0,crank_nicolson,0.14285714285714285,0.42857142857142855,0.2448116660738032
2.0,crank_nicolson,0.14285714285714285,0.5,0.28150215452088073
2.0,crank_nicolson,0.14285714285714285,0.5714285714285714,0.24481166607380317
2.0,crank_nicolson,0.14285714285714285,0.6428571428571428,0.20410695334167853
2.0,crank_nicolson,0.14285714285714285,0.7142857142857142,0.163292713043624
2.0,crank_nicolson,0.14285714285714285,0.7857142857142857,0.12247686128394102
2.0,crank_nicolson,0.14285714285714285,0.8571428571428571,0.08168747819880832
2.0,crank_nicolson,0.14285714285714285,0.9285714285714285,0.04251786097192313
2.0,crank_nicolson,0.14285714285714285,1.0,0.15230298564080255
2.0,crank_nicolson,0.21428571428571427,0.0,0.15230298564080255
2.0,crank_nicolson,0.21428571428571427,0.07142857142857142,0.0629003097368554
2.0,crank_nicolson,0.21428571428571427,0.14285714285714285,0.12247686128394095
2.0,crank_nicolson,0.21428571428571427,0.21428571428571427,0.18367437127042138
2.0,crank_nicolson,0.21428571428571427,0.2857142857142857,0.2448983699582534
2.0,crank_nicolson,0.21428571428571427,0.3571428571428571,0.3061197334998298
2.0,crank_nicolson,0.21428571428571427,0.42857142857142855,0.3671768024481566
2.0,crank_nicolson,0.21428571428571427,0.5,0.422212534949328
2.0,crank_nicolson,0.21428571428571427,0.5714285714285714,0.36717680244815654
2.0,crank_nicolson,0.21428571428571427,0.6428571428571428,0.3061197334998299
2.0,crank_nicolson,0.21428571428571427,0.7142857142857142,0.24489836995825348
2.0,crank_nicolson,0.21428571428571427,0.7857142857142857,0.18367437127042135
2.0,crank_nicolson,0.21428571428571427,0.8571428571428571,0.12247686128394099
2.0,crank_nicolson,0.21428571428571427,0.9285714285714285,0.06290030973685545
2.0,crank_nicolson,0.21428571428571427,1.0,0.15230298564080255
2.0,crank_nicolson,0.2857142857142857,0.0,0.15230298564080255
2.0,crank_nicolson,0.2857142857142857,0.07142857142857142,0.08330803771534115
2.0,crank_nicolson,0.2857142857142857,0.14285714285714285,0.1632927130436239
2.0,crank_nicolson,0.2857142857142857,0.21428571428571427,0.24489836995825354
2.0,crank_nicolson,0.2857142857142857,0.2857142857142857,0.3265305011647162
2.0,crank_nicolson,0.2857142857142857,0.3571428571428571,0.4081589727952565
2.0,crank_nicolson,0.2857142857142857,0.42857142857142855,0.489568382849292
2.0,crank_nicolson,0.2857142857142857,0.5,0.5629493459798737
2.0,crank_nicolson,0.2857142857142857,0.5714285714285714,0.4895683828492922
2.0,crank_nicolson,0.2857142857142857,0.6428571428571428,0.4081589727952566
2.0,crank_nicolson,0.2857142857142857,0.7142857142857142,0.32653050116471627
2.0,crank_nicolson,0.2857142857142857,0.7857142857142857,0.2448983699582536
2.0,crank_nicolson,0.2857142857142857,0.8571428571428571,0.1632927130436239
2.0,crank_nicolson,0.2857142857142857,0.9285714285714285,0.08330803771534127
2.0,crank_nicolson,0.2857142857142857,1.0,0.15230298564080255
2.0,crank_nicolson,0.3571428571428571,0.0,0.15230298564080255
2.0,crank_nicolson,0.3571428571428571,0.07142857142857142,0.10371515495578622
2.0,crank_nicolson,0.3571428571428571,0.14285714285714285,0.20410695334167847
2.0,crank_nicolson,0.3571428571428571,0.21428571428571427,0.3061197334998298
2.0,crank_nicolson,0.3571428571428571,0.2857142857142857,0.40815897279525665
2.0,crank_nicolson,0.3571428571428571,0.3571428571428571,0.5101935281438351
2.0,crank_nicolson,0.3571428571428571,0.42857142857142855,0.61195425830238
2.0,crank_nicolson,0.3571428571428571,0.5,0.7036795382528367
2.0,crank_nicolson,0.3571428571428571,0.5714285714285714,0.6119542583023804
2.0,crank_nicolson,0.3571428571428571,0.6428571428571428,0.5101935281438343
2.0,crank_nicolson,0.3571428571428571,0.7142857142857142,0.40815897279525687
2.0,crank_nicolson,0.3571428571428571,0.7857142857142857,0.3061197334998298
2.0,crank_nicolson,0.3571428571428571,0.8571428571428571,0.20410695334167864
2.0,crank_nicolson,0.3571428571428571,0.9285714285714285,0.10371515495578637
2.0,crank_nicolson,0.3571428571428571,1.0,0.15230298564080255
2.0,crank_nicolson,0.42857142857142855,0.0,0.15230298564080255
2.0,crank_nicolson,0.42857142857142855,0.07142857142857142,0.12406751128514214
2.0,crank_nicolson,0.42857142857142855,0.14285714285714285,0.2448116660738031
2.0,crank_nicolson,0.42857142857142855,0.21428571428571427,0.36717680244815704
2.0,crank_nicolson,0.42857142857142855,0.2857142857142857,0.4895683828492925
2.0,crank_nicolson,0.42857142857142855,0.3571428571428571,0.6119542583023801
2.0,crank_nicolson,0.42857142857142855,0.42857142857142855,0.7340117056822485
2.0,crank_nicolson,0.42857142857142855,0.5,0.8440321740024298
2.0,crank_nicolson,0.42857142857142855,0.5714285714285714,0.7340117056822493
2.0,crank_nicolson,0.42857142857142855,0.6428571428571428,0.6119542583023805
2.0,crank_nicolson,0.42857142857142855,0.7142857142857142,0.4895683828492928
2.0,crank_nicolson,0.42857142857142855,0.7857142857142857,0.36717680244815715
2.0,crank_nicolson,0.42857142857142855,0.8571428571428571,0.24481166607380325
2.0,crank_nicolson,0.42857142857142855,0.9285714285714285,0.12406751128514219
2.0,crank_nicolson,0.42857142857142855,1.0,0.15230298564080255
2.0,crank_nicolson,0.5,0.0,0.15230298564080255
2.0,crank_nicolson,0.5,0.07142857142857142,0.14241275550919935
2.0,crank_nicolson,0.5,0.14285714285714285,0.2815021545208808
2.0,crank_nicolson,0.5,0.21428571428571427,0.4222125349493288
2.0,crank_nicolson,0.5,0.2857142857142857,0.5629493459798732
2.0,crank_nicolson,0.5,0.3571428571428571,0.7036795382528367
2.0,crank_nicolson,0.5,0.42857142857142855,0.8440321740024308
2.0,crank_nicolson,0.5,0.5,0.9705426013723154
2.0,crank_nicolson,0.5,0.5714285714285714,0.8440321740024298
2.0,crank_nicolson,0.5,0.6428571428571428,0.7036795382528362
2.0,crank_nicolson,0.5,0.7142857142857142,0.5629493459798738
2.0,crank_nicolson,0.5,0.7857142857142857,0.4222125349493287
2.0,crank_nicolson,0.5,0.8571428571428571,0.2815021545208808
2.0,crank_nicolson,0.5,0.9285714285714285,0.1424127555091995
2.0,crank_nicolson,0.5,1.0,0.15230298564080255
2.0,crank_nicolson,0.5714285714285714,0.0,0.15230298564080255
2.0,crank_nicolson,0.5714285714285714,0.07142857142857142,0.12406751128514218
2.0,crank_nicolson,0.5714285714285714,0.14285714285714285,0.24481166607380336
2.0,crank_nicolson,0.5714285714285714,0.21428571428571427,0.3671768024481563
2.0,crank_nicolson,0.5714285714285714,0.2857142857142857,0.48956838284929205
2.0,crank_nicolson,0.5714285714285714,0.3571428571428571,0.6119542583023803
2.0,crank_nicolson,0.5714285714285714,0.42857142857142855,0.7340117056822492
2.0,crank_nicolson,0.5714285714285714,0.5,0.84403217400243
2.0,crank_nicolson,0.5714285714285714,0.5714285714285714,0.7340117056822492
2.0,crank_nicolson,0.5714285714285714,0.6428571428571428,0.61195425830238
2.0,crank_nicolson,0.5714285714285714,0.7142857142857142,0.4895683828492923
2.0,crank_nicolson,0.5714285714285714,0.7857142857142857,0.3671768024481568
2.0,crank_nicolson,0.5714285714285714,0.8571428571428571,0.24481166607380356
2.0,crank_nicolson,0.5714285714285714,0.9285714285714285,0.12406751128514233
2.0,crank_nicolson,0.5714285714285714,1.0,0.15230298564080255
2.0,crank_nicolson,0.6428571428571428,0.0,0.15230298564080255
2.0,crank_nicolson,0.6428571428571428,0.07142857142857142,0.10371515495578625
2.0,crank_nicolson,0.6428571428571428,0.14285714285714285,0.20410695334167853
2.0,crank_nicolson,0.6428571428571428,0.21428571428571427,0.3061197334998299
2.0,crank_nicolson,0.6428571428571428,0.2857142857142857,0.4081589727952566
2.0,crank_nicolson,0.6428571428571428,0.3571428571428571,0.5101935281438346
2.0,crank_nicolson,0.6428571428571428,0.42857142857142855,0.6119542583023807
2.0,crank_nicolson,0.6428571428571428,0.5,0.7036795382528364
2.0,crank_nicolson,0.6428571428571428,0.5714285714285714,0.6119542583023805
2.0,crank_nicolson,0.6428571428571428,0.6428571428571428,0.510193528143835
2.0,crank_nicolson,0.6428571428571428,0.7142857142857142,0.40815897279525687
2.0,crank_nicolson,0.6428571428571428,0.7857142857142857,0.3061197334998299
2.0,crank_nicolson,0.6428571428571428,0.8571428571428571,0.2041069533416789
2.0,crank_nicolson,0.6428571428571428,0.9285714285714285,0.10371515495578636
2.0,crank_nicolson,0.6428571428571428,1.0,0.15230298564080255
2.0,crank_nicolson,0.7142857142857142,0.0,0.15230298564080255
2.0,crank_nicolson,0.7142857142857142,0.07142857142857142,0.08330803771534127
2.0,crank_nicolson,0.7142857142857142,0.14285714285714285,0.163292713043624
2.0,crank_nicolson,0.7142857142857142,0.21428571428571427,0.24489836995825348
2.0,crank_nicolson,0.7142857142857142,0.2857142857142857,0.3265305011647162
2.0,crank_nicolson,0.7142857142857142,0.3571428571428571,0.4081589727952565
2.0,crank_nicolson,0.7142857142857142,0.42857142857142855,0.48956838284929244
2.0,crank_nicolson,0.7142857142857142,0.5,0.562949345979874
2.0,crank_nicolson,0.7142857142857142,0.5714285714285714,0.48956838284929266
2.0,crank_nicolson,0.7142857142857142,0.6428571428571428,0.408158972795257
2.0,crank_nicolson,0.7142857142857142,0.7142857142857142,0.32653050116471644
2.0,crank_nicolson,0.7142857142857142,0.7857142857142857,0.24489836995825356
2.0,crank_nicolson,0.7142857142857142,0.8571428571428571,0.1632927130436241
2.0,crank_nicolson,0.7142857142857142,0.9285714285714285,0.08330803771534133
2.0,crank_nicolson,0.7142857142857142,1.0,0.15230298564080255
2.0,crank_nicolson,0.7857142857142857,0.0,0.15230298564080255
2.0,crank_nicolson,0.7857142857142857,0.07142857142857142,0.0629003097368554
2.0,crank_nicolson,0.7857142857142857,0.14285714285714285,0.12247686128394102
2.0,crank_nicolson,0.7857142857142857,0.21428571428571427,0.18367437127042135
2.0,crank_nicolson,0.7857142857142857,0.2857142857142857,0.2448983699582536
2.0,crank_nicolson,0.7857142857142857,0.3571428571428571,0.3061197334998298
2.0,crank_nicolson,0.7857142857142857,0.42857142857142855,0.36717680244815687
2.0,crank_nicolson,0.7857142857142857,0.5,0.4222125349493288
2.0,crank_nicolson,0.7857142857142857,0.5714285714285714,0.3671768024481569
2.0,crank_nicolson,0.7857142857142857,0.6428571428571428,0.30611973349982985
2.0,crank_nicolson,0.7857142857142857,0.7142857142857142,0.2448983699582537
2.0,crank_nicolson,0.7857142857142857,0.7857142857142857,0.18367437127042138
2.0,crank_nicolson,0.7857142857142857,0.8571428571428571,0.12247686128394106
2.0,crank_nicolson,0.7857142857142857,0.9285714285714285,0.06290030973685547
2.0,crank_nicolson,0.7857142857142857,1.0,0.15230298564080255
2.0,crank_nicolson,0.8571428571428571,0.0,0.15230298564080255
2.0,crank_nicolson,0.8571428571428571,0.07142857142857142,0.042517860971923095
2.0,crank_nicolson,0.8571428571428571,0.14285714285714285,0.08168747819880832
2.0,crank_nicolson,0.8571428571428571,0.21428571428571427,0.12247686128394099
2.0,crank_nicolson,0.8571428571428571,0.2857142857142857,0.16329271304362392
2.0,crank_nicolson,0.8571428571428571,0.3571428571428571,0.20410695334167864
2.0,crank_nicolson,0.8571428571428571,0.42857142857142855,0.24481166607380322
2.0,crank_nicolson,0.8571428571428571,0.5,0.2815021545208808
2.0,crank_nicolson,0.8571428571428571,0.5714285714285714,0.2448116660738036
2.0,crank_nicolson,0.8571428571428571,0.6428571428571428,0.2041069533416789
2.0,crank_nicolson,0.8571428571428571,0.7142857142857142,0.16329271304362403
2.0,crank_nicolson,0.8571428571428571,0.7857142857142857,0.12247686128394102
2.0,crank_nicolson,0.8571428571428571,0.8571428571428571,0.08168747819880837
2.0,crank_nicolson,0.8571428571428571,0.9285714285714285,0.04251786097192313
2.0,crank_nicolson,0.8571428571428571,1.0,0.15230298564080255
2.0,crank_nicolson,0.9285714285714285,0.0,0.15230298564080255
2.0,crank_nicolson,0.9285714285714285,0.07142857142857142,0.02370581745601178
2.0,crank_nicolson,0.9285714285714285,0.14285714285714285,0.04251786097192313
2.0,crank_nicolson,0.9285714285714285,0.21428571428571427,0.06290030973685545
2.0,crank_nicolson,0.9285714285714285,0.2857142857142857,0.08330803771534127
2.0,crank_nicolson,0.9285714285714285,0.3571428571428571,0.10371515495578636
2.0,crank_nicolson,0.9285714285714285,0.42857142857142855,0.12406751128514217
2.0,crank_nicolson,0.9285714285714285,0.5,0.1424127555091995
2.0,crank_nicolson,0.9285714285714285,0.5714285714285714,0.12406751128514232
2.0,crank_nicolson,0.9285714285714285,0.6428571428571428,0.10371515495578643
2.0,crank_nicolson,0.9285714285714285,0.7142857142857142,0.08330803771534129
2.0,crank_nicolson,0.9285714285714285,0.7857142857142857,0.06290030973685545
2.0,crank_nicolson,0.9285714285714285,0.8571428571428571,0.04251786097192313
2.0,crank_nicolson,0.9285714285714285,0.9285714285714285,0.02370581745601181
2.0,crank_nicolson,0.9285714285714285,1.0,0.15230298564080255
2.0,crank_nicolson,1.0,0.0,0.15230298564080255
2.0,crank_nicolson,1.0,0.07142857142857142,0.15230298564080255
2.0,crank_nicolson,1.0,0.14285714285714285,0.15230298564080255
2.0,crank_nicolson,1.0,0.21428571428571427,0.15230298564080255
2.0,crank_nicolson,1.0,0.2857142857142857,0.15230298564080255
2.0,crank_nicolson,1.0,0.3571428571428571,0.15230298564080255
2.0,crank_nicolson,1.0,0.42857142857142855,0.15230298564080255
2.0,crank_nicolson,1.0,0.5,0.15230298564080255
2.0,crank_nicolson,1.0,0.5714285714285714,0.15230298564080255
2.0,crank_nicolson,1.0,0.6428571428571428,0.15230298564080255
2.0,crank_nicolson,1.0,0.7142857142857142,0.15230298564080255
2.0,crank_nicolson,1.0,0.7857142857142857,0.15230298564080255
2.0,crank_nicolson,1.0,0.8571428571428571,0.15230298564080255
2.0,crank_nicolson,1.0,0.9285714285714285,0.15230298564080255
2.0,crank_nicolson,1.0,1.0,0.15230298564080255
3.0,crank_nicolson,0.0,0.0,-0.023413695694918055
3.0,crank_nicolson,0.0,0.07142857142857142,-0.023413695694918055
3.0,crank_nicolson,0.0,0.14285714285714285,-0.023413695694918055
3.0,crank_nicolson,0.0,0.21428571428571427,-0.023413695694918055
3.0,crank_nicolson,0.0,0.2857142857142857,-0.023413695694918055
3.0,crank_nicolson,0.0,0.3571428571428571,-0.023413695694918055
3.0,crank_nicolson,0.0,0.42857142857142855,-0.023413695694918055
3.0,crank_nicolson,0.0,0.5,-0.023413695694918055
3.0,crank_nicolson,0.0,0.5714285714285714,-0.023413695694918055
3.0,crank_nicolson,0.0,0.6428571428571428,-0.023413695694918055
3.0,crank_nicolson,0.0,0.7142857142857142,-0.023413695694918055
3.0,crank_nicolson,0.0,0.7857142857142857,-0.023413695694918055
3.0,crank_nicolson,0.0,0.8571428571428571,-0.023413695694918055
3.0,crank_nicolson,0.0,0.9285714285714285,-0.023413695694918055
3.0,crank_nicolson,0.0,1.0,-0.023413695694918055
3.0,crank_nicolson,0.07142857142857142,0.0,-0.023413695694918055
3.0,crank_nicolson,0.07142857142857142,0.07142857142857142,0.02283471210723768
3.0,crank_nicolson,0.07142857142857142,0.14285714285714285,0.042152148076465626
3.0,crank_nicolson,0.07142857142857142,0.21428571428571427,0.06250138288087252
3.0,crank_nicolson,0.07142857142857142,0.2857142857142857,0.08290794298755226
3.0,crank_nicolson,0.07142857142857142,0.3571428571428571,0.10331277462054465
3.0,crank_nicolson,0.07142857142857142,0.42857142857142855,0.12360069983768464
3.0,crank_nicolson,0.07142857142857142,0.5,0.14103311109832675
3.0,crank_nicolson,0.07142857142857142,0.5714285714285714,0.12360069983768467
3.0,crank_nicolson,0.07142857142857142,0.6428571428571428,0.10331277462054457
3.0,crank_nicolson,0.07142857142857142,0.7142857142857142,0.08290794298755226
3.0,crank_nicolson,0.07142857142857142,0.7857142857142857,0.06250138288087252
3.0,crank_nicolson,0.07142857142857142,0.8571428571428571,0.04215214807646563
3.0,crank_nicolson,0.07142857142857142,0.9285714285714285,0.022834712107237705
3.0,crank_nicolson,0.07142857142857142,1.0,-0.023413695694918055
3.0,crank_nicolson,0.14285714285714285,0.0,-0.023413695694918055
3.0,crank_nicolson,0.14285714285714285,0.07142857142857142,0.04215214807646562
3.0,crank_nicolson,0.14285714285714285,0.14285714285714285,0.08176295446749206
3.0,crank_nicolson,0.14285714285714285,0.21428571428571427,0.12251590236611365
3.0,crank_nicolson,0.14285714285714285,0.2857142857142857,0.1633304394558985
3.0,crank_nicolson,0.14285714285714285,0.3571428571428571,0.20414013049813123
3.0,crank_nicolson,0.14285714285714285,0.42857142857142855,0.2447159813808562
3.0,crank_nicolson,0.14285714285714285,0.5,0.2795808038936211
3.0,crank_nicolson,0.14285714285714285,0.5714285714285714,0.24471598138085618
3.0,crank_nicolson,0.14285714285714285,0.6428571428571428,0.20414013049813137
3.0,crank_nicolson,0.14285714285714285,0.7142857142857142,0.16333043945589854
3.0,crank_nicolson,0.14285714285714285,0.7857142857142857,0.12251590236611368
3.0,crank_nicolson,0.14285714285714285,0.8571428571428571,0.08176295446749209
3.0,crank_nicolson,0.14285714285714285,0.9285714285714285,0.04215214807646567
3.0,crank_nicolson,0.14285714285714285,1.0,-0.023413695694918055
3.0,crank_nicolson,0.21428571428571427,0.0,-0.023413695694918055
3.0,crank_nicolson,0.21428571428571427,0.07142857142857142,0.06250138288087252
3.0,crank_nicolson,0.21428571428571427,0.14285714285714285,0.12251590236611358
3.0,crank_nicolson,0.21428571428571427,0.21428571428571427,0.18367683777783533
3.0,crank_nicolson,0.21428571428571427,0.2857142857142857,0.24489946218173855
3.0,crank_nicolson,0.21428571428571427,0.3571428571428571,0.30611401376295083
3.0,crank_nicolson,0.21428571428571427,0.42857142857142855,0.3669777891536048
3.0,crank_nicolson,0.21428571428571427,0.5,0.419275021903741
3.0,crank_nicolson,0.21428571428571427,0.5714285714285714,0.36697778915360485
3.0,crank_nicolson,0.21428571428571427,0.6428571428571428,0.30611401376295094
3.0,crank_nicolson,0.21428571428571427,0.7142857142857142,0.24489946218173864
3.0,crank_nicolson,0.21428571428571427,0.7857142857142857,0.18367683777783533
3.0,crank_nicolson,0.21428571428571427,0.8571428571428571,0.12251590236611362
3.0,crank_nicolson,0.21428571428571427,0.9285714285714285,0.06250138288087259
3.0,crank_nicolson,0.21428571428571427,1.0,-0.023413695694918055
3.0,crank_nicolson,0.2857142857142857,0.0,-0.023413695694918055
3.0,crank_nicolson,0.2857142857142857,0.07142857142857142,0.08290794298755211
3.0,crank_nicolson,0.2857142857142857,0.14285714285714285,0.1633304394558984
3.0,crank_nicolson,0.2857142857142857,0.21428571428571427,0.24489946218173872
3.0,crank_nicolson,0.2857142857142857,0.2857142857142857,0.32653010994011916
3.0,crank_nicolson,0.2857142857142857,0.3571428571428571,0.4081494535249255
3.0,crank_nicolson,0.2857142857142857,0.42857142857142855,0.4893010852448823
3.0,crank_nicolson,0.2857142857142857,0.5,0.5590306701649168
3.0,crank_nicolson,0.2857142857142857,0.5714285714285714,0.4893010852448824
3.0,crank_nicolson,0.2857142857142857,0.6428571428571428,0.4081494535249256
3.0,crank_nicolson,0.2857142857142857,0.7142857142857142,0.32653010994011916
3.0,crank_nicolson,0.2857142857142857,0.7857142857142857,0.24489946218173878
3.0,crank_nicolson,0.2857142857142857,0.8571428571428571,0.1633304394558984
3.0,crank_nicolson,0.2857142857142857,0.9285714285714285,0.0829079429875522
3.0,crank_nicolson,0.2857142857142857,1.0,-0.023413695694918055
3.0,crank_nicolson,0.3571428571428571,0.0,-0.023413695694918055
3.0,crank_nicolson,0.3571428571428571,0.07142857142857142,0.1033127746205445
3.0,crank_nicolson,0.3571428571428571,0.14285714285714285,0.20414013049813132
3.0,crank_nicolson,0.3571428571428571,0.21428571428571427,0.30611401376295067
3.0,crank_nicolson,0.3571428571428571,0.2857142857142857,0.4081494535249256
3.0,crank_nicolson,0.3571428571428571,0.3571428571428571,0.5101703582379499
3.0,crank_nicolson,0.3571428571428571,0.42857142857142855,0.6116066356143218
3.0,crank_nicolson,0.3571428571428571,0.5,0.6987658249151857
3.0,crank_nicolson,0.3571428571428571,0.5714285714285714,0.6116066356143222
3.0,crank_nicolson,0.3571428571428571,0.6428571428571428,0.5101703582379487
3.0,crank_nicolson,0.3571428571428571,0.7142857142857142,0.4081494535249259
3.0,crank_nicolson,0.3571428571428571,0.7857142857142857,0.3061140137629507
3.0,crank_nicolson,0.3571428571428571,0.8571428571428571,0.20414013049813154
3.0,crank_nicolson,0.3571428571428571,0.9285714285714285,0.10331277462054465
3.0,crank_nicolson,0.3571428571428571,1.0,-0.023413695694918055
3.0,crank_nicolson,0.42857142857142855,0.0,-0.023413695694918055
3.0,crank_nicolson,0.42857142857142855,0.07142857142857142,0.12360069983768456
3.0,crank_nicolson,0.42857142857142855,0.14285714285714285,0.24471598138085612
3.0,crank_nicolson,0.42857142857142855,0.21428571428571427,0.36697778915360546
3.0,crank_nicolson,0.42857142857142855,0.2857142857142857,0.4893010852448828
3.0,crank_nicolson,0.42857142857142855,0.3571428571428571,0.6116066356143218
3.0,crank_nicolson,0.42857142857142855,0.42857142857142855,0.7332113370412336
3.0,crank_nicolson,0.42857142857142855,0.5,0.8377003453472284
3.0,crank_nicolson,0.42857142857142855,0.5714285714285714,0.7332113370412348
3.0,crank_nicolson,0.42857142857142855,0.6428571428571428,0.6116066356143226
3.0,crank_nicolson,0.42857142857142855,0.7142857142857142,0.48930108524488314
3.0,crank_nicolson,0.42857142857142855,0.7857142857142857,0.36697778915360557
3.0,crank_nicolson,0.42857142857142855,0.8571428571428571,0.24471598138085623
3.0,crank_nicolson,0.42857142857142855,0.9285714285714285,0.12360069983768458
3.0,crank_nicolson,0.42857142857142855,1.0,-0.023413695694918055
3.0,crank_nicolson,0.5,0.0,-0.023413695694918055
3.0,crank_nicolson,0.5,0.07142857142857142,0.14103311109832675
3.0,crank_nicolson,0.5,0.14285714285714285,0.27958080389362117
3.0,crank_nicolson,0.5,0.21428571428571427,0.4192750219037417
3.0,crank_nicolson,0.5,0.2857142857142857,0.5590306701649164
3.0,crank_nicolson,0.5,0.3571428571428571,0.6987658249151857
3.0,crank_nicolson,0.5,0.42857142857142855,0.8377003453472297
3.0,crank_nicolson,0.5,0.5,0.957078784267609
3.0,crank_nicolson,0.5,0.5714285714285714,0.8377003453472285
3.0,crank_nicolson,0.5,0.6428571428571428,0.698765824915185
3.0,crank_nicolson,0.5,0.7142857142857142,0.5590306701649171
3.0,crank_nicolson,0.5,0.7857142857142857,0.41927502190374166
3.0,crank_nicolson,0.5,0.8571428571428571,0.27958080389362117
3.0,crank_nicolson,0.5,0.9285714285714285,0.14103311109832686
3.0,crank_nicolson,0.5,1.0,-0.023413695694918055
3.0,crank_nicolson,0.5714285714285714,0.0,-0.023413695694918055
3.0,crank_nicolson,0.5714285714285714,0.07142857142857142,0.12360069983768461
3.0,crank_nicolson,0.5714285714285714,0.14285714285714285,0.2447159813808564
3.0,crank_nicolson,0.5714285714285714,0.21428571428571427,0.3669777891536045
3.0,crank_nicolson,0.5714285714285714,0.2857142857142857,0.4893010852448821
3.0,crank_nicolson,0.5714285714285714,0.3571428571428571,0.6116066356143218
3.0,crank_nicolson,0.5714285714285714,0.42857142857142855,0.7332113370412346
3.0,crank_nicolson,0.5714285714285714,0.5,0.8377003453472285
3.0,crank_nicolson,0.5714285714285714,0.5714285714285714,0.7332113370412348
3.0,crank_nicolson,0.5714285714285714,0.6428571428571428,0.6116066356143217
3.0,crank_nicolson,0.5714285714285714,0.7142857142857142,0.4893010852448824
3.0,crank_nicolson,0.5714285714285714,0.7857142857142857,0.3669777891536052
3.0,crank_nicolson,0.5714285714285714,0.8571428571428571,0.24471598138085665
3.0,crank_nicolson,0.5714285714285714,0.9285714285714285,0.12360069983768474
3.0,crank_nicolson,0.5714285714285714,1.0,-0.023413695694918055
3.0,crank_nicolson,0.6428571428571428,0.0,-0.023413695694918055
3.0,crank_nicolson,0.6428571428571428,0.07142857142857142,0.10331277462054451
3.0,crank_nicolson,0.6428571428571428,0.14285714285714285,0.2041401304981314
3.0,crank_nicolson,0.6428571428571428,0.21428571428571427,0.30611401376295094
3.0,crank_nicolson,0.6428571428571428,0.2857142857142857,0.4081494535249256
3.0,crank_nicolson,0.6428571428571428,0.3571428571428571,0.5101703582379487
3.0,crank_nicolson,0.6428571428571428,0.42857142857142855,0.6116066356143224
3.0,crank_nicolson,0.6428571428571428,0.5,0.6987658249151851
3.0,crank_nicolson,0.6428571428571428,0.5714285714285714,0.6116066356143224
3.0,crank_nicolson,0.6428571428571428,0.6428571428571428,0.5101703582379495
3.0,crank_nicolson,0.6428571428571428,0.7142857142857142,0.4081494535249258
3.0,crank_nicolson,0.6428571428571428,0.7857142857142857,0.30611401376295105
3.0,crank_nicolson,0.6428571428571428,0.8571428571428571,0.20414013049813184
3.0,crank_nicolson,0.6428571428571428,0.9285714285714285,0.10331277462054464
3.0,crank_nicolson,0.6428571428571428,1.0,-0.023413695694918055
3.0,crank_nicolson,0.7142857142857142,0.0,-0.023413695694918055
3.0,crank_nicolson,0.7142857142857142,0.07142857142857142,0.08290794298755226
3.0,crank_nicolson,0.7142857142857142,0.14285714285714285,0.16333043945589856
3.0,crank_nicolson,0.7142857142857142,0.21428571428571427,0.2448994621817386
3.0,crank_nicolson,0.7142857142857142,0.2857142857142857,0.3265301099401191
3.0,crank_nicolson,0.7142857142857142,0.3571428571428571,0.4081494535249254
3.0,crank_nicolson,0.7142857142857142,0.42857142857142855,0.4893010852448827
3.0,crank_nicolson,0.7142857142857142,0.5,0.5590306701649175
3.0,crank_nicolson,0.7142857142857142,0.5714285714285714,0.48930108524488286
3.0,crank_nicolson,0.7142857142857142,0.6428571428571428,0.4081494535249259
3.0,crank_nicolson,0.7142857142857142,0.7142857142857142,0.32653010994011933
3.0,crank_nicolson,0.7142857142857142,0.7857142857142857,0.2448994621817387
3.0,crank_nicolson,0.7142857142857142,0.8571428571428571,0.16333043945589867
3.0,crank_nicolson,0.7142857142857142,0.9285714285714285,0.08290794298755233
3.0,crank_nicolson,0.7142857142857142,1.0,-0.023413695694918055
3.0,crank_nicolson,0.7857142857142857,0.0,-0.023413695694918055
3.0,crank_nicolson,0.7857142857142857,0.07142857142857142,0.06250138288087252
3.0,crank_nicolson,0.7857142857142857,0.14285714285714285,0.12251590236611368
3.0,crank_nicolson,0.7857142857142857,0.21428571428571427,0.18367683777783533
3.0,crank_nicolson,0.7857142857142857,0.2857142857142857,0.24489946218173875
3.0,crank_nicolson,0.7857142857142857,0.3571428571428571,0.30611401376295067
3.0,crank_nicolson,0.7857142857142857,0.42857142857142855,0.3669777891536052
3.0,crank_nicolson,0.7857142857142857,0.5,0.41927502190374183
3.0,crank_nicolson,0.7857142857142857,0.5714285714285714,0.36697778915360524
3.0,crank_nicolson,0.7857142857142857,0.6428571428571428,0.3061140137629509
3.0,crank_nicolson,0.7857142857142857,0.7142857142857142,0.24489946218173883
3.0,crank_nicolson,0.7857142857142857,0.7857142857142857,0.1836768377778354
3.0,crank_nicolson,0.7857142857142857,0.8571428571428571,0.12251590236611372
3.0,crank_nicolson,0.7857142857142857,0.9285714285714285,0.06250138288087258
3.0,crank_nicolson,0.7857142857142857,1.0,-0.023413695694918055
3.0,crank_nicolson,0.8571428571428571,0.0,-0.023413695694918055
3.0,crank_nicolson,0.8571428571428571,0.07142857142857142,0.04215214807646563
3.0,crank_nicolson,0.8571428571428571,0.14285714285714285,0.08176295446749209
3.0,crank_nicolson,0.8571428571428571,0.21428571428571427,0.12251590236611362
3.0,crank_nicolson,0.8571428571428571,0.2857142857142857,0.16333043945589842
3.0,crank_nicolson,0.8571428571428571,0.3571428571428571,0.20414013049813154
3.0,crank_nicolson,0.8571428571428571,0.42857142857142855,0.24471598138085618
3.0,crank_nicolson,0.8571428571428571,0.5,0.27958080389362117
3.0,crank_nicolson,0.8571428571428571,0.5714285714285714,0.24471598138085673
3.0,crank_nicolson,0.8571428571428571,0.6428571428571428,0.20414013049813182
3.0,crank_nicolson,0.8571428571428571,0.7142857142857142,0.1633304394558985
3.0,crank_nicolson,0.8571428571428571,0.7857142857142857,0.12251590236611365
3.0,crank_nicolson,0.8571428571428571,0.8571428571428571,0.08176295446749214
3.0,crank_nicolson,0.8571428571428571,0.9285714285714285,0.04215214807646567
3.0,crank_nicolson,0.8571428571428571,1.0,-0.023413695694918055
3.0,crank_nicolson,0.9285714285714285,0.0,-0.023413695694918055
3.0,crank_nicolson,0.9285714285714285,0.07142857142857142,0.022834712107237705
3.0,crank_nicolson,0.9285714285714285,0.14285714285714285,0.04215214807646567
3.0,crank_nicolson,0.9285714285714285,0.21428571428571427,0.06250138288087259
3.0,crank_nicolson,0.9285714285714285,0.2857142857142857,0.0829079429875522
3.0,crank_nicolson,0.9285714285714285,0.3571428571428571,0.10331277462054461
3.0,crank_nicolson,0.9285714285714285,0.42857142857142855,0.12360069983768453
3.0,crank_nicolson,0.9285714285714285,0.5,0.14103311109832686
3.0,crank_nicolson,0.9285714285714285,0.5714285714285714,0.12360069983768472
3.0,crank_nicolson,0.9285714285714285,0.6428571428571428,0.10331277462054472
3.0,crank_nicolson,0.9285714285714285,0.7142857142857142,0.08290794298755225
3.0,crank_nicolson,0.9285714285714285,0.7857142857142857,0.06250138288087258
3.0,crank_nicolson,0.9285714285714285,0.8571428571428571,0.04215214807646567
3.0,crank_nicolson,0.9285714285714285,0.9285714285714285,0.022834712107237733
3.0,crank_nicolson,0.9285714285714285,1.0,-0.023413695694918055
3.0,crank_nicolson,1.0,0.0,-0.023413695694918055
3.0,crank_nicolson,1.0,0.07142857142857142,-0.023413695694918055
3.0,crank_nicolson,1.0,0.14285714285714285,-0.023413695694918055
3.0,crank_nicolson,1.0,0.21428571428571427,-0.023413695694918055
3.0,crank_nicolson,1.0,0.2857142857142857,-0.023413695694918055
3.0,crank_nicolson,1.0,0.3571428571428571,-0.023413695694918055
3.0,crank_nicolson,1.0,0.42857142857142855,-0.023413695694918055
3.0,crank_nicolson,1.0,0.5,-0.023413695694918055
3.0,crank_nicolson,1.0,0.5714285714285714,-0.023413695694918055
3.0,crank_nicolson,1.0,0.6428571428571428,-0.023413695694918055
3.0,crank_nicolson,1.0,0.7142857142857142,-0.023413695694918055
3.0,crank_nicolson,1.0,0.7857142857142857,-0.023413695694918055
3.0,crank_nicolson,1.0,0.8571428571428571,-0.023413695694918055
3.0,crank_nicolson,1.0,0.9285714285714285,-0.023413695694918055
3.0,crank_nicolson,1.0,1.0,-0.023413695694918055
4.0,crank_nicolson,0.0,0.0,0.07674347291529088
4.0,crank_nicolson,0.0,0.07142857142857142,0.07674347291529088
4.0,crank_nicolson,0.0,0.14285714285714285,0.07674347291529088
4.0,crank_nicolson,0.0,0.21428571428571427,0.07674347291529088
4.0,crank_nicolson,0.0,0.2857142857142857,0.07674347291529088
4.0,crank_nicolson,0.0,0.3571428571428571,0.07674347291529088
4.0,crank_nicolson,0.0,0.42857142857142855,0.07674347291529088
4.0,crank_nicolson,0.0,0.5,0.07674347291529088
4.0,crank_nicolson,0.0,0.5714285714285714,0.07674347291529088
4.0,crank_nicolson,0.0,0.6428571428571428,0.07674347291529088
4.0,crank_nicolson,0.0,0.7142857142857142,0.07674347291529088
4.0,crank_nicolson,0.0,0.7857142857142857,0.07674347291529088
4.0,crank_nicolson,0.0,0.8571428571428571,0.07674347291529088
4.0,crank_nicolson,0.0,0.9285714285714285,0.07674347291529088
4.0,crank_nicolson,0.0,1.0,0.07674347291529088
4.0,crank_nicolson,0.07142857142857142,0.0,0.07674347291529088
4.0,crank_nicolson,0.07142857142857142,0.07142857142857142,0.02571549508876872
4.0,crank_nicolson,0.07142857142857142,0.14285714285714285,0.043690853910982756
4.0,crank_nicolson,0.07142857142857142,0.21428571428571427,0.06399401552624352
4.0,crank_nicolson,0.07142857142857142,0.2857142857142857,0.08439844588515293
4.0,crank_nicolson,0.07142857142857142,0.3571428571428571,0.10479908039066733
4.0,crank_nicolson,0.07142857142857142,0.42857142857142855,0.12500254481353731
4.0,crank_nicolson,0.07142857142857142,0.5,0.14159216781818723
4.0,crank_nicolson,0.07142857142857142,0.5714285714285714,0.12500254481353734
4.0,crank_nicolson,0.07142857142857142,0.6428571428571428,0.10479908039066724
4.0,crank_nicolson,0.07142857142857142,0.7142857142857142,0.08439844588515293
4.0,crank_nicolson,0.07142857142857142,0.7857142857142857,0.06399401552624351
4.0,crank_nicolson,0.07142857142857142,0.8571428571428571,0.04369085391098276
4.0,crank_nicolson,0.07142857142857142,0.9285714285714285,0.025715495088768747
4.0,crank_nicolson,0.07142857142857142,1.0,0.07674347291529088
4.0,crank_nicolson,0.14285714285714285,0.0,0.07674347291529088
4.0,crank_nicolson,0.14285714285714285,0.07142857142857142,0.04369085391098274
4.0,crank_nicolson,0.14285714285714285,0.14285714285714285,0.08187141613920255
4.0,crank_nicolson,0.14285714285714285,0.21428571428571427,0.1225726197154952
4.0,crank_nicolson,0.14285714285714285,0.2857142857142857,0.1633846531191236
4.0,crank_nicolson,0.14285714285714285,0.3571428571428571,0.20418600547523516
4.0,crank_nicolson,0.14285714285714285,0.42857142857142855,0.2445929360388604
4.0,crank_nicolson,0.14285714285714285,0.5,0.27777218201011117
4.0,crank_nicolson,0.14285714285714285,0.5714285714285714,0.24459293603886023
4.0,crank_nicolson,0.14285714285714285,0.6428571428571428,0.20418600547523527
4.0,crank_nicolson,0.14285714285714285,0.7142857142857142,0.16338465311912365
4.0,crank_nicolson,0.14285714285714285,0.7857142857142857,0.12257261971549523
4.0,crank_nicolson,0.14285714285714285,0.8571428571428571,0.08187141613920257
4.0,crank_nicolson,0.14285714285714285,0.9285714285714285,0.04369085391098279
4.0,crank_nicolson,0.14285714285714285,1.0,0.07674347291529088
4.0,crank_nicolson,0.21428571428571427,0.0,0.07674347291529088
4.0,crank_nicolson,0.21428571428571427,0.07142857142857142,0.06399401552624352
4.0,crank_nicolson,0.21428571428571427,0.14285714285714285,0.12257261971549514
4.0,crank_nicolson,0.21428571428571427,0.21428571428571427,0.18368145134670186
4.0,crank_nicolson,0.21428571428571427,0.2857142857142857,0.2449014182378239
4.0,crank_nicolson,0.21428571428571427,0.3571428571428571,0.30610349290677685
4.0,crank_nicolson,0.21428571428571427,0.42857142857142855,0.3667138852792263
4.0,crank_nicolson,0.21428571428571427,0.5,0.4164827505358679
4.0,crank_nicolson,0.21428571428571427,0.5714285714285714,0.36671388527922627
4.0,crank_nicolson,0.21428571428571427,0.6428571428571428,0.30610349290677696
4.0,crank_nicolson,0.21428571428571427,0.7142857142857142,0.24490141823782396
4.0,crank_nicolson,0.21428571428571427,0.7857142857142857,0.18368145134670183
4.0,crank_nicolson,0.21428571428571427,0.8571428571428571,0.12257261971549518
4.0,crank_nicolson,0.21428571428571427,0.9285714285714285,0.06399401552624359
4.0,crank_nicolson,0.21428571428571427,1.0,0.07674347291529088
4.0,crank_nicolson,0.2857142857142857,0.0,0.07674347291529088
4.0,crank_nicolson,0.2857142857142857,0.07142857142857142,0.08439844588515277
4.0,crank_nicolson,0.2857142857142857,0.14285714285714285,0.1633846531191235
4.0,crank_nicolson,0.2857142857142857,0.21428571428571427,0.2449014182378242
4.0,crank_nicolson,0.2857142857142857,0.2857142857142857,0.3265291352764939
4.0,crank_nicolson,0.2857142857142857,0.3571428571428571,0.40813173132469444
4.0,crank_nicolson,0.2857142857142857,0.42857142857142855,0.4889453861956047
4.0,crank_nicolson,0.2857142857142857,0.5,0.5553037080301471
4.0,crank_nicolson,0.2857142857142857,0.5714285714285714,0.4889453861956048
4.0,crank_nicolson,0.2857142857142857,0.6428571428571428,0.40813173132469455
4.0,crank_nicolson,0.2857142857142857,0.7142857142857142,0.32652913527649396
4.0,crank_nicolson,0.2857142857142857,0.7857142857142857,0.24490141823782421
4.0,crank_nicolson,0.2857142857142857,0.8571428571428571,0.16338465311912354
4.0,crank_nicolson,0.2857142857142857,0.9285714285714285,0.08439844588515286
4.0,crank_nicolson,0.2857142857142857,1.0,0.07674347291529088
4.0,crank_nicolson,0.3571428571428571,0.0,0.07674347291529088
4.0,crank_nicolson,0.3571428571428571,0.07142857142857142,0.10479908039066718
4.0,crank_nicolson,0.3571428571428571,0.14285714285714285,0.2041860054752353
4.0,crank_nicolson,0.3571428571428571,0.21428571428571427,0.3061034929067767
4.0,crank_nicolson,0.3571428571428571,0.2857142857142857,0.4081317313246947
4.0,crank_nicolson,0.3571428571428571,0.3571428571428571,0.5101276221469213
4.0,crank_nicolson,0.3571428571428571,0.42857142857142855,0.6111373860025916
4.0,crank_nicolson,0.3571428571428571,0.5,0.694079304930534
4.0,crank_nicolson,0.3571428571428571,0.5714285714285714,0.6111373860025917
4.0,crank_nicolson,0.3571428571428571,0.6428571428571428,0.51012762214692
4.0,crank_nicolson,0.3571428571428571,0.7142857142857142,0.408131731324695
4.0,crank_nicolson,0.3571428571428571,0.7857142857142857,0.30610349290677685
4.0,crank_nicolson,0.3571428571428571,0.8571428571428571,0.20418600547523558
4.0,crank_nicolson,0.3571428571428571,0.9285714285714285,0.10479908039066738
4.0,crank_nicolson,0.3571428571428571,1.0,0.07674347291529088
4.0,crank_nicolson,0.42857142857142855,0.0,0.07674347291529088
4.0,crank_nicolson,0.42857142857142855,0.07142857142857142,0.12500254481353723
4.0,crank_nicolson,0.42857142857142855,0.14285714285714285,0.24459293603886023
4.0,crank_nicolson,0.42857142857142855,0.21428571428571427,0.36671388527922705
4.0,crank_nicolson,0.42857142857142855,0.2857142857142857,0.48894538619560535
4.0,crank_nicolson,0.42857142857142855,0.3571428571428571,0.6111373860025918
4.0,crank_nicolson,0.42857142857142855,0.42857142857142855,0.7321480119792553
4.0,crank_nicolson,0.42857142857142855,0.5,0.8315132553255336
4.0,crank_nicolson,0.42857142857142855,0.5714285714285714,0.7321480119792566
4.0,crank_nicolson,0.42857142857142855,0.6428571428571428,0.6111373860025928
4.0,crank_nicolson,0.42857142857142855,0.7142857142857142,0.4889453861956058
4.0,crank_nicolson,0.42857142857142855,0.7857142857142857,0.36671388527922705
4.0,crank_nicolson,0.42857142857142855,0.8571428571428571,0.24459293603886037
4.0,crank_nicolson,0.42857142857142855,0.9285714285714285,0.1250025448135372
4.0,crank_nicolson,0.42857142857142855,1.0,0.07674347291529088
4.0,crank_nicolson,0.5,0.0,0.07674347291529088
4.0,crank_nicolson,0.5,0.07142857142857142,0.14159216781818723
4.0,crank_nicolson,0.5,0.14285714285714285,0.27777218201011117
4.0,crank_nicolson,0.5,0.21428571428571427,0.4164827505358687
4.0,crank_nicolson,0.5,0.2857142857142857,0.5553037080301464
4.0,crank_nicolson,0.5,0.3571428571428571,0.6940793049305342
4.0,crank_nicolson,0.5,0.42857142857142855,0.8315132553255354
4.0,crank_nicolson,0.5,0.5,0.9443627922652437
4.0,crank_nicolson,0.5,0.5714285714285714,0.8315132553255339
4.0,crank_nicolson,0.5,0.6428571428571428,0.6940793049305334
4.0,crank_nicolson,0.5,0.7142857142857142,0.5553037080301472
4.0,crank_nicolson,0.5,0.7857142857142857,0.41648275053586864
4.0,crank_nicolson,0.5,0.8571428571428571,0.27777218201011117
4.0,crank_nicolson,0.5,0.9285714285714285,0.14159216781818734
4.0,crank_nicolson,0.5,1.0,0.07674347291529088
4.0,crank_nicolson,0.5714285714285714,0.0,0.07674347291529088
4.0,crank_nicolson,0.5714285714285714,0.07142857142857142,0.12500254481353726
4.0,crank_nicolson,0.5714285714285714,0.14285714285714285,0.24459293603886045
4.0,crank_nicolson,0.5714285714285714,0.21428571428571427,0.36671388527922577
4.0,crank_nicolson,0.5714285714285714,0.2857142857142857,0.4889453861956044
4.0,crank_nicolson,0.5714285714285714,0.3571428571428571,0.6111373860025915
4.0,crank_nicolson,0.5714285714285714,0.42857142857142855,0.7321480119792563
4.0,crank_nicolson,0.5714285714285714,0.5,0.8315132553255337
4.0,crank_nicolson,0.5714285714285714,0.5714285714285714,0.7321480119792565
4.0,crank_nicolson,0.5714285714285714,0.6428571428571428,0.6111373860025918
4.0,crank_nicolson,0.5714285714285714,0.7142857142857142,0.4889453861956049
4.0,crank_nicolson,0.5714285714285714,0.7857142857142857,0.36671388527922677
4.0,crank_nicolson,0.5714285714285714,0.8571428571428571,0.24459293603886093
4.0,crank_nicolson,0.5714285714285714,0.9285714285714285,0.12500254481353737
4.0,crank_nicolson,0.5714285714285714,1.0,0.07674347291529088
4.0,crank_nicolson,0.6428571428571428,0.0,0.07674347291529088
4.0,crank_nicolson,0.6428571428571428,0.07142857142857142,0.10479908039066714
4.0,crank_nicolson,0.6428571428571428,0.14285714285714285,0.2041860054752353
4.0,crank_nicolson,0.6428571428571428,0.21428571428571427,0.3061034929067769
4.0,crank_nicolson,0.6428571428571428,0.2857142857142857,0.4081317313246945
4.0,crank_nicolson,0.6428571428571428,0.3571428571428571,0.5101276221469198
4.0,crank_nicolson,0.6428571428571428,0.42857142857142855,0.6111373860025923
4.0,crank_nicolson,0.6428571428571428,0.5,0.6940793049305334
4.0,crank_nicolson,0.6428571428571428,0.5714285714285714,0.6111373860025925
4.0,crank_nicolson,0.6428571428571428,0.6428571428571428,0.510127622146921
4.0,crank_nicolson,0.6428571428571428,0.7142857142857142,0.4081317313246948
4.0,crank_nicolson,0.6428571428571428,0.7857142857142857,0.3061034929067771
4.0,crank_nicolson,0.6428571428571428,0.8571428571428571,0.20418600547523585
4.0,crank_nicolson,0.6428571428571428,0.9285714285714285,0.1047990803906673
4.0,crank_nicolson,0.6428571428571428,1.0,0.07674347291529088
4.0,crank_nicolson,0.7142857142857142,0.0,0.07674347291529088
4.0,crank_nicolson,0.7142857142857142,0.07142857142857142,0.08439844588515293
4.0,crank_nicolson,0.7142857142857142,0.14285714285714285,0.16338465311912365
4.0,crank_nicolson,0.7142857142857142,0.21428571428571427,0.24490141823782394
4.0,crank_nicolson,0.7142857142857142,0.2857142857142857,0.32652913527649385
4.0,crank_nicolson,0.7142857142857142,0.3571428571428571,0.40813173132469427
4.0,crank_nicolson,0.7142857142857142,0.42857142857142855,0.488945386195605
4.0,crank_nicolson,0.7142857142857142,0.5,0.5553037080301478
4.0,crank_nicolson,0.7142857142857142,0.5714285714285714,0.48894538619560546
4.0,crank_nicolson,0.7142857142857142,0.6428571428571428,0.40813173132469505
4.0,crank_nicolson,0.7142857142857142,0.7142857142857142,0.326529135276494
4.0,crank_nicolson,0.7142857142857142,0.7857142857142857,0.24490141823782408
4.0,crank_nicolson,0.7142857142857142,0.8571428571428571,0.16338465311912376
4.0,crank_nicolson,0.7142857142857142,0.9285714285714285,0.08439844588515297
4.0,crank_nicolson,0.7142857142857142,1.0,0.07674347291529088
4.0,crank_nicolson,0.7857142857142857,0.0,0.07674347291529088
4.0,crank_nicolson,0.7857142857142857,0.07142857142857142,0.06399401552624351
4.0,crank_nicolson,0.7857142857142857,0.14285714285714285,0.12257261971549523
4.0,crank_nicolson,0.7857142857142857,0.21428571428571427,0.18368145134670183
4.0,crank_nicolson,0.7857142857142857,0.2857142857142857,0.2449014182378242
4.0,crank_nicolson,0.7857142857142857,0.3571428571428571,0.30610349290677674
4.0,crank_nicolson,0.7857142857142857,0.42857142857142855,0.3667138852792266
4.0,crank_nicolson,0.7857142857142857,0.5,0.41648275053586903
4.0,crank_nicolson,0.7857142857142857,0.5714285714285714,0.36671388527922677
4.0,crank_nicolson,0.7857142857142857,0.6428571428571428,0.30610349290677696
4.0,crank_nicolson,0.7857142857142857,0.7142857142857142,0.24490141823782424
4.0,crank_nicolson,0.7857142857142857,0.7857142857142857,0.18368145134670189
4.0,crank_nicolson,0.7857142857142857,0.8571428571428571,0.1225726197154953
4.0,crank_nicolson,0.7857142857142857,0.9285714285714285,0.06399401552624356
4.0,crank_nicolson,0.7857142857142857,1.0,0.07674347291529088
4.0,crank_nicolson,0.8571428571428571,0.0,0.07674347291529088
4.0,crank_nicolson,0.8571428571428571,0.07142857142857142,0.04369085391098276
4.0,crank_nicolson,0.8571428571428571,0.14285714285714285,0.08187141613920257
4.0,crank_nicolson,0.8571428571428571,0.21428571428571427,0.12257261971549518
4.0,crank_nicolson,0.8571428571428571,0.2857142857142857,0.16338465311912356
4.0,crank_nicolson,0.8571428571428571,0.3571428571428571,0.20418600547523558
4.0,crank_nicolson,0.8571428571428571,0.42857142857142855,0.24459293603886031
4.0,crank_nicolson,0.8571428571428571,0.5,0.27777218201011117
4.0,crank_nicolson,0.8571428571428571,0.5714285714285714,0.24459293603886093
4.0,crank_nicolson,0.8571428571428571,0.6428571428571428,0.2041860054752358
4.0,crank_nicolson,0.8571428571428571,0.7142857142857142,0.16338465311912362
4.0,crank_nicolson,0.8571428571428571,0.7857142857142857,0.12257261971549524
4.0,crank_nicolson,0.8571428571428571,0.8571428571428571,0.08187141613920262
4.0,crank_nicolson,0.8571428571428571,0.9285714285714285,0.043690853910982805
4.0,crank_nicolson,0.8571428571428571,1.0,0.07674347291529088
4.0,crank_nicolson,0.9285714285714285,0.0,0.07674347291529088
4.0,crank_nicolson,0.9285714285714285,0.07142857142857142,0.025715495088768747
4.0,crank_nicolson,0.9285714285714285,0.14285714285714285,0.04369085391098279
4.0,crank_nicolson,0.9285714285714285,0.21428571428571427,0.06399401552624359
4.0,crank_nicolson,0.9285714285714285,0.2857142857142857,0.08439844588515286
4.0,crank_nicolson,0.9285714285714285,0.3571428571428571,0.1047990803906673
4.0,crank_nicolson,0.9285714285714285,0.42857142857142855,0.12500254481353715
4.0,crank_nicolson,0.9285714285714285,0.5,0.14159216781818734
4.0,crank_nicolson,0.9285714285714285,0.5714285714285714,0.12500254481353737
4.0,crank_nicolson,0.9285714285714285,0.6428571428571428,0.10479908039066738
4.0,crank_nicolson,0.9285714285714285,0.7142857142857142,0.08439844588515288
4.0,crank_nicolson,0.9285714285714285,0.7857142857142857,0.06399401552624358
4.0,crank_nicolson,0.9285714285714285,0.8571428571428571,0.04369085391098279
4.0,crank_nicolson,0.9285714285714285,0.9285714285714285,0.02571549508876878
4.0,crank_nicolson,0.9285714285714285,1.0,0.07674347291529088
4.0,crank_nicolson,1.0,0.0,0.07674347291529088
4.0,crank_nicolson,1.0,0.07142857142857142,0.07674347291529088
4.0,crank_nicolson,1.0,0.14285714285714285,0.07674347291529088
4.0,crank_nicolson,1.0,0.21428571428571427,0.07674347291529088
4.0,crank_nicolson,1.0,0.2857142857142857,0.07674347291529088
4.0,crank_nicolson,1.0,0.3571428571428571,0.07674347291529088
4.0,crank_nicolson,1.0,0.42857142857142855,0.07674347291529088
4.0,crank_nicolson,1.0,0.5,0.07674347291529088
4.0,crank_nicolson,1.0,0.5714285714285714,0.07674347291529088
4.0,crank_nicolson,1.0,0.6428571428571428,0.07674347291529088
4.0,crank_nicolson,1.0,0.7142857142857142,0.07674347291529088
4.0,crank_nicolson,1.0,0.7857142857142857,0.07674347291529088
4.0,crank_nicolson,1.0,0.8571428571428571,0.07674347291529088
4.0,crank_nicolson,1.0,0.9285714285714285,0.07674347291529088
4.0,crank_nicolson,1.0,1.0,0.07674347291529088
5.0,crank_nicolson,0.0,0.0,-0.04694743859349521
5.0,crank_nicolson,0.0,0.07142857142857142,-0.04694743859349521
5.0,crank_nicolson,0.0,0.14285714285714285,-0.04694743859349521
5.0,crank_nicolson,0.0,0.21428571428571427,-0.04694743859349521
5.0,crank_nicolson,0.0,0.2857142857142857,-0.04694743859349521
5.0,crank_nicolson,0.0,0.3571428571428571,-0.04694743859349521
5.0,crank_nicolson,0.0,0.42857142857142855,-0.04694743859349521
5.0,crank_nicolson,0.0,0.5,-0.04694743859349521
5.0,crank_nicolson,0.0,0.5714285714285714,-0.04694743859349521
5.0,crank_nicolson,0.0,0.6428571428571428,-0.04694743859349521
5.0,crank_nicolson,0.0,0.7142857142857142,-0.04694743859349521
5.0,crank_nicolson,0.0,0.7857142857142857,-0.04694743859349521
5.0,crank_nicolson,0.0,0.8571428571428571,-0.04694743859349521
5.0,crank_nicolson,0.0,0.9285714285714285,-0.04694743859349521
5.0,crank_nicolson,0.0,1.0,-0.04694743859349521
5.0,crank_nicolson,0.07142857142857142,0.0,-0.04694743859349521
5.0,crank_nicolson,0.07142857142857142,0.07142857142857142,0.024878599660359862
5.0,crank_nicolson,0.07142857142857142,0.14285714285714285,0.043327823609100355
5.0,crank_nicolson,0.07142857142857142,0.21428571428571427,0.06360552454848381
5.0,crank_nicolson,0.07142857142857142,0.2857142857142857,0.08400839502356251
5.0,crank_nicolson,0.07142857142857142,0.3571428571428571,0.10440607828429174
5.0,crank_nicolson,0.07142857142857142,0.42857142857142855,0.1245606875418869
5.0,crank_nicolson,0.07142857142857142,0.5,0.1407532817723143
5.0,crank_nicolson,0.07142857142857142,0.5714285714285714,0.1245606875418869
5.0,crank_nicolson,0.07142857142857142,0.6428571428571428,0.10440607828429162
5.0,crank_nicolson,0.07142857142857142,0.7142857142857142,0.08400839502356251
5.0,crank_nicolson,0.07142857142857142,0.7857142857142857,0.0636055245484838
5.0,crank_nicolson,0.07142857142857142,0.8571428571428571,0.043327823609100355
5.0,crank_nicolson,0.07142857142857142,0.9285714285714285,0.02487859966035989
5.0,crank_nicolson,0.07142857142857142,1.0,-0.04694743859349521
5.0,crank_nicolson,0.14285714285714285,0.0,-0.04694743859349521
5.0,crank_nicolson,0.14285714285714285,0.07142857142857142,0.04332782360910035
5.0,crank_nicolson,0.14285714285714285,0.14285714285714285,0.08193421274090326
5.0,crank_nicolson,0.14285714285714285,0.21428571428571427,0.12260588210089092
5.0,crank_nicolson,0.14285714285714285,0.2857142857142857,0.1634160407558096
5.0,crank_nicolson,0.14285714285714285,0.3571428571428571,0.2042115368753002
5.0,crank_nicolson,0.14285714285714285,0.42857142857142855,0.2445207583567197
5.0,crank_nicolson,0.14285714285714285,0.5,0.2769059467474677
5.0,crank_nicolson,0.14285714285714285,0.5714285714285714,0.2445207583567195
5.0,crank_nicolson,0.14285714285714285,0.6428571428571428,0.20421153687530028
5.0,crank_nicolson,0.14285714285714285,0.7142857142857142,0.16341604075580965
5.0,crank_nicolson,0.14285714285714285,0.7857142857142857,0.12260588210089095
5.0,crank_nicolson,0.14285714285714285,0.8571428571428571,0.08193421274090328
5.0,crank_nicolson,0.14285714285714285,0.9285714285714285,0.04332782360910039
5.0,crank_nicolson,0.14285714285714285,1.0,-0.04694743859349521
5.0,crank_nicolson,0.21428571428571427,0.0,-0.04694743859349521
5.0,crank_nicolson,0.21428571428571427,0.07142857142857142,0.0636055245484838
5.0,crank_nicolson,0.21428571428571427,0.14285714285714285,0.12260588210089084
5.0,crank_nicolson,0.21428571428571427,0.21428571428571427,0.18368487607136527
5.0,crank_nicolson,0.21428571428571427,0.2857142857142857,0.24490283619348202
5.0,crank_nicolson,0.21428571428571427,0.3571428571428571,0.30609615294476444
5.0,crank_nicolson,0.21428571428571427,0.42857142857142855,0.36655997921199335
5.0,crank_nicolson,0.21428571428571427,0.5,0.41513775553716115
5.0,crank_nicolson,0.21428571428571427,0.5714285714285714,0.3665599792119932
5.0,crank_nicolson,0.21428571428571427,0.6428571428571428,0.30609615294476455
5.0,crank_nicolson,0.21428571428571427,0.7142857142857142,0.24490283619348208
5.0,crank_nicolson,0.21428571428571427,0.7857142857142857,0.18368487607136524
5.0,crank_nicolson,0.21428571428571427,0.8571428571428571,0.12260588210089088
5.0,crank_nicolson,0.21428571428571427,0.9285714285714285,0.06360552454848388
5.0,crank_nicolson,0.21428571428571427,1.0,-0.04694743859349521
5.0,crank_nicolson,0.2857142857142857,0.0,-0.04694743859349521
5.0,crank_nicolson,0.2857142857142857,0.07142857142857142,0.08400839502356233
5.0,crank_nicolson,0.2857142857142857,0.14285714285714285,0.1634160407558094
5.0,crank_nicolson,0.2857142857142857,0.21428571428571427,0.24490283619348233
5.0,crank_nicolson,0.2857142857142857,0.2857142857142857,0.3265283167482383
5.0,crank_nicolson,0.2857142857142857,0.3571428571428571,0.4081191426641019
5.0,crank_nicolson,0.2857142857142857,0.42857142857142855,0.48873726527210665
5.0,crank_nicolson,0.2857142857142857,0.5,0.5535073829134188
5.0,crank_nicolson,0.2857142857142857,0.5714285714285714,0.4887372652721068
5.0,crank_nicolson,0.2857142857142857,0.6428571428571428,0.40811914266410193
5.0,crank_nicolson,0.2857142857142857,0.7142857142857142,0.3265283167482383
5.0,crank_nicolson,0.2857142857142857,0.7857142857142857,0.24490283619348233
5.0,crank_nicolson,0.2857142857142857,0.8571428571428571,0.16341604075580948
5.0,crank_nicolson,0.2857142857142857,0.9285714285714285,0.08400839502356242
5.0,crank_nicolson,0.2857142857142857,1.0,-0.04694743859349521
5.0,crank_nicolson,0.3571428571428571,0.0,-0.04694743859349521
5.0,crank_nicolson,0.3571428571428571,0.07142857142857142,0.1044060782842916
5.0,crank_nicolson,0.3571428571428571,0.14285714285714285,0.20421153687530036
5.0,crank_nicolson,0.3571428571428571,0.21428571428571427,0.3060961529447645
5.0,crank_nicolson,0.3571428571428571,0.2857142857142857,0.4081191426641022
5.0,crank_nicolson,0.3571428571428571,0.3571428571428571,0.5100974705032684
5.0,crank_nicolson,0.3571428571428571,0.42857142857142855,0.6108600056279296
5.0,crank_nicolson,0.3571428571428571,0.5,0.691814539399584
5.0,crank_nicolson,0.3571428571428571,0.5714285714285714,0.6108600056279297
5.0,crank_nicolson,0.3571428571428571,0.6428571428571428,0.5100974705032667
5.0,crank_nicolson,0.3571428571428571,0.7142857142857142,0.4081191426641025
5.0,crank_nicolson,0.3571428571428571,0.7857142857142857,0.3060961529447646
5.0,crank_nicolson,0.3571428571428571,0.8571428571428571,0.20421153687530066
5.0,crank_nicolson,0.3571428571428571,0.9285714285714285,0.10440607828429177
5.0,crank_nicolson,0.3571428571428571,1.0,-0.04694743859349521
5.0,crank_nicolson,0.42857142857142855,0.0,-0.04694743859349521
5.0,crank_nicolson,0.42857142857142855,0.07142857142857142,0.12456068754188684
5.0,crank_nicolson,0.42857142857142855,0.14285714285714285,0.24452075835671952
5.0,crank_nicolson,0.42857142857142855,0.21428571428571427,0.36655997921199396
5.0,crank_nicolson,0.42857142857142855,0.2857142857142857,0.48873726527210737
5.0,crank_nicolson,0.42857142857142855,0.3571428571428571,0.6108600056279302
5.0,crank_nicolson,0.42857142857142855,0.42857142857142855,0.7315267978487114
5.0,crank_nicolson,0.42857142857142855,0.5,0.828472834922005
5.0,crank_nicolson,0.42857142857142855,0.5714285714285714,0.7315267978487127
5.0,crank_nicolson,0.42857142857142855,0.6428571428571428,0.6108600056279311
5.0,crank_nicolson,0.42857142857142855,0.7142857142857142,0.48873726527210787
5.0,crank_nicolson,0.42857142857142855,0.7857142857142857,0.36655997921199396
5.0,crank_nicolson,0.42857142857142855,0.8571428571428571,0.24452075835671966
5.0,crank_nicolson,0.42857142857142855,0.9285714285714285,0.12456068754188679
5.0,crank_nicolson,0.42857142857142855,1.0,-0.04694743859349521
5.0,crank_nicolson,0.5,0.0,-0.04694743859349521
5.0,crank_nicolson,0.5,0.07142857142857142,0.1407532817723143
5.0,crank_nicolson,0.5,0.14285714285714285,0.2769059467474677
5.0,crank_nicolson,0.5,0.21428571428571427,0.41513775553716187
5.0,crank_nicolson,0.5,0.2857142857142857,0.5535073829134183
5.0,crank_nicolson,0.5,0.3571428571428571,0.6918145393995841
5.0,crank_nicolson,0.5,0.42857142857142855,0.8284728349220072
5.0,crank_nicolson,0.5,0.5,0.9382653634817348
5.0,crank_nicolson,0.5,0.5714285714285714,0.8284728349220055
5.0,crank_nicolson,0.5,0.6428571428571428,0.6918145393995834
5.0,crank_nicolson,0.5,0.7142857142857142,0.5535073829134188
5.0,crank_nicolson,0.5,0.7857142857142857,0.41513775553716187
5.0,crank_nicolson,0.5,0.8571428571428571,0.2769059467474677
5.0,crank_nicolson,0.5,0.9285714285714285,0.14075328177231444
5.0,crank_nicolson,0.5,1.0,-0.04694743859349521
5.0,crank_nicolson,0.5714285714285714,0.0,-0.04694743859349521
5.0,crank_nicolson,0.5714285714285714,0.07142857142857142,0.12456068754188684
5.0,crank_nicolson,0.5714285714285714,0.14285714285714285,0.24452075835671977
5.0,crank_nicolson,0.5714285714285714,0.21428571428571427,0.3665599792119926
5.0,crank_nicolson,0.5714285714285714,0.2857142857142857,0.4887372652721065
5.0,crank_nicolson,0.5714285714285714,0.3571428571428571,0.6108600056279296
5.0,crank_nicolson,0.5714285714285714,0.42857142857142855,0.7315267978487123
5.0,crank_nicolson,0.5714285714285714,0.5,0.8284728349220054
5.0,crank_nicolson,0.5714285714285714,0.5714285714285714,0.7315267978487127
5.0,crank_nicolson,0.5714285714285714,0.6428571428571428,0.6108600056279299
5.0,crank_nicolson,0.5714285714285714,0.7142857142857142,0.4887372652721069
5.0,crank_nicolson,0.5714285714285714,0.7857142857142857,0.36655997921199385
5.0,crank_nicolson,0.5714285714285714,0.8571428571428571,0.24452075835672019
5.0,crank_nicolson,0.5714285714285714,0.9285714285714285,0.12456068754188696
5.0,crank_nicolson,0.5714285714285714,1.0,-0.04694743859349521
5.0,crank_nicolson,0.6428571428571428,0.0,-0.04694743859349521
5.0,crank_nicolson,0.6428571428571428,0.07142857142857142,0.1044060782842915
5.0,crank_nicolson,0.6428571428571428,0.14285714285714285,0.2042115368753003
5.0,crank_nicolson,0.6428571428571428,0.21428571428571427,0.3060961529447645
5.0,crank_nicolson,0.6428571428571428,0.2857142857142857,0.4081191426641019
5.0,crank_nicolson,0.6428571428571428,0.3571428571428571,0.5100974705032667
5.0,crank_nicolson,0.6428571428571428,0.42857142857142855,0.6108600056279305
5.0,crank_nicolson,0.6428571428571428,0.5,0.6918145393995836
5.0,crank_nicolson,0.6428571428571428,0.5714285714285714,0.6108600056279306
5.0,crank_nicolson,0.6428571428571428,0.6428571428571428,0.5100974705032677
5.0,crank_nicolson,0.6428571428571428,0.7142857142857142,0.4081191426641022
5.0,crank_nicolson,0.6428571428571428,0.7857142857142857,0.30609615294476467
5.0,crank_nicolson,0.6428571428571428,0.8571428571428571,0.20421153687530083
5.0,crank_nicolson,0.6428571428571428,0.9285714285714285,0.10440607828429169
5.0,crank_nicolson,0.6428571428571428,1.0,-0.04694743859349521
5.0,crank_nicolson,0.7142857142857142,0.0,-0.04694743859349521
5.0,crank_nicolson,0.7142857142857142,0.07142857142857142,0.08400839502356251
5.0,crank_nicolson,0.7142857142857142,0.14285714285714285,0.16341604075580965
5.0,crank_nicolson,0.7142857142857142,0.21428571428571427,0.24490283619348205
5.0,crank_nicolson,0.7142857142857142,0.2857142857142857,0.3265283167482382
5.0,crank_nicolson,0.7142857142857142,0.3571428571428571,0.4081191426641017
5.0,crank_nicolson,0.7142857142857142,0.42857142857142855,0.48873726527210704
5.0,crank_nicolson,0.7142857142857142,0.5,0.5535073829134197
5.0,crank_nicolson,0.7142857142857142,0.5714285714285714,0.48873726527210765
5.0,crank_nicolson,0.7142857142857142,0.6428571428571428,0.40811914266410243
5.0,crank_nicolson,0.7142857142857142,0.7142857142857142,0.3265283167482383
5.0,crank_nicolson,0.7142857142857142,0.7857142857142857,0.2449028361934822
5.0,crank_nicolson,0.7142857142857142,0.8571428571428571,0.16341604075580976
5.0,crank_nicolson,0.7142857142857142,0.9285714285714285,0.08400839502356255
5.0,crank_nicolson,0.7142857142857142,1.0,-0.04694743859349521
5.0,crank_nicolson,0.7857142857142857,0.0,-0.04694743859349521
5.0,crank_nicolson,0.7857142857142857,0.07142857142857142,0.0636055245484838
5.0,crank_nicolson,0.7857142857142857,0.14285714285714285,0.12260588210089095
5.0,crank_nicolson,0.7857142857142857,0.21428571428571427,0.18368487607136524
5.0,crank_nicolson,0.7857142857142857,0.2857142857142857,0.24490283619348233
5.0,crank_nicolson,0.7857142857142857,0.3571428571428571,0.3060961529447645
5.0,crank_nicolson,0.7857142857142857,0.42857142857142855,0.36655997921199346
5.0,crank_nicolson,0.7857142857142857,0.5,0.4151377555371623
5.0,crank_nicolson,0.7857142857142857,0.5714285714285714,0.36655997921199374
5.0,crank_nicolson,0.7857142857142857,0.6428571428571428,0.30609615294476467
5.0,crank_nicolson,0.7857142857142857,0.7142857142857142,0.24490283619348235
5.0,crank_nicolson,0.7857142857142857,0.7857142857142857,0.18368487607136533
5.0,crank_nicolson,0.7857142857142857,0.8571428571428571,0.12260588210089102
5.0,crank_nicolson,0.7857142857142857,0.9285714285714285,0.06360552454848385
5.0,crank_nicolson,0.7857142857142857,1.0,-0.04694743859349521
5.0,crank_nicolson,0.8571428571428571,0.0,-0.04694743859349521
5.0,crank_nicolson,0.8571428571428571,0.07142857142857142,0.043327823609100355
5.0,crank_nicolson,0.8571428571428571,0.14285714285714285,0.08193421274090328
5.0,crank_nicolson,0.8571428571428571,0.21428571428571427,0.12260588210089088
5.0,crank_nicolson,0.8571428571428571,0.2857142857142857,0.16341604075580948
5.0,crank_nicolson,0.8571428571428571,0.3571428571428571,0.20421153687530066
5.0,crank_nicolson,0.8571428571428571,0.42857142857142855,0.24452075835671958
5.0,crank_nicolson,0.8571428571428571,0.5,0.2769059467474677
5.0,crank_nicolson,0.8571428571428571,0.5714285714285714,0.2445207583567202
5.0,crank_nicolson,0.8571428571428571,0.6428571428571428,0.20421153687530083
5.0,crank_nicolson,0.8571428571428571,0.7142857142857142,0.16341604075580957
5.0,crank_nicolson,0.8571428571428571,0.7857142857142857,0.12260588210089093
5.0,crank_nicolson,0.8571428571428571,0.8571428571428571,0.08193421274090334
5.0,crank_nicolson,0.8571428571428571,0.9285714285714285,0.0433278236091004
5.0,crank_nicolson,0.8571428571428571,1.0,-0.04694743859349521
5.0,crank_nicolson,0.9285714285714285,0.0,-0.04694743859349521
5.0,crank_nicolson,0.9285714285714285,0.07142857142857142,0.02487859966035989
5.0,crank_nicolson,0.9285714285714285,0.14285714285714285,0.04332782360910039
5.0,crank_nicolson,0.9285714285714285,0.21428571428571427,0.06360552454848388
5.0,crank_nicolson,0.9285714285714285,0.2857142857142857,0.08400839502356242
5.0,crank_nicolson,0.9285714285714285,0.3571428571428571,0.1044060782842917
5.0,crank_nicolson,0.9285714285714285,0.42857142857142855,0.1245606875418867
5.0,crank_nicolson,0.9285714285714285,0.5,0.14075328177231444
5.0,crank_nicolson,0.9285714285714285,0.5714285714285714,0.12456068754188694
5.0,crank_nicolson,0.9285714285714285,0.6428571428571428,0.10440607828429177
5.0,crank_nicolson,0.9285714285714285,0.7142857142857142,0.08400839502356244
5.0,crank_nicolson,0.9285714285714285,0.7857142857142857,0.06360552454848387
5.0,crank_nicolson,0.9285714285714285,0.8571428571428571,0.04332782360910039
5.0,crank_nicolson,0.9285714285714285,0.9285714285714285,0.024878599660359917
5.0,crank_nicolson,0.9285714285714285,1.0,-0.04694743859349521
5.0,crank_nicolson,1.0,0.0,-0.04694743859349521
5.0,crank_nicolson,1.0,0.07142857142857142,-0.04694743859349521
5.0,crank_nicolson,1.0,0.14285714285714285,-0.04694743859349521
5.0,crank_nicolson,1.0,0.21428571428571427,-0.04694743859349521
5.0,crank_nicolson,1.0,0.2857142857142857,-0.04694743859349521
5.0,crank_nicolson,1.0,0.3571428571428571,-0.04694743859349521
5.0,crank_nicolson,1.0,0.42857142857142855,-0.04694743859349521
5.0,crank_nicolson,1.0,0.5,-0.04694743859349521
5.0,crank_nicolson,1.0,0.5714285714285714,-0.04694743859349521
5.0,crank_nicolson,1.0,0.6428571428571428,-0.04694743859349521
5.0,crank_nicolson,1.0,0.7142857142857142,-0.04694743859349521
5.0,crank_nicolson,1.0,0.7857142857142857,-0.04694743859349521
5.0,crank_nicolson,1.0,0.8571428571428571,-0.04694743859349521
5.0,crank_nicolson,1.0,0.9285714285714285,-0.04694743859349521
5.0,crank_nicolson,1.0,1.0,-0.04694743859349521
6.0,crank_nicolson,0.0,0.0,-0.046341769281246226
6.0,crank_nicolson,0.0,0.07142857142857142,-0.046341769281246226
6.0,crank_nicolson,0.0,0.14285714285714285,-0.046341769281246226
6.0,crank_nicolson,0.0,0.21428571428571427,-0.046341769281246226
6.0,crank_nicolson,0.0,0.2857142857142857,-0.046341769281246226
6.0,crank_nicolson,0.0,0.3571428571428571,-0.046341769281246226
6.0,crank_nicolson,0.0,0.42857142857142855,-0.046341769281246226
6.0,crank_nicolson,0.0,0.5,-0.046341769281246226
6.0,crank_nicolson,0.0,0.5714285714285714,-0.046341769281246226
6.0,crank_nicolson,0.0,0.6428571428571428,-0.046341769281246226
6.0,crank_nicolson,0.0,0.7142857142857142,-0.046341769281246226
6.0,crank_nicolson,0.0,0.7857142857142857,-0.046341769281246226
6.0,crank_nicolson,0.0,0.8571428571428571,-0.046341769281246226
6.0,crank_nicolson,0.0,0.9285714285714285,-0.046341769281246226
6.0,crank_nicolson,0.0,1.0,-0.046341769281246226
6.0,crank_nicolson,0.07142857142857142,0.0,-0.046341769281246226
6.0,crank_nicolson,0.07142857142857142,0.07142857142857142,0.02462002224817903
6.0,crank_nicolson,0.07142857142857142,0.14285714285714285,0.043296753371848386
6.0,crank_nicolson,0.07142857142857142,0.21428571428571427,0.06353108185327984
6.0,crank_nicolson,0.07142857142857142,0.2857142857142857,0.0839299374111456
6.0,crank_nicolson,0.07142857142857142,0.3571428571428571,0.10431979097592077
6.0,crank_nicolson,0.07142857142857142,0.42857142857142855,0.12436503874768585
6.0,crank_nicolson,0.07142857142857142,0.5,0.1398088064462253
6.0,crank_nicolson,0.07142857142857142,0.5714285714285714,0.12436503874768587
6.0,crank_nicolson,0.07142857142857142,0.6428571428571428,0.10431979097592065
6.0,crank_nicolson,0.07142857142857142,0.7142857142857142,0.08392993741114561
6.0,crank_nicolson,0.07142857142857142,0.7857142857142857,0.06353108185327982
6.0,crank_nicolson,0.07142857142857142,0.8571428571428571,0.043296753371848386
6.0,crank_nicolson,0.07142857142857142,0.9285714285714285,0.024620022248179056
6.0,crank_nicolson,0.07142857142857142,1.0,-0.046341769281246226
6.0,crank_nicolson,0.14285714285714285,0.0,-0.046341769281246226
6.0,crank_nicolson,0.14285714285714285,0.07142857142857142,0.043296753371848365
6.0,crank_nicolson,0.14285714285714285,0.14285714285714285,0.08205119245920105
6.0,crank_nicolson,0.14285714285714285,0.21428571428571427,0.12266933315029503
6.0,crank_nicolson,0.14285714285714285,0.2857142857142857,0.1634745012510303
6.0,crank_nicolson,0.14285714285714285,0.3571428571428571,0.20425447862814314
6.0,crank_nicolson,0.14285714285714285,0.42857142857142855,0.2443449816010022
6.0,crank_nicolson,0.14285714285714285,0.5,0.2752325168003463
6.0,crank_nicolson,0.14285714285714285,0.5714285714285714,0.24434498160100188
6.0,crank_nicolson,0.14285714285714285,0.6428571428571428,0.2042544786281432
6.0,crank_nicolson,0.14285714285714285,0.7142857142857142,0.16347450125103036
6.0,crank_nicolson,0.14285714285714285,0.7857142857142857,0.12266933315029505
6.0,crank_nicolson,0.14285714285714285,0.8571428571428571,0.08205119245920106
6.0,crank_nicolson,0.14285714285714285,0.9285714285714285,0.043296753371848413
6.0,crank_nicolson,0.14285714285714285,1.0,-0.046341769281246226
6.0,crank_nicolson,0.21428571428571427,0.0,-0.046341769281246226
6.0,crank_nicolson,0.21428571428571427,0.07142857142857142,0.06353108185327984
6.0,crank_nicolson,0.21428571428571427,0.14285714285714285,0.1226693331502949
6.0,crank_nicolson,0.21428571428571427,0.21428571428571427,0.18369386015592534
6.0,crank_nicolson,0.21428571428571427,0.2857142857142857,0.24490640863845065
6.0,crank_nicolson,0.21428571428571427,0.3571428571428571,0.30607652945593855
6.0,crank_nicolson,0.21428571428571427,0.42857142857142855,0.3662122690254214
6.0,crank_nicolson,0.21428571428571427,0.5,0.41254355660547737
6.0,crank_nicolson,0.21428571428571427,0.5714285714285714,0.3662122690254211
6.0,crank_nicolson,0.21428571428571427,0.6428571428571428,0.3060765294559386
6.0,crank_nicolson,0.21428571428571427,0.7142857142857142,0.2449064086384507
6.0,crank_nicolson,0.21428571428571427,0.7857142857142857,0.1836938601559253
6.0,crank_nicolson,0.21428571428571427,0.8571428571428571,0.12266933315029495
6.0,crank_nicolson,0.21428571428571427,0.9285714285714285,0.06353108185327991
6.0,crank_nicolson,0.21428571428571427,1.0,-0.046341769281246226
6.0,crank_nicolson,0.2857142857142857,0.0,-0.046341769281246226
6.0,crank_nicolson,0.2857142857142857,0.07142857142857142,0.08392993741114538
6.0,crank_nicolson,0.2857142857142857,0.14285714285714285,0.1634745012510301
6.0,crank_nicolson,0.2857142857142857,0.21428571428571427,0.24490640863845098
6.0,crank_nicolson,0.2857142857142857,0.2857142857142857,0.32652576040353676
6.0,crank_nicolson,0.2857142857142857,0.3571428571428571,0.4080853710634225
6.0,crank_nicolson,0.2857142857142857,0.42857142857142855,0.4882657023093606
6.0,crank_nicolson,0.2857142857142857,0.5,0.5500402470579504
6.0,crank_nicolson,0.2857142857142857,0.5714285714285714,0.48826570230936045
6.0,crank_nicolson,0.2857142857142857,0.6428571428571428,0.4080853710634225
6.0,crank_nicolson,0.2857142857142857,0.7142857142857142,0.32652576040353676
6.0,crank_nicolson,0.2857142857142857,0.7857142857142857,0.24490640863845103
6.0,crank_nicolson,0.2857142857142857,0.8571428571428571,0.1634745012510302
6.0,crank_nicolson,0.2857142857142857,0.9285714285714285,0.08392993741114546
6.0,crank_nicolson,0.2857142857142857,1.0,-0.046341769281246226
6.0,crank_nicolson,0.3571428571428571,0.0,-0.046341769281246226
6.0,crank_nicolson,0.3571428571428571,0.07142857142857142,0.10431979097592062
6.0,crank_nicolson,0.3571428571428571,0.14285714285714285,0.2042544786281433
6.0,crank_nicolson,0.3571428571428571,0.21428571428571427,0.3060765294559388
6.0,crank_nicolson,0.3571428571428571,0.2857142857142857,0.408085371063423
6.0,crank_nicolson,0.3571428571428571,0.3571428571428571,0.5100171696845345
6.0,crank_nicolson,0.3571428571428571,0.42857142857142855,0.6102250893227629
6.0,crank_nicolson,0.3571428571428571,0.5,0.6874298080396252
6.0,crank_nicolson,0.3571428571428571,0.5714285714285714,0.6102250893227628
6.0,crank_nicolson,0.3571428571428571,0.6428571428571428,0.5100171696845324
6.0,crank_nicolson,0.3571428571428571,0.7142857142857142,0.40808537106342324
6.0,crank_nicolson,0.3571428571428571,0.7857142857142857,0.3060765294559389
6.0,crank_nicolson,0.3571428571428571,0.8571428571428571,0.20425447862814353
6.0,crank_nicolson,0.3571428571428571,0.9285714285714285,0.1043197909759208
6.0,crank_nicolson,0.3571428571428571,1.0,-0.046341769281246226
6.0,crank_nicolson,0.42857142857142855,0.0,-0.046341769281246226
6.0,crank_nicolson,0.42857142857142855,0.07142857142857142,0.1243650387476858
6.0,crank_nicolson,0.42857142857142855,0.14285714285714285,0.24434498160100201
6.0,crank_nicolson,0.42857142857142855,0.21428571428571427,0.3662122690254222
6.0,crank_nicolson,0.42857142857142855,0.2857142857142857,0.488265702309361
6.0,crank_nicolson,0.42857142857142855,0.3571428571428571,0.6102250893227635
6.0,crank_nicolson,0.42857142857142855,0.42857142857142855,0.7301218663633161
6.0,crank_nicolson,0.42857142857142855,0.5,0.8224957808234874
6.0,crank_nicolson,0.42857142857142855,0.5714285714285714,0.7301218663633171
6.0,crank_nicolson,0.42857142857142855,0.6428571428571428,0.6102250893227642
6.0,crank_nicolson,0.42857142857142855,0.7142857142857142,0.4882657023093619
6.0,crank_nicolson,0.42857142857142855,0.7857142857142857,0.3662122690254222
6.0,crank_nicolson,0.42857142857142855,0.8571428571428571,0.24434498160100213
6.0,crank_nicolson,0.42857142857142855,0.9285714285714285,0.12436503874768572
6.0,crank_nicolson,0.42857142857142855,1.0,-0.046341769281246226
6.0,crank_nicolson,0.5,0.0,-0.046341769281246226
6.0,crank_nicolson,0.5,0.07142857142857142,0.1398088064462253
6.0,crank_nicolson,0.5,0.14285714285714285,0.2752325168003464
6.0,crank_nicolson,0.5,0.21428571428571427,0.41254355660547815
6.0,crank_nicolson,0.5,0.2857142857142857,0.55004024705795
6.0,crank_nicolson,0.5,0.3571428571428571,0.6874298080396252
6.0,crank_nicolson,0.5,0.42857142857142855,0.8224957808234898
6.0,crank_nicolson,0.5,0.5,0.9265553251868389
6.0,crank_nicolson,0.5,0.5714285714285714,0.822495780823488
6.0,crank_nicolson,0.5,0.6428571428571428,0.6874298080396241
6.0,crank_nicolson,0.5,0.7142857142857142,0.5500402470579503
6.0,crank_nicolson,0.5,0.7857142857142857,0.41254355660547826
6.0,crank_nicolson,0.5,0.8571428571428571,0.2752325168003464
6.0,crank_nicolson,0.5,0.9285714285714285,0.13980880644622537
6.0,crank_nicolson,0.5,1.0,-0.046341769281246226
6.0,crank_nicolson,0.5714285714285714,0.0,-0.046341769281246226
6.0,crank_nicolson,0.5714285714285714,0.07142857142857142,0.12436503874768587
6.0,crank_nicolson,0.5714285714285714,0.14285714285714285,0.24434498160100224
6.0,crank_nicolson,0.5714285714285714,0.21428571428571427,0.3662122690254205
6.0,crank_nicolson,0.5714285714285714,0.2857142857142857,0.48826570230936006
6.0,crank_nicolson,0.5714285714285714,0.3571428571428571,0.6102250893227624
6.0,crank_nicolson,0.5714285714285714,0.42857142857142855,0.7301218663633169
6.0,crank_nicolson,0.5714285714285714,0.5,0.8224957808234882
6.0,crank_nicolson,0.5714285714285714,0.5714285714285714,0.7301218663633172
6.0,crank_nicolson,0.5714285714285714,0.6428571428571428,0.6102250893227633
6.0,crank_nicolson,0.5714285714285714,0.7142857142857142,0.48826570230936045
6.0,crank_nicolson,0.5714285714285714,0.7857142857142857,0.36621226902542203
6.0,crank_nicolson,0.5714285714285714,0.8571428571428571,0.24434498160100276
6.0,crank_nicolson,0.5714285714285714,0.9285714285714285,0.12436503874768597
6.0,crank_nicolson,0.5714285714285714,1.0,-0.046341769281246226
6.0,crank_nicolson,0.6428571428571428,0.0,-0.046341769281246226
6.0,crank_nicolson,0.6428571428571428,0.07142857142857142,0.10431979097592053
6.0,crank_nicolson,0.6428571428571428,0.14285714285714285,0.2042544786281432
6.0,crank_nicolson,0.6428571428571428,0.21428571428571427,0.3060765294559385
6.0,crank_nicolson,0.6428571428571428,0.2857142857142857,0.4080853710634224
6.0,crank_nicolson,0.6428571428571428,0.3571428571428571,0.5100171696845323
6.0,crank_nicolson,0.6428571428571428,0.42857142857142855,0.6102250893227638
6.0,crank_nicolson,0.6428571428571428,0.5,0.6874298080396246
6.0,crank_nicolson,0.6428571428571428,0.5714285714285714,0.6102250893227639
6.0,crank_nicolson,0.6428571428571428,0.6428571428571428,0.5100171696845334
6.0,crank_nicolson,0.6428571428571428,0.7142857142857142,0.40808537106342296
6.0,crank_nicolson,0.6428571428571428,0.7857142857142857,0.30607652945593883
6.0,crank_nicolson,0.6428571428571428,0.8571428571428571,0.2042544786281438
6.0,crank_nicolson,0.6428571428571428,0.9285714285714285,0.1043197909759207
6.0,crank_nicolson,0.6428571428571428,1.0,-0.046341769281246226
6.0,crank_nicolson,0.7142857142857142,0.0,-0.046341769281246226
6.0,crank_nicolson,0.7142857142857142,0.07142857142857142,0.08392993741114563
6.0,crank_nicolson,0.7142857142857142,0.14285714285714285,0.16347450125103036
6.0,crank_nicolson,0.7142857142857142,0.21428571428571427,0.24490640863845067
6.0,crank_nicolson,0.7142857142857142,0.2857142857142857,0.32652576040353665
6.0,crank_nicolson,0.7142857142857142,0.3571428571428571,0.4080853710634224
6.0,crank_nicolson,0.7142857142857142,0.42857142857142855,0.4882657023093606
6.0,crank_nicolson,0.7142857142857142,0.5,0.5500402470579516
6.0,crank_nicolson,0.7142857142857142,0.5714285714285714,0.4882657023093614
6.0,crank_nicolson,0.7142857142857142,0.6428571428571428,0.4080853710634232
6.0,crank_nicolson,0.7142857142857142,0.7142857142857142,0.32652576040353676
6.0,crank_nicolson,0.7142857142857142,0.7857142857142857,0.2449064086384508
6.0,crank_nicolson,0.7142857142857142,0.8571428571428571,0.16347450125103044
6.0,crank_nicolson,0.7142857142857142,0.9285714285714285,0.08392993741114567
6.0,crank_nicolson,0.7142857142857142,1.0,-0.046341769281246226
6.0,crank_nicolson,0.7857142857142857,0.0,-0.046341769281246226
6.0,crank_nicolson,0.7857142857142857,0.07142857142857142,0.06353108185327982
6.0,crank_nicolson,0.7857142857142857,0.14285714285714285,0.12266933315029505
6.0,crank_nicolson,0.7857142857142857,0.21428571428571427,0.1836938601559253
6.0,crank_nicolson,0.7857142857142857,0.2857142857142857,0.244906408638451
6.0,crank_nicolson,0.7857142857142857,0.3571428571428571,0.3060765294559387
6.0,crank_nicolson,0.7857142857142857,0.42857142857142855,0.3662122690254214
6.0,crank_nicolson,0.7857142857142857,0.5,0.41254355660547876
6.0,crank_nicolson,0.7857142857142857,0.5714285714285714,0.36621226902542187
6.0,crank_nicolson,0.7857142857142857,0.6428571428571428,0.3060765294559389
6.0,crank_nicolson,0.7857142857142857,0.7142857142857142,0.24490640863845103
6.0,crank_nicolson,0.7857142857142857,0.7857142857142857,0.18369386015592534
6.0,crank_nicolson,0.7857142857142857,0.8571428571428571,0.12266933315029513
6.0,crank_nicolson,0.7857142857142857,0.9285714285714285,0.06353108185327988
6.0,crank_nicolson,0.7857142857142857,1.0,-0.046341769281246226
6.0,crank_nicolson,0.8571428571428571,0.0,-0.046341769281246226
6.0,crank_nicolson,0.8571428571428571,0.07142857142857142,0.043296753371848386
6.0,crank_nicolson,0.8571428571428571,0.14285714285714285,0.08205119245920106
6.0,crank_nicolson,0.8571428571428571,0.21428571428571427,0.12266933315029495
6.0,crank_nicolson,0.8571428571428571,0.2857142857142857,0.1634745012510302
6.0,crank_nicolson,0.8571428571428571,0.3571428571428571,0.20425447862814353
6.0,crank_nicolson,0.8571428571428571,0.42857142857142855,0.24434498160100201
6.0,crank_nicolson,0.8571428571428571,0.5,0.27523251680034644
6.0,crank_nicolson,0.8571428571428571,0.5714285714285714,0.2443449816010028
6.0,crank_nicolson,0.8571428571428571,0.6428571428571428,0.2042544786281439
6.0,crank_nicolson,0.8571428571428571,0.7142857142857142,0.16347450125103027
6.0,crank_nicolson,0.8571428571428571,0.7857142857142857,0.122669333150295
6.0,crank_nicolson,0.8571428571428571,0.8571428571428571,0.0820511924592011
6.0,crank_nicolson,0.8571428571428571,0.9285714285714285,0.04329675337184843
6.0,crank_nicolson,0.8571428571428571,1.0,-0.046341769281246226
6.0,crank_nicolson,0.9285714285714285,0.0,-0.046341769281246226
6.0,crank_nicolson,0.9285714285714285,0.07142857142857142,0.024620022248179056
6.0,crank_nicolson,0.9285714285714285,0.14285714285714285,0.043296753371848413
6.0,crank_nicolson,0.9285714285714285,0.21428571428571427,0.06353108185327991
6.0,crank_nicolson,0.9285714285714285,0.2857142857142857,0.08392993741114546
6.0,crank_nicolson,0.9285714285714285,0.3571428571428571,0.10431979097592071
6.0,crank_nicolson,0.9285714285714285,0.42857142857142855,0.12436503874768563
6.0,crank_nicolson,0.9285714285714285,0.5,0.13980880644622537
6.0,crank_nicolson,0.9285714285714285,0.5714285714285714,0.12436503874768595
6.0,crank_nicolson,0.9285714285714285,0.6428571428571428,0.10431979097592077
6.0,crank_nicolson,0.9285714285714285,0.7142857142857142,0.08392993741114547
6.0,crank_nicolson,0.9285714285714285,0.7857142857142857,0.0635310818532799
6.0,crank_nicolson,0.9285714285714285,0.8571428571428571,0.04329675337184842
6.0,crank_nicolson,0.9285714285714285,0.9285714285714285,0.024620022248179076
6.0,crank_nicolson,0.9285714285714285,1.0,-0.046341769281246226
6.0,crank_nicolson,1.0,0.0,-0.046341769281246226
6.0,crank_nicolson,1.0,0.07142857142857142,-0.046341769281246226
6.0,crank_nicolson,1.0,0.14285714285714285,-0.046341769281246226
6.0,crank_nicolson,1.0,0.21428571428571427,-0.046341769281246226
6.0,crank_nicolson,1.0,0.2857142857142857,-0.046341769281246226
6.0,crank_nicolson,1.0,0.3571428571428571,-0.046341769281246226
6.0,crank_nicolson,1.0,0.42857142857142855,-0.046341769281246226
6.0,crank_nicolson,1.0,0.5,-0.046341769281246226
6.0,crank_nicolson,1.0,0.5714285714285714,-0.046341769281246226
6.0,crank_nicolson,1.0,0.6428571428571428,-0.046341769281246226
6.0,crank_nicolson,1.0,0.7142857142857142,-0.046341769281246226
6.0,crank_nicolson,1.0,0.7857142857142857,-0.046341769281246226
6.0,crank_nicolson,1.0,0.8571428571428571,-0.046341769281246226
6.0,crank_nicolson,1.0,0.9285714285714285,-0.046341769281246226
6.0,crank_nicolson,1.0,1.0,-0.046341769281246226
7.0,crank_nicolson,0.0,0.0,0.02419622715660341
7.0,crank_nicolson,0.0,0.07142857142857142,0.02419622715660341
7.0,crank_nicolson,0.0,0.14285714285714285,0.02419622715660341
7.0,crank_nicolson,0.0,0.21428571428571427,0.02419622715660341
7.0,crank_nicolson,0.0,0.2857142857142857,0.02419622715660341
7.0,crank_nicolson,0.0,0.3571428571428571,0.02419622715660341
7.0,crank_nicolson,0.0,0.42857142857142855,0.02419622715660341
7.0,crank_nicolson,0.0,0.5,0.02419622715660341
7.0,crank_nicolson,0.0,0.5714285714285714,0.02419622715660341
7.0,crank_nicolson,0.0,0.6428571428571428,0.02419622715660341
7.0,crank_nicolson,0.0,0.7142857142857142,0.02419622715660341
7.0,crank_nicolson,0.0,0.7857142857142857,0.02419622715660341
7.0,crank_nicolson,0.0,0.8571428571428571,0.02419622715660341
7.0,crank_nicolson,0.0,0.9285714285714285,0.02419622715660341
7.0,crank_nicolson,0.0,1.0,0.02419622715660341
7.0,crank_nicolson,0.07142857142857142,0.0,0.02419622715660341
7.0,crank_nicolson,0.07142857142857142,0.07142857142857142,0.024034126075932086
7.0,crank_nicolson,0.07142857142857142,0.14285714285714285,0.0430673062385359
7.0,crank_nicolson,0.07142857142857142,0.21428571428571427,0.06327671450954253
7.0,crank_nicolson,0.07142857142857142,0.2857142857142857,0.0836706977894874
7.0,crank_nicolson,0.07142857142857142,0.3571428571428571,0.10404992336774282
7.0,crank_nicolson,0.07142857142857142,0.42857142857142855,0.12397219559974383
7.0,crank_nicolson,0.07142857142857142,0.5,0.13872314863992957
7.0,crank_nicolson,0.07142857142857142,0.5714285714285714,0.12397219559974375
7.0,crank_nicolson,0.07142857142857142,0.6428571428571428,0.10404992336774266
7.0,crank_nicolson,0.07142857142857142,0.7142857142857142,0.08367069778948741
7.0,crank_nicolson,0.07142857142857142,0.7857142857142857,0.06327671450954252
7.0,crank_nicolson,0.07142857142857142,0.8571428571428571,0.0430673062385359
7.0,crank_nicolson,0.07142857142857142,0.9285714285714285,0.024034126075932107
7.0,crank_nicolson,0.07142857142857142,1.0,0.02419622715660341
7.0,crank_nicolson,0.14285714285714285,0.0,0.02419622715660341
7.0,crank_nicolson,0.14285714285714285,0.07142857142857142,0.043067306238535864
7.0,crank_nicolson,0.14285714285714285,0.14285714285714285,0.08213688945544927
7.0,crank_nicolson,0.14285714285714285,0.21428571428571427,0.12271849421738927
7.0,crank_nicolson,0.14285714285714285,0.2857142857142857,0.16351726455220722
7.0,crank_nicolson,0.14285714285714285,0.3571428571428571,0.20427619642297182
7.0,crank_nicolson,0.14285714285714285,0.42857142857142855,0.24412075646433845
7.0,crank_nicolson,0.14285714285714285,0.5,0.27362266207793834
7.0,crank_nicolson,0.14285714285714285,0.5714285714285714,0.24412075646433795
7.0,crank_nicolson,0.14285714285714285,0.6428571428571428,0.20427619642297176
7.0,crank_nicolson,0.14285714285714285,0.7142857142857142,0.16351726455220733
7.0,crank_nicolson,0.14285714285714285,0.7857142857142857,0.1227184942173893
7.0,crank_nicolson,0.14285714285714285,0.8571428571428571,0.08213688945544927
7.0,crank_nicolson,0.14285714285714285,0.9285714285714285,0.043067306238535906
7.0,crank_nicolson,0.14285714285714285,1.0,0.02419622715660341
7.0,crank_nicolson,0.21428571428571427,0.0,0.02419622715660341
7.0,crank_nicolson,0.21428571428571427,0.07142857142857142,0.06327671450954252
7.0,crank_nicolson,0.21428571428571427,0.14285714285714285,0.12271849421738913
7.0,crank_nicolson,0.21428571428571427,0.21428571428571427,0.1837050446124076
7.0,crank_nicolson,0.21428571428571427,0.2857142857142857,0.24491049581199348
7.0,crank_nicolson,0.21428571428571427,0.3571428571428571,0.3060491748321904
7.0,crank_nicolson,0.21428571428571427,0.42857142857142855,0.3658159830573377
7.0,crank_nicolson,0.21428571428571427,0.5,0.4100688099493694
7.0,crank_nicolson,0.21428571428571427,0.5714285714285714,0.3658159830573375
7.0,crank_nicolson,0.21428571428571427,0.6428571428571428,0.30604917483219046
7.0,crank_nicolson,0.21428571428571427,0.7142857142857142,0.24491049581199353
7.0,crank_nicolson,0.21428571428571427,0.7857142857142857,0.18370504461240755
7.0,crank_nicolson,0.21428571428571427,0.8571428571428571,0.12271849421738917
7.0,crank_nicolson,0.21428571428571427,0.9285714285714285,0.06327671450954259
7.0,crank_nicolson,0.21428571428571427,1.0,0.02419622715660341
7.0,crank_nicolson,0.2857142857142857,0.0,0.02419622715660341
7.0,crank_nicolson,0.2857142857142857,0.07142857142857142,0.08367069778948714
7.0,crank_nicolson,0.2857142857142857,0.14285714285714285,0.1635172645522072
7.0,crank_nicolson,0.2857142857142857,0.21428571428571427,0.2449104958119938
7.0,crank_nicolson,0.2857142857142857,0.2857142857142857,0.3265215865315865
7.0,crank_nicolson,0.2857142857142857,0.3571428571428571,0.4080388103036855
7.0,crank_nicolson,0.2857142857142857,0.42857142857142855,0.4877266850342792
7.0,crank_nicolson,0.2857142857142857,0.5,0.5467295602997151
7.0,crank_nicolson,0.2857142857142857,0.5714285714285714,0.4877266850342792
7.0,crank_nicolson,0.2857142857142857,0.6428571428571428,0.4080388103036855
7.0,crank_nicolson,0.2857142857142857,0.7142857142857142,0.32652158653158647
7.0,crank_nicolson,0.2857142857142857,0.7857142857142857,0.24491049581199387
7.0,crank_nicolson,0.2857142857142857,0.8571428571428571,0.16351726455220722
7.0,crank_nicolson,0.2857142857142857,0.9285714285714285,0.08367069778948723
7.0,crank_nicolson,0.2857142857142857,1.0,0.02419622715660341
7.0,crank_nicolson,0.3571428571428571,0.0,0.02419622715660341
7.0,crank_nicolson,0.3571428571428571,0.07142857142857142,0.10404992336774267
7.0,crank_nicolson,0.3571428571428571,0.14285714285714285,0.2042761964229719
7.0,crank_nicolson,0.3571428571428571,0.21428571428571427,0.3060491748321907
7.0,crank_nicolson,0.3571428571428571,0.2857142857142857,0.4080388103036861
7.0,crank_nicolson,0.3571428571428571,0.3571428571428571,0.5099075116481485
7.0,crank_nicolson,0.3571428571428571,0.42857142857142855,0.6094900009539311
7.0,crank_nicolson,0.3571428571428571,0.5,0.6832233555559211
7.0,crank_nicolson,0.3571428571428571,0.5714285714285714,0.6094900009539308
7.0,crank_nicolson,0.3571428571428571,0.6428571428571428,0.5099075116481461
7.0,crank_nicolson,0.3571428571428571,0.7142857142857142,0.40803881030368633
7.0,crank_nicolson,0.3571428571428571,0.7857142857142857,0.30604917483219074
7.0,crank_nicolson,0.3571428571428571,0.8571428571428571,0.20427619642297207
7.0,crank_nicolson,0.3571428571428571,0.9285714285714285,0.10404992336774282
7.0,crank_nicolson,0.3571428571428571,1.0,0.02419622715660341
7.0,crank_nicolson,0.42857142857142855,0.0,0.02419622715660341
7.0,crank_nicolson,0.42857142857142855,0.07142857142857142,0.12397219559974375
7.0,crank_nicolson,0.42857142857142855,0.14285714285714285,0.2441207564643382
7.0,crank_nicolson,0.42857142857142855,0.21428571428571427,0.3658159830573387
7.0,crank_nicolson,0.42857142857142855,0.2857142857142857,0.48772668503427974
7.0,crank_nicolson,0.42857142857142855,0.3571428571428571,0.6094900009539315
7.0,crank_nicolson,0.42857142857142855,0.42857142857142855,0.7285205383439006
7.0,crank_nicolson,0.42857142857142855,0.5,0.8166536820138686
7.0,crank_nicolson,0.42857142857142855,0.5714285714285714,0.7285205383439017
7.0,crank_nicolson,0.42857142857142855,0.6428571428571428,0.6094900009539325
7.0,crank_nicolson,0.42857142857142855,0.7142857142857142,0.48772668503428046
7.0,crank_nicolson,0.42857142857142855,0.7857142857142857,0.36581598305733876
7.0,crank_nicolson,0.42857142857142855,0.8571428571428571,0.2441207564643383
7.0,crank_nicolson,0.42857142857142855,0.9285714285714285,0.1239721955997436
7.0,crank_nicolson,0.42857142857142855,1.0,0.02419622715660341
7.0,crank_nicolson,0.5,0.0,0.02419622715660341
7.0,crank_nicolson,0.5,0.07142857142857142,0.13872314863992957
7.0,crank_nicolson,0.5,0.14285714285714285,0.27362266207793845
7.0,crank_nicolson,0.5,0.21428571428571427,0.41006880994937
7.0,crank_nicolson,0.5,0.2857142857142857,0.5467295602997144
7.0,crank_nicolson,0.5,0.3571428571428571,0.6832233555559211
7.0,crank_nicolson,0.5,0.42857142857142855,0.8166536820138709
7.0,crank_nicolson,0.5,0.5,0.9154474066677197
7.0,crank_nicolson,0.5,0.5714285714285714,0.816653682013869
7.0,crank_nicolson,0.5,0.6428571428571428,0.68322335555592
7.0,crank_nicolson,0.5,0.7142857142857142,0.5467295602997146
7.0,crank_nicolson,0.5,0.7857142857142857,0.4100688099493703
7.0,crank_nicolson,0.5,0.8571428571428571,0.27362266207793845
7.0,crank_nicolson,0.5,0.9285714285714285,0.13872314863992966
7.0,crank_nicolson,0.5,1.0,0.02419622715660341
7.0,crank_nicolson,0.5714285714285714,0.0,0.02419622715660341
7.0,crank_nicolson,0.5714285714285714,0.07142857142857142,0.12397219559974378
7.0,crank_nicolson,0.5714285714285714,0.14285714285714285,0.24412075646433837
7.0,crank_nicolson,0.5714285714285714,0.21428571428571427,0.36581598305733687
7.0,crank_nicolson,0.5714285714285714,0.2857142857142857,0.48772668503427874
7.0,crank_nicolson,0.5714285714285714,0.3571428571428571,0.6094900009539309
7.0,crank_nicolson,0.5714285714285714,0.42857142857142855,0.7285205383439015
7.0,crank_nicolson,0.5714285714285714,0.5,0.8166536820138697
7.0,crank_nicolson,0.5714285714285714,0.5714285714285714,0.7285205383439017
7.0,crank_nicolson,0.5714285714285714,0.6428571428571428,0.6094900009539318
7.0,crank_nicolson,0.5714285714285714,0.7142857142857142,0.48772668503427896
7.0,crank_nicolson,0.5714285714285714,0.7857142857142857,0.3658159830573386
7.0,crank_nicolson,0.5714285714285714,0.8571428571428571,0.244120756464339
7.0,crank_nicolson,0.5714285714285714,0.9285714285714285,0.12397219559974389
7.0,crank_nicolson,0.5714285714285714,1.0,0.02419622715660341
7.0,crank_nicolson,0.6428571428571428,0.0,0.02419622715660341
7.0,crank_nicolson,0.6428571428571428,0.07142857142857142,0.10404992336774255
7.0,crank_nicolson,0.6428571428571428,0.14285714285714285,0.20427619642297176
7.0,crank_nicolson,0.6428571428571428,0.21428571428571427,0.30604917483219035
7.0,crank_nicolson,0.6428571428571428,0.2857142857142857,0.40803881030368533
7.0,crank_nicolson,0.6428571428571428,0.3571428571428571,0.5099075116481459
7.0,crank_nicolson,0.6428571428571428,0.42857142857142855,0.6094900009539321
7.0,crank_nicolson,0.6428571428571428,0.5,0.6832233555559206
7.0,crank_nicolson,0.6428571428571428,0.5714285714285714,0.6094900009539322
7.0,crank_nicolson,0.6428571428571428,0.6428571428571428,0.5099075116481471
7.0,crank_nicolson,0.6428571428571428,0.7142857142857142,0.408038810303686
7.0,crank_nicolson,0.6428571428571428,0.7857142857142857,0.3060491748321907
7.0,crank_nicolson,0.6428571428571428,0.8571428571428571,0.20427619642297234
7.0,crank_nicolson,0.6428571428571428,0.9285714285714285,0.10404992336774273
7.0,crank_nicolson,0.6428571428571428,1.0,0.02419622715660341
7.0,crank_nicolson,0.7142857142857142,0.0,0.02419622715660341
7.0,crank_nicolson,0.7142857142857142,0.07142857142857142,0.08367069778948741
7.0,crank_nicolson,0.7142857142857142,0.14285714285714285,0.1635172645522073
7.0,crank_nicolson,0.7142857142857142,0.21428571428571427,0.24491049581199348
7.0,crank_nicolson,0.7142857142857142,0.2857142857142857,0.32652158653158636
7.0,crank_nicolson,0.7142857142857142,0.3571428571428571,0.40803881030368533
7.0,crank_nicolson,0.7142857142857142,0.42857142857142855,0.48772668503427935
7.0,crank_nicolson,0.7142857142857142,0.5,0.5467295602997161
7.0,crank_nicolson,0.7142857142857142,0.5714285714285714,0.4877266850342802
7.0,crank_nicolson,0.7142857142857142,0.6428571428571428,0.40803881030368633
7.0,crank_nicolson,0.7142857142857142,0.7142857142857142,0.32652158653158647
7.0,crank_nicolson,0.7142857142857142,0.7857142857142857,0.24491049581199367
7.0,crank_nicolson,0.7142857142857142,0.8571428571428571,0.16351726455220741
7.0,crank_nicolson,0.7142857142857142,0.9285714285714285,0.08367069778948746
7.0,crank_nicolson,0.7142857142857142,1.0,0.02419622715660341
7.0,crank_nicolson,0.7857142857142857,0.0,0.02419622715660341
7.0,crank_nicolson,0.7857142857142857,0.07142857142857142,0.06327671450954252
7.0,crank_nicolson,0.7857142857142857,0.14285714285714285,0.1227184942173893
7.0,crank_nicolson,0.7857142857142857,0.21428571428571427,0.18370504461240755
7.0,crank_nicolson,0.7857142857142857,0.2857142857142857,0.24491049581199384
7.0,crank_nicolson,0.7857142857142857,0.3571428571428571,0.3060491748321906
7.0,crank_nicolson,0.7857142857142857,0.42857142857142855,0.36581598305733787
7.0,crank_nicolson,0.7857142857142857,0.5,0.41006880994937084
7.0,crank_nicolson,0.7857142857142857,0.5714285714285714,0.3658159830573383
7.0,crank_nicolson,0.7857142857142857,0.6428571428571428,0.3060491748321908
7.0,crank_nicolson,0.7857142857142857,0.7142857142857142,0.2449104958119939
7.0,crank_nicolson,0.7857142857142857,0.7857142857142857,0.1837050446124076
7.0,crank_nicolson,0.7857142857142857,0.8571428571428571,0.12271849421738937
7.0,crank_nicolson,0.7857142857142857,0.9285714285714285,0.06327671450954259
7.0,crank_nicolson,0.7857142857142857,1.0,0.02419622715660341
7.0,crank_nicolson,0.8571428571428571,0.0,0.02419622715660341
7.0,crank_nicolson,0.8571428571428571,0.07142857142857142,0.0430673062385359
7.0,crank_nicolson,0.8571428571428571,0.14285714285714285,0.08213688945544927
7.0,crank_nicolson,0.8571428571428571,0.21428571428571427,0.12271849421738917
7.0,crank_nicolson,0.8571428571428571,0.2857142857142857,0.16351726455220722
7.0,crank_nicolson,0.8571428571428571,0.3571428571428571,0.20427619642297207
7.0,crank_nicolson,0.8571428571428571,0.42857142857142855,0.2441207564643381
7.0,crank_nicolson,0.8571428571428571,0.5,0.2736226620779385
7.0,crank_nicolson,0.8571428571428571,0.5714285714285714,0.24412075646433906
7.0,crank_nicolson,0.8571428571428571,0.6428571428571428,0.2042761964229725
7.0,crank_nicolson,0.8571428571428571,0.7142857142857142,0.16351726455220733
7.0,crank_nicolson,0.8571428571428571,0.7857142857142857,0.12271849421738924
7.0,crank_nicolson,0.8571428571428571,0.8571428571428571,0.08213688945544934
7.0,crank_nicolson,0.8571428571428571,0.9285714285714285,0.04306730623853594
7.0,crank_nicolson,0.8571428571428571,1.0,0.02419622715660341
7.0,crank_nicolson,0.9285714285714285,0.0,0.02419622715660341
7.0,crank_nicolson,0.9285714285714285,0.07142857142857142,0.024034126075932107
7.0,crank_nicolson,0.9285714285714285,0.14285714285714285,0.043067306238535906
7.0,crank_nicolson,0.9285714285714285,0.21428571428571427,0.06327671450954259
7.0,crank_nicolson,0.9285714285714285,0.2857142857142857,0.08367069778948723
7.0,crank_nicolson,0.9285714285714285,0.3571428571428571,0.10404992336774274
7.0,crank_nicolson,0.9285714285714285,0.42857142857142855,0.12397219559974351
7.0,crank_nicolson,0.9285714285714285,0.5,0.13872314863992966
7.0,crank_nicolson,0.9285714285714285,0.5714285714285714,0.12397219559974387
7.0,crank_nicolson,0.9285714285714285,0.6428571428571428,0.10404992336774276
7.0,crank_nicolson,0.9285714285714285,0.7142857142857142,0.08367069778948723
7.0,crank_nicolson,0.9285714285714285,0.7857142857142857,0.06327671450954257
7.0,crank_nicolson,0.9285714285714285,0.8571428571428571,0.04306730623853591
7.0,crank_nicolson,0.9285714285714285,0.9285714285714285,0.02403412607593213
7.0,crank_nicolson,0.9285714285714285,1.0,0.02419622715660341
7.0,crank_nicolson,1.0,0.0,0.02419622715660341
7.0,crank_nicolson,1.0,0.07142857142857142,0.02419622715660341
7.0,crank_nicolson,1.0,0.14285714285714285,0.02419622715660341
7.0,crank_nicolson,1.0,0.21428571428571427,0.02419622715660341
7.0,crank_nicolson,1.0,0.2857142857142857,0.02419622715660341
7.0,crank_nicolson,1.0,0.3571428571428571,0.02419622715660341
7.0,crank_nicolson,1.0,0.42857142857142855,0.02419622715660341
7.0,crank_nicolson,1.0,0.5,0.02419622715660341
7.0,crank_nicolson,1.0,0.5714285714285714,0.02419622715660341
7.0,crank_nicolson,1.0,0.6428571428571428,0.02419622715660341
7.0,crank_nicolson,1.0,0.7142857142857142,0.02419622715660341
7.0,crank_nicolson,1.0,0.7857142857142857,0.02419622715660341
7.0,crank_nicolson,1.0,0.8571428571428571,0.02419622715660341
7.0,crank_nicolson,1.0,0.9285714285714285,0.02419622715660341
7.0,crank_nicolson,1.0,1.0,0.02419622715660341
8.0,crank_nicolson,0.0,0.0,-0.1913280244657798
8.0,crank_nicolson,0.0,0.07142857142857142,-0.1913280244657798
8.0,crank_nicolson,0.0,0.14285714285714285,-0.1913280244657798
8.0,crank_nicolson,0.0,0.21428571428571427,-0.1913280244657798
8.0,crank_nicolson,0.0,0.2857142857142857,-0.1913280244657798
8.0,crank_nicolson,0.0,0.3571428571428571,-0.1913280244657798
8.0,crank_nicolson,0.0,0.42857142857142855,-0.1913280244657798
8.0,crank_nicolson,0.0,0.5,-0.1913280244657798
8.0,crank_nicolson,0.0,0.5714285714285714,-0.1913280244657798
8.0,crank_nicolson,0.0,0.6428571428571428,-0.1913280244657798
8.0,crank_nicolson,0.0,0.7142857142857142,-0.1913280244657798
8.0,crank_nicolson,0.0,0.7857142857142857,-0.1913280244657798
8.0,crank_nicolson,0.0,0.8571428571428571,-0.1913280244657798
8.0,crank_nicolson,0.0,0.9285714285714285,-0.1913280244657798
8.0,crank_nicolson,0.0,1.0,-0.1913280244657798
8.0,crank_nicolson,0.07142857142857142,0.0,-0.1913280244657798
8.0,crank_nicolson,0.07142857142857142,0.07142857142857142,0.02133288300040552
8.0,crank_nicolson,0.07142857142857142,0.14285714285714285,0.04172786894954106
8.0,crank_nicolson,0.07142857142857142,0.21428571428571427,0.06193523560465613
8.0,crank_nicolson,0.07142857142857142,0.2857142857142857,0.08232662579278806
8.0,crank_nicolson,0.07142857142857142,0.3571428571428571,0.10269942255211026
8.0,crank_nicolson,0.07142857142857142,0.42857142857142855,0.12255576024820368
8.0,crank_nicolson,0.07142857142857142,0.5,0.1369798093642205
8.0,crank_nicolson,0.07142857142857142,0.5714285714285714,0.12255576024820355
8.0,crank_nicolson,0.07142857142857142,0.6428571428571428,0.10269942255211009
8.0,crank_nicolson,0.07142857142857142,0.7142857142857142,0.08232662579278807
8.0,crank_nicolson,0.07142857142857142,0.7857142857142857,0.061935235604656115
8.0,crank_nicolson,0.07142857142857142,0.8571428571428571,0.04172786894954106
8.0,crank_nicolson,0.07142857142857142,0.9285714285714285,0.021332883000405537
8.0,crank_nicolson,0.07142857142857142,1.0,-0.1913280244657798
8.0,crank_nicolson,0.14285714285714285,0.0,-0.1913280244657798
8.0,crank_nicolson,0.14285714285714285,0.07142857142857142,0.041727868949541023
8.0,crank_nicolson,0.14285714285714285,0.14285714285714285,0.08215953982180345
8.0,crank_nicolson,0.14285714285714285,0.21428571428571427,0.12273330419604206
8.0,crank_nicolson,0.14285714285714285,0.2857142857142857,0.16352849291486302
8.0,crank_nicolson,0.14285714285714285,0.3571428571428571,0.2042746970967666
8.0,crank_nicolson,0.14285714285714285,0.42857142857142855,0.2439873938689231
8.0,crank_nicolson,0.14285714285714285,0.5,0.27283549141768115
8.0,crank_nicolson,0.14285714285714285,0.5714285714285714,0.24398739386892263
8.0,crank_nicolson,0.14285714285714285,0.6428571428571428,0.20427469709676657
8.0,crank_nicolson,0.14285714285714285,0.7142857142857142,0.16352849291486315
8.0,crank_nicolson,0.14285714285714285,0.7857142857142857,0.12273330419604209
8.0,crank_nicolson,0.14285714285714285,0.8571428571428571,0.08215953982180345
8.0,crank_nicolson,0.14285714285714285,0.9285714285714285,0.041727868949541065
8.0,crank_nicolson,0.14285714285714285,1.0,-0.1913280244657798
8.0,crank_nicolson,0.21428571428571427,0.0,-0.1913280244657798
8.0,crank_nicolson,0.21428571428571427,0.07142857142857142,0.06193523560465611
8.0,crank_nicolson,0.21428571428571427,0.14285714285714285,0.12273330419604192
8.0,crank_nicolson,0.21428571428571427,0.21428571428571427,0.1837111037771955
8.0,crank_nicolson,0.21428571428571427,0.2857142857142857,0.24491249233479495
8.0,crank_nicolson,0.21428571428571427,0.3571428571428571,0.3060321593965028
8.0,crank_nicolson,0.21428571428571427,0.42857142857142855,0.36560115997955217
8.0,crank_nicolson,0.21428571428571427,0.5,0.4088732629266378
8.0,crank_nicolson,0.21428571428571427,0.5714285714285714,0.3656011599795519
8.0,crank_nicolson,0.21428571428571427,0.6428571428571428,0.30603215939650286
8.0,crank_nicolson,0.21428571428571427,0.7142857142857142,0.24491249233479498
8.0,crank_nicolson,0.21428571428571427,0.7857142857142857,0.18371110377719546
8.0,crank_nicolson,0.21428571428571427,0.8571428571428571,0.12273330419604198
8.0,crank_nicolson,0.21428571428571427,0.9285714285714285,0.06193523560465618
8.0,crank_nicolson,0.21428571428571427,1.0,-0.1913280244657798
8.0,crank_nicolson,0.2857142857142857,0.0,-0.1913280244657798
8.0,crank_nicolson,0.2857142857142857,0.07142857142857142,0.08232662579278778
8.0,crank_nicolson,0.2857142857142857,0.14285714285714285,0.16352849291486296
8.0,crank_nicolson,0.2857142857142857,0.21428571428571427,0.2449124923347953
8.0,crank_nicolson,0.2857142857142857,0.2857142857142857,0.3265187308260326
8.0,crank_nicolson,0.2857142857142857,0.3571428571428571,0.40801028928354377
8.0,crank_nicolson,0.2857142857142857,0.42857142857142855,0.4874340525898134
8.0,crank_nicolson,0.2857142857142857,0.5,0.5451290436154856
8.0,crank_nicolson,0.2857142857142857,0.5714285714285714,0.48743405258981337
8.0,crank_nicolson,0.2857142857142857,0.6428571428571428,0.40801028928354377
8.0,crank_nicolson,0.2857142857142857,0.7142857142857142,0.32651873082603255
8.0,crank_nicolson,0.2857142857142857,0.7857142857142857,0.24491249233479537
8.0,crank_nicolson,0.2857142857142857,0.8571428571428571,0.163528492914863
8.0,crank_nicolson,0.2857142857142857,0.9285714285714285,0.08232662579278786
8.0,crank_nicolson,0.2857142857142857,1.0,-0.1913280244657798
8.0,crank_nicolson,0.3571428571428571,0.0,-0.1913280244657798
8.0,crank_nicolson,0.3571428571428571,0.07142857142857142,0.10269942255211016
8.0,crank_nicolson,0.3571428571428571,0.14285714285714285,0.20427469709676668
8.0,crank_nicolson,0.3571428571428571,0.21428571428571427,0.3060321593965031
8.0,crank_nicolson,0.3571428571428571,0.2857142857142857,0.4080102892835445
8.0,crank_nicolson,0.3571428571428571,0.3571428571428571,0.5098408210651281
8.0,crank_nicolson,0.3571428571428571,0.42857142857142855,0.6090872729376806
8.0,crank_nicolson,0.3571428571428571,0.5,0.6811818687266123
8.0,crank_nicolson,0.3571428571428571,0.5714285714285714,0.6090872729376801
8.0,crank_nicolson,0.3571428571428571,0.6428571428571428,0.5098408210651257
8.0,crank_nicolson,0.3571428571428571,0.7142857142857142,0.40801028928354477
8.0,crank_nicolson,0.3571428571428571,0.7857142857142857,0.3060321593965032
8.0,crank_nicolson,0.3571428571428571,0.8571428571428571,0.20427469709676688
8.0,crank_nicolson,0.3571428571428571,0.9285714285714285,0.10269942255211029
8.0,crank_nicolson,0.3571428571428571,1.0,-0.1913280244657798
8.0,crank_nicolson,0.42857142857142855,0.0,-0.1913280244657798
8.0,crank_nicolson,0.42857142857142855,0.07142857142857142,0.1225557602482036
8.0,crank_nicolson,0.42857142857142855,0.14285714285714285,0.24398739386892285
8.0,crank_nicolson,0.42857142857142855,0.21428571428571427,0.36560115997955317
8.0,crank_nicolson,0.42857142857142855,0.2857142857142857,0.4874340525898141
8.0,crank_nicolson,0.42857142857142855,0.3571428571428571,0.6090872729376811
8.0,crank_nicolson,0.42857142857142855,0.42857142857142855,0.727653273916381
8.0,crank_nicolson,0.42857142857142855,0.5,0.8137819252887284
8.0,crank_nicolson,0.42857142857142855,0.5714285714285714,0.7276532739163822
8.0,crank_nicolson,0.42857142857142855,0.6428571428571428,0.609087272937682
8.0,crank_nicolson,0.42857142857142855,0.7142857142857142,0.4874340525898149
8.0,crank_nicolson,0.42857142857142855,0.7857142857142857,0.3656011599795532
8.0,crank_nicolson,0.42857142857142855,0.8571428571428571,0.24398739386892299
8.0,crank_nicolson,0.42857142857142855,0.9285714285714285,0.12255576024820343
8.0,crank_nicolson,0.42857142857142855,1.0,-0.1913280244657798
8.0,crank_nicolson,0.5,0.0,-0.1913280244657798
8.0,crank_nicolson,0.5,0.07142857142857142,0.1369798093642205
8.0,crank_nicolson,0.5,0.14285714285714285,0.27283549141768126
8.0,crank_nicolson,0.5,0.21428571428571427,0.4088732629266383
8.0,crank_nicolson,0.5,0.2857142857142857,0.5451290436154845
8.0,crank_nicolson,0.5,0.3571428571428571,0.6811818687266123
8.0,crank_nicolson,0.5,0.42857142857142855,0.8137819252887306
8.0,crank_nicolson,0.5,0.5,0.9101038356477014
8.0,crank_nicolson,0.5,0.5714285714285714,0.8137819252887287
8.0,crank_nicolson,0.5,0.6428571428571428,0.681181868726611
8.0,crank_nicolson,0.5,0.7142857142857142,0.545129043615485
8.0,crank_nicolson,0.5,0.7857142857142857,0.4088732629266386
8.0,crank_nicolson,0.5,0.8571428571428571,0.2728354914176812
8.0,crank_nicolson,0.5,0.9285714285714285,0.1369798093642206
8.0,crank_nicolson,0.5,1.0,-0.1913280244657798
8.0,crank_nicolson,0.5714285714285714,0.0,-0.1913280244657798
8.0,crank_nicolson,0.5714285714285714,0.07142857142857142,0.12255576024820361
8.0,crank_nicolson,0.5714285714285714,0.14285714285714285,0.2439873938689231
8.0,crank_nicolson,0.5714285714285714,0.21428571428571427,0.36560115997955134
8.0,crank_nicolson,0.5714285714285714,0.2857142857142857,0.48743405258981276
8.0,crank_nicolson,0.5714285714285714,0.3571428571428571,0.6090872729376802
8.0,crank_nicolson,0.5714285714285714,0.42857142857142855,0.7276532739163819
8.0,crank_nicolson,0.5714285714285714,0.5,0.8137819252887297
8.0,crank_nicolson,0.5714285714285714,0.5714285714285714,0.7276532739163822
8.0,crank_nicolson,0.5714285714285714,0.6428571428571428,0.6090872729376814
8.0,crank_nicolson,0.5714285714285714,0.7142857142857142,0.4874340525898132
8.0,crank_nicolson,0.5714285714285714,0.7857142857142857,0.365601159979553
8.0,crank_nicolson,0.5714285714285714,0.8571428571428571,0.2439873938689237
8.0,crank_nicolson,0.5714285714285714,0.9285714285714285,0.12255576024820372
8.0,crank_nicolson,0.5714285714285714,1.0,-0.1913280244657798
8.0,crank_nicolson,0.6428571428571428,0.0,-0.1913280244657798
8.0,crank_nicolson,0.6428571428571428,0.07142857142857142,0.10269942255211
8.0,crank_nicolson,0.6428571428571428,0.14285714285714285,0.2042746970967666
8.0,crank_nicolson,0.6428571428571428,0.21428571428571427,0.30603215939650275
8.0,crank_nicolson,0.6428571428571428,0.2857142857142857,0.4080102892835436
8.0,crank_nicolson,0.6428571428571428,0.3571428571428571,0.5098408210651254
8.0,crank_nicolson,0.6428571428571428,0.42857142857142855,0.6090872729376815
8.0,crank_nicolson,0.6428571428571428,0.5,0.6811818687266116
8.0,crank_nicolson,0.6428571428571428,0.5714285714285714,0.6090872729376816
8.0,crank_nicolson,0.6428571428571428,0.6428571428571428,0.5098408210651265
8.0,crank_nicolson,0.6428571428571428,0.7142857142857142,0.40801028928354427
8.0,crank_nicolson,0.6428571428571428,0.7857142857142857,0.3060321593965032
8.0,crank_nicolson,0.6428571428571428,0.8571428571428571,0.20427469709676713
8.0,crank_nicolson,0.6428571428571428,0.9285714285714285,0.10269942255211018
8.0,crank_nicolson,0.6428571428571428,1.0,-0.1913280244657798
8.0,crank_nicolson,0.7142857142857142,0.0,-0.1913280244657798
8.0,crank_nicolson,0.7142857142857142,0.07142857142857142,0.08232662579278807
8.0,crank_nicolson,0.7142857142857142,0.14285714285714285,0.1635284929148631
8.0,crank_nicolson,0.7142857142857142,0.21428571428571427,0.24491249233479492
8.0,crank_nicolson,0.7142857142857142,0.2857142857142857,0.32651873082603244
8.0,crank_nicolson,0.7142857142857142,0.3571428571428571,0.40801028928354366
8.0,crank_nicolson,0.7142857142857142,0.42857142857142855,0.4874340525898134
8.0,crank_nicolson,0.7142857142857142,0.5,0.5451290436154865
8.0,crank_nicolson,0.7142857142857142,0.5714285714285714,0.48743405258981437
8.0,crank_nicolson,0.7142857142857142,0.6428571428571428,0.40801028928354455
8.0,crank_nicolson,0.7142857142857142,0.7142857142857142,0.32651873082603255
8.0,crank_nicolson,0.7142857142857142,0.7857142857142857,0.24491249233479512
8.0,crank_nicolson,0.7142857142857142,0.8571428571428571,0.16352849291486324
8.0,crank_nicolson,0.7142857142857142,0.9285714285714285,0.08232662579278811
8.0,crank_nicolson,0.7142857142857142,1.0,-0.1913280244657798
8.0,crank_nicolson,0.7857142857142857,0.0,-0.1913280244657798
8.0,crank_nicolson,0.7857142857142857,0.07142857142857142,0.06193523560465613
8.0,crank_nicolson,0.7857142857142857,0.14285714285714285,0.12273330419604209
8.0,crank_nicolson,0.7857142857142857,0.21428571428571427,0.18371110377719546
8.0,crank_nicolson,0.7857142857142857,0.2857142857142857,0.24491249233479534
8.0,crank_nicolson,0.7857142857142857,0.3571428571428571,0.306032159396503
8.0,crank_nicolson,0.7857142857142857,0.42857142857142855,0.3656011599795523
8.0,crank_nicolson,0.7857142857142857,0.5,0.40887326292663917
8.0,crank_nicolson,0.7857142857142857,0.5714285714285714,0.3656011599795527
8.0,crank_nicolson,0.7857142857142857,0.6428571428571428,0.30603215939650324
8.0,crank_nicolson,0.7857142857142857,0.7142857142857142,0.24491249233479537
8.0,crank_nicolson,0.7857142857142857,0.7857142857142857,0.1837111037771955
8.0,crank_nicolson,0.7857142857142857,0.8571428571428571,0.12273330419604216
8.0,crank_nicolson,0.7857142857142857,0.9285714285714285,0.061935235604656184
8.0,crank_nicolson,0.7857142857142857,1.0,-0.1913280244657798
8.0,crank_nicolson,0.8571428571428571,0.0,-0.1913280244657798
8.0,crank_nicolson,0.8571428571428571,0.07142857142857142,0.04172786894954106
8.0,crank_nicolson,0.8571428571428571,0.14285714285714285,0.08215953982180345
8.0,crank_nicolson,0.8571428571428571,0.21428571428571427,0.12273330419604198
8.0,crank_nicolson,0.8571428571428571,0.2857142857142857,0.163528492914863
8.0,crank_nicolson,0.8571428571428571,0.3571428571428571,0.20427469709676688
8.0,crank_nicolson,0.8571428571428571,0.42857142857142855,0.24398739386892276
8.0,crank_nicolson,0.8571428571428571,0.5,0.27283549141768126
8.0,crank_nicolson,0.8571428571428571,0.5714285714285714,0.2439873938689238
8.0,crank_nicolson,0.8571428571428571,0.6428571428571428,0.20427469709676735
8.0,crank_nicolson,0.8571428571428571,0.7142857142857142,0.16352849291486307
8.0,crank_nicolson,0.8571428571428571,0.7857142857142857,0.12273330419604206
8.0,crank_nicolson,0.8571428571428571,0.8571428571428571,0.08215953982180353
8.0,crank_nicolson,0.8571428571428571,0.9285714285714285,0.0417278689495411
8.0,crank_nicolson,0.8571428571428571,1.0,-0.1913280244657798
8.0,crank_nicolson,0.9285714285714285,0.0,-0.1913280244657798
8.0,crank_nicolson,0.9285714285714285,0.07142857142857142,0.021332883000405537
8.0,crank_nicolson,0.9285714285714285,0.14285714285714285,0.041727868949541065
8.0,crank_nicolson,0.9285714285714285,0.21428571428571427,0.06193523560465618
8.0,crank_nicolson,0.9285714285714285,0.2857142857142857,0.08232662579278786
8.0,crank_nicolson,0.9285714285714285,0.3571428571428571,0.10269942255211019
8.0,crank_nicolson,0.9285714285714285,0.42857142857142855,0.12255576024820335
8.0,crank_nicolson,0.9285714285714285,0.5,0.1369798093642206
8.0,crank_nicolson,0.9285714285714285,0.5714285714285714,0.12255576024820368
8.0,crank_nicolson,0.9285714285714285,0.6428571428571428,0.10269942255211023
8.0,crank_nicolson,0.9285714285714285,0.7142857142857142,0.08232662579278786
8.0,crank_nicolson,0.9285714285714285,0.7857142857142857,0.06193523560465617
8.0,crank_nicolson,0.9285714285714285,0.8571428571428571,0.04172786894954107
8.0,crank_nicolson,0.9285714285714285,0.9285714285714285,0.021332883000405565
8.0,crank_nicolson,0.9285714285714285,1.0,-0.1913280244657798
8.0,crank_nicolson,1.0,0.0,-0.1913280244657798
8.0,crank_nicolson,1.0,0.07142857142857142,-0.1913280244657798
8.0,crank_nicolson,1.0,0.14285714285714285,-0.1913280244657798
8.0,crank_nicolson,1.0,0.21428571428571427,-0.1913280244657798
8.0,crank_nicolson,1.0,0.2857142857142857,-0.1913280244657798
8.0,crank_nicolson,1.0,0.3571428571428571,-0.1913280244657798
8.0,crank_nicolson,1.0,0.42857142857142855,-0.1913280244657798
8.0,crank_nicolson,1.0,0.5,-0.1913280244657798
8.0,crank_nicolson,1.0,0.5714285714285714,-0.1913280244657798
8.0,crank_nicolson,1.0,0.6428571428571428,-0.1913280244657798
8.0,crank_nicolson,1.0,0.7142857142857142,-0.1913280244657798
8.0,crank_nicolson,1.0,0.7857142857142857,-0.1913280244657798
8.0,crank_nicolson,1.0,0.8571428571428571,-0.1913280244657798
8.0,crank_nicolson,1.0,0.9285714285714285,-0.1913280244657798
8.0,crank_nicolson,1.0,1.0,-0.1913280244657798
9.0,crank_nicolson,0.0,0.0,-0.05622875292409727
9.0,crank_nicolson,0.0,0.07142857142857142,-0.05622875292409727
9.0,crank_nicolson,0.0,0.14285714285714285,-0.05622875292409727
9.0,crank_nicolson,0.0,0.21428571428571427,-0.05622875292409727
9.0,crank_nicolson,0.0,0.2857142857142857,-0.05622875292409727
9.0,crank_nicolson,0.0,0.3571428571428571,-0.05622875292409727
9.0,crank_nicolson,0.0,0.42857142857142855,-0.05622875292409727
9.0,crank_nicolson,0.0,0.5,-0.05622875292409727
9.0,crank_nicolson,0.0,0.5714285714285714,-0.05622875292409727
9.0,crank_nicolson,0.0,0.6428571428571428,-0.05622875292409727
9.0,crank_nicolson,0.0,0.7142857142857142,-0.05622875292409727
9.0,crank_nicolson,0.0,0.7857142857142857,-0.05622875292409727
9.0,crank_nicolson,0.0,0.8571428571428571,-0.05622875292409727
9.0,crank_nicolson,0.0,0.9285714285714285,-0.05622875292409727
9.0,crank_nicolson,0.0,1.0,-0.05622875292409727
9.0,crank_nicolson,0.07142857142857142,0.0,-0.05622875292409727
9.0,crank_nicolson,0.07142857142857142,0.07142857142857142,0.01830633992702155
9.0,crank_nicolson,0.07142857142857142,0.14285714285714285,0.04014989943623333
9.0,crank_nicolson,0.07142857142857142,0.21428571428571427,0.060395824330176796
9.0,crank_nicolson,0.07142857142857142,0.2857142857142857,0.0807824381060127
9.0,crank_nicolson,0.07142857142857142,0.3571428571428571,0.10114006373579466
9.0,crank_nicolson,0.07142857142857142,0.42857142857142855,0.12085682408591907
9.0,crank_nicolson,0.07142857142857142,0.5,0.13466330752966135
9.0,crank_nicolson,0.07142857142857142,0.5714285714285714,0.12085682408591888
9.0,crank_nicolson,0.07142857142857142,0.6428571428571428,0.10114006373579448
9.0,crank_nicolson,0.07142857142857142,0.7142857142857142,0.08078243810601272
9.0,crank_nicolson,0.07142857142857142,0.7857142857142857,0.06039582433017678
9.0,crank_nicolson,0.07142857142857142,0.8571428571428571,0.04014989943623333
9.0,crank_nicolson,0.07142857142857142,0.9285714285714285,0.01830633992702157
9.0,crank_nicolson,0.07142857142857142,1.0,-0.05622875292409727
9.0,crank_nicolson,0.14285714285714285,0.0,-0.05622875292409727
9.0,crank_nicolson,0.14285714285714285,0.07142857142857142,0.04014989943623329
9.0,crank_nicolson,0.14285714285714285,0.14285714285714285,0.0821146568167642
9.0,crank_nicolson,0.14285714285714285,0.21428571428571427,0.12271763409140898
9.0,crank_nicolson,0.14285714285714285,0.2857142857142857,0.16350562690411694
9.0,crank_nicolson,0.14285714285714285,0.3571428571428571,0.20422178352570203
9.0,crank_nicolson,0.14285714285714285,0.42857142857142855,0.24365534103447556
9.0,crank_nicolson,0.14285714285714285,0.5,0.2712683065591014
9.0,crank_nicolson,0.14285714285714285,0.5714285714285714,0.243655341034475
9.0,crank_nicolson,0.14285714285714285,0.6428571428571428,0.20422178352570203
9.0,crank_nicolson,0.14285714285714285,0.7142857142857142,0.16350562690411713
9.0,crank_nicolson,0.14285714285714285,0.7857142857142857,0.12271763409140901
9.0,crank_nicolson,0.14285714285714285,0.8571428571428571,0.08211465681676422
9.0,crank_nicolson,0.14285714285714285,0.9285714285714285,0.04014989943623333
9.0,crank_nicolson,0.14285714285714285,1.0,-0.05622875292409727
9.0,crank_nicolson,0.21428571428571427,0.0,-0.05622875292409727
9.0,crank_nicolson,0.21428571428571427,0.07142857142857142,0.06039582433017677
9.0,crank_nicolson,0.21428571428571427,0.14285714285714285,0.12271763409140884
9.0,crank_nicolson,0.21428571428571427,0.21428571428571427,0.1837225140177936
9.0,crank_nicolson,0.21428571428571427,0.2857142857142857,0.2449154290547875
9.0,crank_nicolson,0.21428571428571427,0.3571428571428571,0.3059902082684854
9.0,crank_nicolson,0.21428571428571427,0.42857142857142855,0.36514046278040935
9.0,crank_nicolson,0.21428571428571427,0.5,0.40655983456313016
9.0,crank_nicolson,0.21428571428571427,0.5714285714285714,0.3651404627804091
9.0,crank_nicolson,0.21428571428571427,0.6428571428571428,0.3059902082684854
9.0,crank_nicolson,0.21428571428571427,0.7142857142857142,0.24491542905478753
9.0,crank_nicolson,0.21428571428571427,0.7857142857142857,0.1837225140177936
9.0,crank_nicolson,0.21428571428571427,0.8571428571428571,0.12271763409140889
9.0,crank_nicolson,0.21428571428571427,0.9285714285714285,0.060395824330176824
9.0,crank_nicolson,0.21428571428571427,1.0,-0.05622875292409727
9.0,crank_nicolson,0.2857142857142857,0.0,-0.05622875292409727
9.0,crank_nicolson,0.2857142857142857,0.07142857142857142,0.08078243810601246
9.0,crank_nicolson,0.2857142857142857,0.14285714285714285,0.163505626904117
9.0,crank_nicolson,0.2857142857142857,0.21428571428571427,0.2449154290547879
9.0,crank_nicolson,0.2857142857142857,0.2857142857142857,0.3265111170143501
9.0,crank_nicolson,0.2857142857142857,0.3571428571428571,0.4079419857164235
9.0,crank_nicolson,0.2857142857142857,0.42857142857142855,0.4868064645000727
9.0,crank_nicolson,0.2857142857142857,0.5,0.5420305132148685
9.0,crank_nicolson,0.2857142857142857,0.5714285714285714,0.4868064645000726
9.0,crank_nicolson,0.2857142857142857,0.6428571428571428,0.40794198571642354
9.0,crank_nicolson,0.2857142857142857,0.7142857142857142,0.32651111701435
9.0,crank_nicolson,0.2857142857142857,0.7857142857142857,0.24491542905478791
9.0,crank_nicolson,0.2857142857142857,0.8571428571428571,0.16350562690411702
9.0,crank_nicolson,0.2857142857142857,0.9285714285714285,0.08078243810601254
9.0,crank_nicolson,0.2857142857142857,1.0,-0.05622875292409727
9.0,crank_nicolson,0.3571428571428571,0.0,-0.05622875292409727
9.0,crank_nicolson,0.3571428571428571,0.07142857142857142,0.10114006373579457
9.0,crank_nicolson,0.3571428571428571,0.14285714285714285,0.20422178352570206
9.0,crank_nicolson,0.3571428571428571,0.21428571428571427,0.3059902082684857
9.0,crank_nicolson,0.3571428571428571,0.2857142857142857,0.407941985716424
9.0,crank_nicolson,0.3571428571428571,0.3571428571428571,0.5096823408103754
9.0,crank_nicolson,0.3571428571428571,0.42857142857142855,0.6082159194081709
9.0,crank_nicolson,0.3571428571428571,0.5,0.677213060961146
9.0,crank_nicolson,0.3571428571428571,0.5714285714285714,0.6082159194081698
9.0,crank_nicolson,0.3571428571428571,0.6428571428571428,0.5096823408103734
9.0,crank_nicolson,0.3571428571428571,0.7142857142857142,0.40794198571642426
9.0,crank_nicolson,0.3571428571428571,0.7857142857142857,0.3059902082684859
9.0,crank_nicolson,0.3571428571428571,0.8571428571428571,0.2042217835257023
9.0,crank_nicolson,0.3571428571428571,0.9285714285714285,0.10114006373579466
9.0,crank_nicolson,0.3571428571428571,1.0,-0.05622875292409727
9.0,crank_nicolson,0.42857142857142855,0.0,-0.05622875292409727
9.0,crank_nicolson,0.42857142857142855,0.07142857142857142,0.12085682408591893
9.0,crank_nicolson,0.42857142857142855,0.14285714285714285,0.24365534103447517
9.0,crank_nicolson,0.42857142857142855,0.21428571428571427,0.36514046278041024
9.0,crank_nicolson,0.42857142857142855,0.2857142857142857,0.48680646450007325
9.0,crank_nicolson,0.42857142857142855,0.3571428571428571,0.6082159194081714
9.0,crank_nicolson,0.42857142857142855,0.42857142857142855,0.7257984402249834
9.0,crank_nicolson,0.42857142857142855,0.5,0.8081343253158486
9.0,crank_nicolson,0.42857142857142855,0.5714285714285714,0.7257984402249844
9.0,crank_nicolson,0.42857142857142855,0.6428571428571428,0.6082159194081717
9.0,crank_nicolson,0.42857142857142855,0.7142857142857142,0.4868064645000742
9.0,crank_nicolson,0.42857142857142855,0.7857142857142857,0.3651404627804104
9.0,crank_nicolson,0.42857142857142855,0.8571428571428571,0.24365534103447528
9.0,crank_nicolson,0.42857142857142855,0.9285714285714285,0.12085682408591877
9.0,crank_nicolson,0.42857142857142855,1.0,-0.05622875292409727
9.0,crank_nicolson,0.5,0.0,-0.05622875292409727
9.0,crank_nicolson,0.5,0.07142857142857142,0.13466330752966138
9.0,crank_nicolson,0.5,0.14285714285714285,0.27126830655910145
9.0,crank_nicolson,0.5,0.21428571428571427,0.40655983456313055
9.0,crank_nicolson,0.5,0.2857142857142857,0.5420305132148673
9.0,crank_nicolson,0.5,0.3571428571428571,0.677213060961146
9.0,crank_nicolson,0.5,0.42857142857142855,0.8081343253158509
9.0,crank_nicolson,0.5,0.5,0.8998092347594672
9.0,crank_nicolson,0.5,0.5714285714285714,0.8081343253158488
9.0,crank_nicolson,0.5,0.6428571428571428,0.6772130609611443
9.0,crank_nicolson,0.5,0.7142857142857142,0.5420305132148678
9.0,crank_nicolson,0.5,0.7857142857142857,0.40655983456313105
9.0,crank_nicolson,0.5,0.8571428571428571,0.27126830655910156
9.0,crank_nicolson,0.5,0.9285714285714285,0.1346633075296615
9.0,crank_nicolson,0.5,1.0,-0.05622875292409727
9.0,crank_nicolson,0.5714285714285714,0.0,-0.05622875292409727
9.0,crank_nicolson,0.5714285714285714,0.07142857142857142,0.12085682408591897
9.0,crank_nicolson,0.5714285714285714,0.14285714285714285,0.2436553410344755
9.0,crank_nicolson,0.5714285714285714,0.21428571428571427,0.36514046278040857
9.0,crank_nicolson,0.5714285714285714,0.2857142857142857,0.48680646450007187
9.0,crank_nicolson,0.5714285714285714,0.3571428571428571,0.6082159194081697
9.0,crank_nicolson,0.5714285714285714,0.42857142857142855,0.7257984402249843
9.0,crank_nicolson,0.5714285714285714,0.5,0.8081343253158499
9.0,crank_nicolson,0.5714285714285714,0.5714285714285714,0.7257984402249845
9.0,crank_nicolson,0.5714285714285714,0.6428571428571428,0.6082159194081713
9.0,crank_nicolson,0.5714285714285714,0.7142857142857142,0.48680646450007237
9.0,crank_nicolson,0.5714285714285714,0.7857142857142857,0.36514046278041035
9.0,crank_nicolson,0.5714285714285714,0.8571428571428571,0.24365534103447622
9.0,crank_nicolson,0.5714285714285714,0.9285714285714285,0.12085682408591909
9.0,crank_nicolson,0.5714285714285714,1.0,-0.05622875292409727
9.0,crank_nicolson,0.6428571428571428,0.0,-0.05622875292409727
9.0,crank_nicolson,0.6428571428571428,0.07142857142857142,0.10114006373579439
9.0,crank_nicolson,0.6428571428571428,0.14285714285714285,0.2042217835257021
9.0,crank_nicolson,0.6428571428571428,0.21428571428571427,0.3059902082684852
9.0,crank_nicolson,0.6428571428571428,0.2857142857142857,0.40794198571642337
9.0,crank_nicolson,0.6428571428571428,0.3571428571428571,0.5096823408103732
9.0,crank_nicolson,0.6428571428571428,0.42857142857142855,0.6082159194081713
9.0,crank_nicolson,0.6428571428571428,0.5,0.6772130609611449
9.0,crank_nicolson,0.6428571428571428,0.5714285714285714,0.6082159194081718
9.0,crank_nicolson,0.6428571428571428,0.6428571428571428,0.5096823408103742
9.0,crank_nicolson,0.6428571428571428,0.7142857142857142,0.40794198571642387
9.0,crank_nicolson,0.6428571428571428,0.7857142857142857,0.3059902082684857
9.0,crank_nicolson,0.6428571428571428,0.8571428571428571,0.20422178352570253
9.0,crank_nicolson,0.6428571428571428,0.9285714285714285,0.10114006373579451
9.0,crank_nicolson,0.6428571428571428,1.0,-0.05622875292409727
9.0,crank_nicolson,0.7142857142857142,0.0,-0.05622875292409727
9.0,crank_nicolson,0.7142857142857142,0.07142857142857142,0.08078243810601272
9.0,crank_nicolson,0.7142857142857142,0.14285714285714285,0.16350562690411705
9.0,crank_nicolson,0.7142857142857142,0.21428571428571427,0.24491542905478747
9.0,crank_nicolson,0.7142857142857142,0.2857142857142857,0.3265111170143498
9.0,crank_nicolson,0.7142857142857142,0.3571428571428571,0.40794198571642304
9.0,crank_nicolson,0.7142857142857142,0.42857142857142855,0.48680646450007264
9.0,crank_nicolson,0.7142857142857142,0.5,0.5420305132148695
9.0,crank_nicolson,0.7142857142857142,0.5714285714285714,0.48680646450007375
9.0,crank_nicolson,0.7142857142857142,0.6428571428571428,0.40794198571642404
9.0,crank_nicolson,0.7142857142857142,0.7142857142857142,0.32651111701435
9.0,crank_nicolson,0.7142857142857142,0.7857142857142857,0.2449154290547877
9.0,crank_nicolson,0.7142857142857142,0.8571428571428571,0.16350562690411719
9.0,crank_nicolson,0.7142857142857142,0.9285714285714285,0.08078243810601278
9.0,crank_nicolson,0.7142857142857142,1.0,-0.05622875292409727
9.0,crank_nicolson,0.7857142857142857,0.0,-0.05622875292409727
9.0,crank_nicolson,0.7857142857142857,0.07142857142857142,0.060395824330176796
9.0,crank_nicolson,0.7857142857142857,0.14285714285714285,0.122717634091409
9.0,crank_nicolson,0.7857142857142857,0.21428571428571427,0.1837225140177936
9.0,crank_nicolson,0.7857142857142857,0.2857142857142857,0.2449154290547879
9.0,crank_nicolson,0.7857142857142857,0.3571428571428571,0.30599020826848566
9.0,crank_nicolson,0.7857142857142857,0.42857142857142855,0.36514046278040946
9.0,crank_nicolson,0.7857142857142857,0.5,0.4065598345631315
9.0,crank_nicolson,0.7857142857142857,0.5714285714285714,0.36514046278041
9.0,crank_nicolson,0.7857142857142857,0.6428571428571428,0.3059902082684859
9.0,crank_nicolson,0.7857142857142857,0.7142857142857142,0.24491542905478791
9.0,crank_nicolson,0.7857142857142857,0.7857142857142857,0.1837225140177936
9.0,crank_nicolson,0.7857142857142857,0.8571428571428571,0.1227176340914091
9.0,crank_nicolson,0.7857142857142857,0.9285714285714285,0.060395824330176866
9.0,crank_nicolson,0.7857142857142857,1.0,-0.05622875292409727
9.0,crank_nicolson,0.8571428571428571,0.0,-0.05622875292409727
9.0,crank_nicolson,0.8571428571428571,0.07142857142857142,0.04014989943623333
9.0,crank_nicolson,0.8571428571428571,0.14285714285714285,0.08211465681676422
9.0,crank_nicolson,0.8571428571428571,0.21428571428571427,0.12271763409140889
9.0,crank_nicolson,0.8571428571428571,0.2857142857142857,0.16350562690411702
9.0,crank_nicolson,0.8571428571428571,0.3571428571428571,0.20422178352570228
9.0,crank_nicolson,0.8571428571428571,0.42857142857142855,0.2436553410344751
9.0,crank_nicolson,0.8571428571428571,0.5,0.2712683065591016
9.0,crank_nicolson,0.8571428571428571,0.5714285714285714,0.24365534103447625
9.0,crank_nicolson,0.8571428571428571,0.6428571428571428,0.20422178352570286
9.0,crank_nicolson,0.8571428571428571,0.7142857142857142,0.1635056269041171
9.0,crank_nicolson,0.8571428571428571,0.7857142857142857,0.12271763409140896
9.0,crank_nicolson,0.8571428571428571,0.8571428571428571,0.08211465681676429
9.0,crank_nicolson,0.8571428571428571,0.9285714285714285,0.04014989943623337
9.0,crank_nicolson,0.8571428571428571,1.0,-0.05622875292409727
9.0,crank_nicolson,0.9285714285714285,0.0,-0.05622875292409727
9.0,crank_nicolson,0.9285714285714285,0.07142857142857142,0.01830633992702157
9.0,crank_nicolson,0.9285714285714285,0.14285714285714285,0.04014989943623333
9.0,crank_nicolson,0.9285714285714285,0.21428571428571427,0.060395824330176824
9.0,crank_nicolson,0.9285714285714285,0.2857142857142857,0.08078243810601254
9.0,crank_nicolson,0.9285714285714285,0.3571428571428571,0.10114006373579458
9.0,crank_nicolson,0.9285714285714285,0.42857142857142855,0.12085682408591868
9.0,crank_nicolson,0.9285714285714285,0.5,0.1346633075296615
9.0,crank_nicolson,0.9285714285714285,0.5714285714285714,0.12085682408591904
9.0,crank_nicolson,0.9285714285714285,0.6428571428571428,0.10114006373579464
9.0,crank_nicolson,0.9285714285714285,0.7142857142857142,0.08078243810601253
9.0,crank_nicolson,0.9285714285714285,0.7857142857142857,0.060395824330176824
9.0,crank_nicolson,0.9285714285714285,0.8571428571428571,0.04014989943623335
9.0,crank_nicolson,0.9285714285714285,0.9285714285714285,0.0183063399270216
9.0,crank_nicolson,0.9285714285714285,1.0,-0.05622875292409727
9.0,crank_nicolson,1.0,0.0,-0.05622875292409727
9.0,crank_nicolson,1.0,0.07142857142857142,-0.05622875292409727
9.0,crank_nicolson,1.0,0.14285714285714285,-0.05622875292409727
9.0,crank_nicolson,1.0,0.21428571428571427,-0.05622875292409727
9.0,crank_nicolson,1.0,0.2857142857142857,-0.05622875292409727
9.0,crank_nicolson,1.0,0.3571428571428571,-0.05622875292409727
9.0,crank_nicolson,1.0,0.42857142857142855,-0.05622875292409727
9.0,crank_nicolson,1.0,0.5,-0.05622875292409727
9.0,crank_nicolson,1.0,0.5714285714285714,-0.05622875292409727
9.0,crank_nicolson,1.0,0.6428571428571428,-0.05622875292409727
9.0,crank_nicolson,1.0,0.7142857142857142,-0.05622875292409727
9.0,crank_nicolson,1.0,0.7857142857142857,-0.05622875292409727
9.0,crank_nicolson,1.0,0.8571428571428571,-0.05622875292409727
9.0,crank_nicolson,1.0,0.9285714285714285,-0.05622875292409727
9.0,crank_nicolson,1.0,1.0,-0.05622875292409727
10.0,crank_nicolson,0.0,0.0,0.03142473325952739
10.0,crank_nicolson,0.0,0.07142857142857142,0.03142473325952739
10.0,crank_nicolson,0.0,0.14285714285714285,0.03142473325952739
10.0,crank_nicolson,0.0,0.21428571428571427,0.03142473325952739
10.0,crank_nicolson,0.0,0.2857142857142857,0.03142473325952739
10.0,crank_nicolson,0.0,0.3571428571428571,0.03142473325952739
10.0,crank_nicolson,0.0,0.42857142857142855,0.03142473325952739
10.0,crank_nicolson,0.0,0.5,0.03142473325952739
10.0,crank_nicolson,0.0,0.5714285714285714,0.03142473325952739
10.0,crank_nicolson,0.0,0.6428571428571428,0.03142473325952739
10.0,crank_nicolson,0.0,0.7142857142857142,0.03142473325952739
10.0,crank_nicolson,0.0,0.7857142857142857,0.03142473325952739
10.0,crank_nicolson,0.0,0.8571428571428571,0.03142473325952739
10.0,crank_nicolson,0.0,0.9285714285714285,0.03142473325952739
10.0,crank_nicolson,0.0,1.0,0.03142473325952739
10.0,crank_nicolson,0.07142857142857142,0.0,0.03142473325952739
10.0,crank_nicolson,0.07142857142857142,0.07142857142857142,0.017606893904683847
10.0,crank_nicolson,0.07142857142857142,0.14285714285714285,0.039692493157111625
10.0,crank_nicolson,0.07142857142857142,0.21428571428571427,0.05999617714466309
10.0,crank_nicolson,0.07142857142857142,0.2857142857142857,0.08037920582428212
10.0,crank_nicolson,0.07142857142857142,0.3571428571428571,0.100718523685795
10.0,crank_nicolson,0.07142857142857142,0.42857142857142855,0.12028685089141816
10.0,crank_nicolson,0.07142857142857142,0.5,0.13352069546282608
10.0,crank_nicolson,0.07142857142857142,0.5714285714285714,0.120286850891418
10.0,crank_nicolson,0.07142857142857142,0.6428571428571428,0.10071852368579479
10.0,crank_nicolson,0.07142857142857142,0.7142857142857142,0.08037920582428215
10.0,crank_nicolson,0.07142857142857142,0.7857142857142857,0.05999617714466308
10.0,crank_nicolson,0.07142857142857142,0.8571428571428571,0.039692493157111625
10.0,crank_nicolson,0.07142857142857142,0.9285714285714285,0.017606893904683864
10.0,crank_nicolson,0.07142857142857142,1.0,0.03142473325952739
10.0,crank_nicolson,0.14285714285714285,0.0,0.03142473325952739
10.0,crank_nicolson,0.14285714285714285,0.07142857142857142,0.03969249315711159
10.0,crank_nicolson,0.14285714285714285,0.14285714285714285,0.08201903727195556
10.0,crank_nicolson,0.14285714285714285,0.21428571428571427,0.12267534792894685
10.0,crank_nicolson,0.14285714285714285,0.2857142857142857,0.16345683279488274
10.0,crank_nicolson,0.14285714285714285,0.3571428571428571,0.20413667865561588
10.0,crank_nicolson,0.14285714285714285,0.42857142857142855,0.24327339007436466
10.0,crank_nicolson,0.14285714285714285,0.5,0.2697410766880793
10.0,crank_nicolson,0.14285714285714285,0.5714285714285714,0.24327339007436397
10.0,crank_nicolson,0.14285714285714285,0.6428571428571428,0.20413667865561577
10.0,crank_nicolson,0.14285714285714285,0.7142857142857142,0.1634568327948829
10.0,crank_nicolson,0.14285714285714285,0.7857142857142857,0.12267534792894688
10.0,crank_nicolson,0.14285714285714285,0.8571428571428571,0.08201903727195557
10.0,crank_nicolson,0.14285714285714285,0.9285714285714285,0.039692493157111625
10.0,crank_nicolson,0.14285714285714285,1.0,0.03142473325952739
10.0,crank_nicolson,0.21428571428571427,0.0,0.03142473325952739
10.0,crank_nicolson,0.21428571428571427,0.07142857142857142,0.059996177144663064
10.0,crank_nicolson,0.21428571428571427,0.14285714285714285,0.12267534792894672
10.0,crank_nicolson,0.21428571428571427,0.21428571428571427,0.18373121260032274
10.0,crank_nicolson,0.21428571428571427,0.2857142857142857,0.2449158566518586
10.0,crank_nicolson,0.21428571428571427,0.3571428571428571,0.30593636171735794
10.0,crank_nicolson,0.21428571428571427,0.42857142857142855,0.36464128904195175
10.0,crank_nicolson,0.21428571428571427,0.5,0.40434269386496907
10.0,crank_nicolson,0.21428571428571427,0.5714285714285714,0.3646412890419516
10.0,crank_nicolson,0.21428571428571427,0.6428571428571428,0.30593636171735794
10.0,crank_nicolson,0.21428571428571427,0.7142857142857142,0.2449158566518586
10.0,crank_nicolson,0.21428571428571427,0.7857142857142857,0.18373121260032274
10.0,crank_nicolson,0.21428571428571427,0.8571428571428571,0.12267534792894676
10.0,crank_nicolson,0.21428571428571427,0.9285714285714285,0.05999617714466311
10.0,crank_nicolson,0.21428571428571427,1.0,0.03142473325952739
10.0,crank_nicolson,0.2857142857142857,0.0,0.03142473325952739
10.0,crank_nicolson,0.2857142857142857,0.07142857142857142,0.08037920582428186
10.0,crank_nicolson,0.2857142857142857,0.14285714285714285,0.16345683279488277
10.0,crank_nicolson,0.2857142857142857,0.21428571428571427,0.24491585665185897
10.0,crank_nicolson,0.2857142857142857,0.2857142857142857,0.326500422690386
10.0,crank_nicolson,0.2857142857142857,0.3571428571428571,0.4078577501480197
10.0,crank_nicolson,0.2857142857142857,0.42857142857142855,0.48612716671013095
10.0,crank_nicolson,0.2857142857142857,0.5,0.539059771256799
10.0,crank_nicolson,0.2857142857142857,0.5714285714285714,0.4861271667101309
10.0,crank_nicolson,0.2857142857142857,0.6428571428571428,0.40785775014801967
10.0,crank_nicolson,0.2857142857142857,0.7142857142857142,0.3265004226903858
10.0,crank_nicolson,0.2857142857142857,0.7857142857142857,0.24491585665185897
10.0,crank_nicolson,0.2857142857142857,0.8571428571428571,0.16345683279488282
10.0,crank_nicolson,0.2857142857142857,0.9285714285714285,0.08037920582428194
10.0,crank_nicolson,0.2857142857142857,1.0,0.03142473325952739
10.0,crank_nicolson,0.3571428571428571,0.0,0.03142473325952739
10.0,crank_nicolson,0.3571428571428571,0.07142857142857142,0.10071852368579491
10.0,crank_nicolson,0.3571428571428571,0.14285714285714285,0.20413667865561583
10.0,crank_nicolson,0.3571428571428571,0.21428571428571427,0.3059363617173581
10.0,crank_nicolson,0.3571428571428571,0.2857142857142857,0.4078577501480203
10.0,crank_nicolson,0.3571428571428571,0.3571428571428571,0.5094889469021606
10.0,crank_nicolson,0.3571428571428571,0.42857142857142855,0.6072622993521902
10.0,crank_nicolson,0.3571428571428571,0.5,0.6733851629641239
10.0,crank_nicolson,0.3571428571428571,0.5714285714285714,0.6072622993521896
10.0,crank_nicolson,0.3571428571428571,0.6428571428571428,0.5094889469021586
10.0,crank_nicolson,0.3571428571428571,0.7142857142857142,0.40785775014802045
10.0,crank_nicolson,0.3571428571428571,0.7857142857142857,0.30593636171735816
10.0,crank_nicolson,0.3571428571428571,0.8571428571428571,0.2041366786556161
10.0,crank_nicolson,0.3571428571428571,0.9285714285714285,0.10071852368579497
10.0,crank_nicolson,0.3571428571428571,1.0,0.03142473325952739
10.0,crank_nicolson,0.42857142857142855,0.0,0.03142473325952739
10.0,crank_nicolson,0.42857142857142855,0.07142857142857142,0.12028685089141804
10.0,crank_nicolson,0.42857142857142855,0.14285714285714285,0.2432733900743642
10.0,crank_nicolson,0.42857142857142855,0.21428571428571427,0.36464128904195264
10.0,crank_nicolson,0.42857142857142855,0.2857142857142857,0.48612716671013156
10.0,crank_nicolson,0.42857142857142855,0.3571428571428571,0.6072622993521911
10.0,crank_nicolson,0.42857142857142855,0.42857142857142855,0.7237989250420347
10.0,crank_nicolson,0.42857142857142855,0.5,0.8026110302793574
10.0,crank_nicolson,0.42857142857142855,0.5714285714285714,0.7237989250420352
10.0,crank_nicolson,0.42857142857142855,0.6428571428571428,0.6072622993521912
10.0,crank_nicolson,0.42857142857142855,0.7142857142857142,0.48612716671013256
10.0,crank_nicolson,0.42857142857142855,0.7857142857142857,0.36464128904195287
10.0,crank_nicolson,0.42857142857142855,0.8571428571428571,0.24327339007436424
10.0,crank_nicolson,0.42857142857142855,0.9285714285714285,0.12028685089141786
10.0,crank_nicolson,0.42857142857142855,1.0,0.03142473325952739
10.0,crank_nicolson,0.5,0.0,0.03142473325952739
10.0,crank_nicolson,0.5,0.07142857142857142,0.1335206954628261
10.0,crank_nicolson,0.5,0.14285714285714285,0.2697410766880794
10.0,crank_nicolson,0.5,0.21428571428571427,0.40434269386496946
10.0,crank_nicolson,0.5,0.2857142857142857,0.5390597712567977
10.0,crank_nicolson,0.5,0.3571428571428571,0.6733851629641241
10.0,crank_nicolson,0.5,0.42857142857142855,0.8026110302793599
10.0,crank_nicolson,0.5,0.5,0.8900034862189458
10.0,crank_nicolson,0.5,0.5714285714285714,0.8026110302793571
10.0,crank_nicolson,0.5,0.6428571428571428,0.6733851629641228
10.0,crank_nicolson,0.5,0.7142857142857142,0.5390597712567985
10.0,crank_nicolson,0.5,0.7857142857142857,0.40434269386497007
10.0,crank_nicolson,0.5,0.8571428571428571,0.2697410766880795
10.0,crank_nicolson,0.5,0.9285714285714285,0.13352069546282622
10.0,crank_nicolson,0.5,1.0,0.03142473325952739
10.0,crank_nicolson,0.5714285714285714,0.0,0.03142473325952739
10.0,crank_nicolson,0.5714285714285714,0.07142857142857142,0.12028685089141808
10.0,crank_nicolson,0.5714285714285714,0.14285714285714285,0.24327339007436458
10.0,crank_nicolson,0.5714285714285714,0.21428571428571427,0.36464128904195103
10.0,crank_nicolson,0.5714285714285714,0.2857142857142857,0.48612716671013023
10.0,crank_nicolson,0.5714285714285714,0.3571428571428571,0.6072622993521896
10.0,crank_nicolson,0.5714285714285714,0.42857142857142855,0.7237989250420354
10.0,crank_nicolson,0.5714285714285714,0.5,0.8026110302793588
10.0,crank_nicolson,0.5714285714285714,0.5714285714285714,0.7237989250420357
10.0,crank_nicolson,0.5714285714285714,0.6428571428571428,0.6072622993521909
10.0,crank_nicolson,0.5714285714285714,0.7142857142857142,0.4861271667101308
10.0,crank_nicolson,0.5714285714285714,0.7857142857142857,0.3646412890419527
10.0,crank_nicolson,0.5714285714285714,0.8571428571428571,0.24327339007436533
10.0,crank_nicolson,0.5714285714285714,0.9285714285714285,0.12028685089141822
10.0,crank_nicolson,0.5714285714285714,1.0,0.03142473325952739
10.0,crank_nicolson,0.6428571428571428,0.0,0.03142473325952739
10.0,crank_nicolson,0.6428571428571428,0.07142857142857142,0.1007185236857947
10.0,crank_nicolson,0.6428571428571428,0.14285714285714285,0.20413667865561586
10.0,crank_nicolson,0.6428571428571428,0.21428571428571427,0.3059363617173578
10.0,crank_nicolson,0.6428571428571428,0.2857142857142857,0.4078577501480195
10.0,crank_nicolson,0.6428571428571428,0.3571428571428571,0.5094889469021581
10.0,crank_nicolson,0.6428571428571428,0.42857142857142855,0.6072622993521914
10.0,crank_nicolson,0.6428571428571428,0.5,0.6733851629641232
10.0,crank_nicolson,0.6428571428571428,0.5714285714285714,0.6072622993521913
10.0,crank_nicolson,0.6428571428571428,0.6428571428571428,0.5094889469021594
10.0,crank_nicolson,0.6428571428571428,0.7142857142857142,0.4078577501480201
10.0,crank_nicolson,0.6428571428571428,0.7857142857142857,0.30593636171735816
10.0,crank_nicolson,0.6428571428571428,0.8571428571428571,0.20413667865561633
10.0,crank_nicolson,0.6428571428571428,0.9285714285714285,0.1007185236857948
10.0,crank_nicolson,0.6428571428571428,1.0,0.03142473325952739
10.0,crank_nicolson,0.7142857142857142,0.0,0.03142473325952739
10.0,crank_nicolson,0.7142857142857142,0.07142857142857142,0.08037920582428214
10.0,crank_nicolson,0.7142857142857142,0.14285714285714285,0.16345683279488282
10.0,crank_nicolson,0.7142857142857142,0.21428571428571427,0.24491585665185855
10.0,crank_nicolson,0.7142857142857142,0.2857142857142857,0.3265004226903856
10.0,crank_nicolson,0.7142857142857142,0.3571428571428571,0.40785775014801917
10.0,crank_nicolson,0.7142857142857142,0.42857142857142855,0.48612716671013095
10.0,crank_nicolson,0.7142857142857142,0.5,0.5390597712567999
10.0,crank_nicolson,0.7142857142857142,0.5714285714285714,0.4861271667101323
10.0,crank_nicolson,0.7142857142857142,0.6428571428571428,0.4078577501480202
10.0,crank_nicolson,0.7142857142857142,0.7142857142857142,0.3265004226903858
10.0,crank_nicolson,0.7142857142857142,0.7857142857142857,0.24491585665185872
10.0,crank_nicolson,0.7142857142857142,0.8571428571428571,0.16345683279488296
10.0,crank_nicolson,0.7142857142857142,0.9285714285714285,0.08037920582428221
10.0,crank_nicolson,0.7142857142857142,1.0,0.03142473325952739
10.0,crank_nicolson,0.7857142857142857,0.0,0.03142473325952739
10.0,crank_nicolson,0.7857142857142857,0.07142857142857142,0.05999617714466309
10.0,crank_nicolson,0.7857142857142857,0.14285714285714285,0.12267534792894687
10.0,crank_nicolson,0.7857142857142857,0.21428571428571427,0.18373121260032274
10.0,crank_nicolson,0.7857142857142857,0.2857142857142857,0.24491585665185894
10.0,crank_nicolson,0.7857142857142857,0.3571428571428571,0.30593636171735794
10.0,crank_nicolson,0.7857142857142857,0.42857142857142855,0.3646412890419517
10.0,crank_nicolson,0.7857142857142857,0.5,0.4043426938649706
10.0,crank_nicolson,0.7857142857142857,0.5714285714285714,0.3646412890419525
10.0,crank_nicolson,0.7857142857142857,0.6428571428571428,0.3059363617173582
10.0,crank_nicolson,0.7857142857142857,0.7142857142857142,0.24491585665185894
10.0,crank_nicolson,0.7857142857142857,0.7857142857142857,0.18373121260032274
10.0,crank_nicolson,0.7857142857142857,0.8571428571428571,0.12267534792894697
10.0,crank_nicolson,0.7857142857142857,0.9285714285714285,0.05999617714466317
10.0,crank_nicolson,0.7857142857142857,1.0,0.03142473325952739
10.0,crank_nicolson,0.8571428571428571,0.0,0.03142473325952739
10.0,crank_nicolson,0.8571428571428571,0.07142857142857142,0.039692493157111625
10.0,crank_nicolson,0.8571428571428571,0.14285714285714285,0.08201903727195557
10.0,crank_nicolson,0.8571428571428571,0.21428571428571427,0.12267534792894676
10.0,crank_nicolson,0.8571428571428571,0.2857142857142857,0.16345683279488282
10.0,crank_nicolson,0.8571428571428571,0.3571428571428571,0.20413667865561608
10.0,crank_nicolson,0.8571428571428571,0.42857142857142855,0.24327339007436408
10.0,crank_nicolson,0.8571428571428571,0.5,0.26974107668807956
10.0,crank_nicolson,0.8571428571428571,0.5714285714285714,0.2432733900743654
10.0,crank_nicolson,0.8571428571428571,0.6428571428571428,0.2041366786556166
10.0,crank_nicolson,0.8571428571428571,0.7142857142857142,0.16345683279488293
10.0,crank_nicolson,0.8571428571428571,0.7857142857142857,0.12267534792894681
10.0,crank_nicolson,0.8571428571428571,0.8571428571428571,0.08201903727195563
10.0,crank_nicolson,0.8571428571428571,0.9285714285714285,0.03969249315711167
10.0,crank_nicolson,0.8571428571428571,1.0,0.03142473325952739
10.0,crank_nicolson,0.9285714285714285,0.0,0.03142473325952739
10.0,crank_nicolson,0.9285714285714285,0.07142857142857142,0.017606893904683864
10.0,crank_nicolson,0.9285714285714285,0.14285714285714285,0.039692493157111625
10.0,crank_nicolson,0.9285714285714285,0.21428571428571427,0.05999617714466311
10.0,crank_nicolson,0.9285714285714285,0.2857142857142857,0.08037920582428194
10.0,crank_nicolson,0.9285714285714285,0.3571428571428571,0.10071852368579493
10.0,crank_nicolson,0.9285714285714285,0.42857142857142855,0.12028685089141775
10.0,crank_nicolson,0.9285714285714285,0.5,0.1335206954628262
10.0,crank_nicolson,0.9285714285714285,0.5714285714285714,0.12028685089141815
10.0,crank_nicolson,0.9285714285714285,0.6428571428571428,0.10071852368579495
10.0,crank_nicolson,0.9285714285714285,0.7142857142857142,0.08037920582428193
10.0,crank_nicolson,0.9285714285714285,0.7857142857142857,0.05999617714466311
10.0,crank_nicolson,0.9285714285714285,0.8571428571428571,0.039692493157111645
10.0,crank_nicolson,0.9285714285714285,0.9285714285714285,0.0176068939046839
10.0,crank_nicolson,0.9285714285714285,1.0,0.03142473325952739
10.0,crank_nicolson,1.0,0.0,0.03142473325952739
10.0,crank_nicolson,1.0,0.07142857142857142,0.03142473325952739
10.0,crank_nicolson,1.0,0.14285714285714285,0.03142473325952739
10.0,crank_nicolson,1.0,0.21428571428571427,0.03142473325952739
10.0,crank_nicolson,1.0,0.2857142857142857,0.03142473325952739
10.0,crank_nicolson,1.0,0.3571428571428571,0.03142473325952739
10.0,crank_nicolson,1.0,0.42857142857142855,0.03142473325952739
10.0,crank_nicolson,1.0,0.5,0.03142473325952739
10.0,crank_nicolson,1.0,0.5714285714285714,0.03142473325952739
10.0,crank_nicolson,1.0,0.6428571428571428,0.03142473325952739
10.0,crank_nicolson,1.0,0.7142857142857142,0.03142473325952739
10.0,crank_nicolson,1.0,0.7857142857142857,0.03142473325952739
10.0,crank_nicolson,1.0,0.8571428571428571,0.03142473325952739
10.0,crank_nicolson,1.0,0.9285714285714285,0.03142473325952739
10.0,crank_nicolson,1.0,1.0,0.03142473325952739
11.0,crank_nicolson,0.0,0.0,-0.0908024075521211
11.0,crank_nicolson,0.0,0.07142857142857142,-0.0908024075521211
11.0,crank_nicolson,0.0,0.14285714285714285,-0.0908024075521211
11.0,crank_nicolson,0.0,0.21428571428571427,-0.0908024075521211
11.0,crank_nicolson,0.0,0.2857142857142857,-0.0908024075521211
11.0,crank_nicolson,0.0,0.3571428571428571,-0.0908024075521211
11.0,crank_nicolson,0.0,0.42857142857142855,-0.0908024075521211
11.0,crank_nicolson,0.0,0.5,-0.0908024075521211
11.0,crank_nicolson,0.0,0.5714285714285714,-0.0908024075521211
11.0,crank_nicolson,0.0,0.6428571428571428,-0.0908024075521211
11.0,crank_nicolson,0.0,0.7142857142857142,-0.0908024075521211
11.0,crank_nicolson,0.0,0.7857142857142857,-0.0908024075521211
11.0,crank_nicolson,0.0,0.8571428571428571,-0.0908024075521211
11.0,crank_nicolson,0.0,0.9285714285714285,-0.0908024075521211
11.0,crank_nicolson,0.0,1.0,-0.0908024075521211
11.0,crank_nicolson,0.07142857142857142,0.0,-0.0908024075521211
11.0,crank_nicolson,0.07142857142857142,0.07142857142857142,0.016507969773890248
11.0,crank_nicolson,0.07142857142857142,0.14285714285714285,0.039087211754517875
11.0,crank_nicolson,0.07142857142857142,0.21428571428571427,0.0594198269382763
11.0,crank_nicolson,0.07142857142857142,0.2857142857142857,0.0798015254269822
11.0,crank_nicolson,0.07142857142857142,0.3571428571428571,0.10013050683012237
11.0,crank_nicolson,0.07142857142857142,0.42857142857142855,0.1196217832829148
11.0,crank_nicolson,0.07142857142857142,0.5,0.1325849686936171
11.0,crank_nicolson,0.07142857142857142,0.5714285714285714,0.1196217832829146
11.0,crank_nicolson,0.07142857142857142,0.6428571428571428,0.10013050683012216
11.0,crank_nicolson,0.07142857142857142,0.7142857142857142,0.07980152542698223
11.0,crank_nicolson,0.07142857142857142,0.7857142857142857,0.05941982693827629
11.0,crank_nicolson,0.07142857142857142,0.8571428571428571,0.039087211754517875
11.0,crank_nicolson,0.07142857142857142,0.9285714285714285,0.016507969773890258
11.0,crank_nicolson,0.07142857142857142,1.0,-0.0908024075521211
11.0,crank_nicolson,0.14285714285714285,0.0,-0.0908024075521211
11.0,crank_nicolson,0.14285714285714285,0.07142857142857142,0.03908721175451784
11.0,crank_nicolson,0.14285714285714285,0.14285714285714285,0.08196612288094121
11.0,crank_nicolson,0.14285714285714285,0.21428571428571427,0.12265102575666668
11.0,crank_nicolson,0.14285714285714285,0.2857142857142857,0.1634295682833314
11.0,crank_nicolson,0.14285714285714285,0.3571428571428571,0.20408888315481583
11.0,crank_nicolson,0.14285714285714285,0.42857142857142855,0.2430715045215921
11.0,crank_nicolson,0.14285714285714285,0.5,0.2689978719685433
11.0,crank_nicolson,0.14285714285714285,0.5714285714285714,0.24307150452159132
11.0,crank_nicolson,0.14285714285714285,0.6428571428571428,0.2040888831548158
11.0,crank_nicolson,0.14285714285714285,0.7142857142857142,0.16342956828333158
11.0,crank_nicolson,0.14285714285714285,0.7857142857142857,0.12265102575666673
11.0,crank_nicolson,0.14285714285714285,0.8571428571428571,0.08196612288094124
11.0,crank_nicolson,0.14285714285714285,0.9285714285714285,0.039087211754517875
11.0,crank_nicolson,0.14285714285714285,1.0,-0.0908024075521211
11.0,crank_nicolson,0.21428571428571427,0.0,-0.0908024075521211
11.0,crank_nicolson,0.21428571428571427,0.07142857142857142,0.059419826938276264
11.0,crank_nicolson,0.21428571428571427,0.14285714285714285,0.12265102575666652
11.0,crank_nicolson,0.21428571428571427,0.21428571428571427,0.18373430884356426
11.0,crank_nicolson,0.21428571428571427,0.2857142857142857,0.24491492556123212
11.0,crank_nicolson,0.21428571428571427,0.3571428571428571,0.3059047223962717
11.0,crank_nicolson,0.21428571428571427,0.42857142857142855,0.3643784754438582
11.0,crank_nicolson,0.21428571428571427,0.5,0.40326787030452627
11.0,crank_nicolson,0.21428571428571427,0.5714285714285714,0.36437847544385804
11.0,crank_nicolson,0.21428571428571427,0.6428571428571428,0.3059047223962717
11.0,crank_nicolson,0.21428571428571427,0.7142857142857142,0.24491492556123207
11.0,crank_nicolson,0.21428571428571427,0.7857142857142857,0.18373430884356426
11.0,crank_nicolson,0.21428571428571427,0.8571428571428571,0.12265102575666656
11.0,crank_nicolson,0.21428571428571427,0.9285714285714285,0.05941982693827631
11.0,crank_nicolson,0.21428571428571427,1.0,-0.0908024075521211
11.0,crank_nicolson,0.2857142857142857,0.0,-0.0908024075521211
11.0,crank_nicolson,0.2857142857142857,0.07142857142857142,0.07980152542698195
11.0,crank_nicolson,0.2857142857142857,0.14285714285714285,0.16342956828333138
11.0,crank_nicolson,0.2857142857142857,0.21428571428571427,0.2449149255612325
11.0,crank_nicolson,0.2857142857142857,0.2857142857142857,0.3264937078172076
11.0,crank_nicolson,0.2857142857142857,0.3571428571428571,0.40780935368222226
11.0,crank_nicolson,0.2857142857142857,0.42857142857142855,0.4857697504907898
11.0,crank_nicolson,0.2857142857142857,0.5,0.5376191894106971
11.0,crank_nicolson,0.2857142857142857,0.5714285714285714,0.48576975049078974
11.0,crank_nicolson,0.2857142857142857,0.6428571428571428,0.4078093536822222
11.0,crank_nicolson,0.2857142857142857,0.7142857142857142,0.32649370781720743
11.0,crank_nicolson,0.2857142857142857,0.7857142857142857,0.2449149255612325
11.0,crank_nicolson,0.2857142857142857,0.8571428571428571,0.16342956828333144
11.0,crank_nicolson,0.2857142857142857,0.9285714285714285,0.07980152542698205
11.0,crank_nicolson,0.2857142857142857,1.0,-0.0908024075521211
11.0,crank_nicolson,0.3571428571428571,0.0,-0.0908024075521211
11.0,crank_nicolson,0.3571428571428571,0.07142857142857142,0.10013050683012227
11.0,crank_nicolson,0.3571428571428571,0.14285714285714285,0.2040888831548158
11.0,crank_nicolson,0.3571428571428571,0.21428571428571427,0.30590472239627187
11.0,crank_nicolson,0.3571428571428571,0.2857142857142857,0.4078093536822228
11.0,crank_nicolson,0.3571428571428571,0.3571428571428571,0.5093787248978071
11.0,crank_nicolson,0.3571428571428571,0.42857142857142855,0.6067566279666258
11.0,crank_nicolson,0.3571428571428571,0.5,0.6715201383980844
11.0,crank_nicolson,0.3571428571428571,0.5714285714285714,0.6067566279666252
11.0,crank_nicolson,0.3571428571428571,0.6428571428571428,0.5093787248978054
11.0,crank_nicolson,0.3571428571428571,0.7142857142857142,0.40780935368222293
11.0,crank_nicolson,0.3571428571428571,0.7857142857142857,0.3059047223962719
11.0,crank_nicolson,0.3571428571428571,0.8571428571428571,0.20408888315481602
11.0,crank_nicolson,0.3571428571428571,0.9285714285714285,0.10013050683012234
11.0,crank_nicolson,0.3571428571428571,1.0,-0.0908024075521211
11.0,crank_nicolson,0.42857142857142855,0.0,-0.0908024075521211
11.0,crank_nicolson,0.42857142857142855,0.07142857142857142,0.11962178328291463
11.0,crank_nicolson,0.42857142857142855,0.14285714285714285,0.2430715045215915
11.0,crank_nicolson,0.42857142857142855,0.21428571428571427,0.36437847544385915
11.0,crank_nicolson,0.42857142857142855,0.2857142857142857,0.4857697504907904
11.0,crank_nicolson,0.42857142857142855,0.3571428571428571,0.6067566279666265
11.0,crank_nicolson,0.42857142857142855,0.42857142857142855,0.7227503712319171
11.0,crank_nicolson,0.42857142857142855,0.5,0.7998946578322744
11.0,crank_nicolson,0.42857142857142855,0.5714285714285714,0.7227503712319179
11.0,crank_nicolson,0.42857142857142855,0.6428571428571428,0.606756627966627
11.0,crank_nicolson,0.42857142857142855,0.7142857142857142,0.4857697504907914
11.0,crank_nicolson,0.42857142857142855,0.7857142857142857,0.36437847544385943
11.0,crank_nicolson,0.42857142857142855,0.8571428571428571,0.2430715045215916
11.0,crank_nicolson,0.42857142857142855,0.9285714285714285,0.11962178328291444
11.0,crank_nicolson,0.42857142857142855,1.0,-0.0908024075521211
11.0,crank_nicolson,0.5,0.0,-0.0908024075521211
11.0,crank_nicolson,0.5,0.07142857142857142,0.13258496869361716
11.0,crank_nicolson,0.5,0.14285714285714285,0.2689978719685434
11.0,crank_nicolson,0.5,0.21428571428571427,0.4032678703045267
11.0,crank_nicolson,0.5,0.2857142857142857,0.537619189410696
11.0,crank_nicolson,0.5,0.3571428571428571,0.6715201383980847
11.0,crank_nicolson,0.5,0.42857142857142855,0.7998946578322772
11.0,crank_nicolson,0.5,0.5,0.8852718964969629
11.0,crank_nicolson,0.5,0.5714285714285714,0.7998946578322742
11.0,crank_nicolson,0.5,0.6428571428571428,0.6715201383980834
11.0,crank_nicolson,0.5,0.7142857142857142,0.537619189410697
11.0,crank_nicolson,0.5,0.7857142857142857,0.4032678703045273
11.0,crank_nicolson,0.5,0.8571428571428571,0.26899787196854347
11.0,crank_nicolson,0.5,0.9285714285714285,0.13258496869361724
11.0,crank_nicolson,0.5,1.0,-0.0908024075521211
11.0,crank_nicolson,0.5714285714285714,0.0,-0.0908024075521211
11.0,crank_nicolson,0.5714285714285714,0.07142857142857142,0.11962178328291471
11.0,crank_nicolson,0.5714285714285714,0.14285714285714285,0.24307150452159193
11.0,crank_nicolson,0.5714285714285714,0.21428571428571427,0.36437847544385754
11.0,crank_nicolson,0.5714285714285714,0.2857142857142857,0.485769750490789
11.0,crank_nicolson,0.5714285714285714,0.3571428571428571,0.6067566279666251
11.0,crank_nicolson,0.5714285714285714,0.42857142857142855,0.722750371231918
11.0,crank_nicolson,0.5714285714285714,0.5,0.7998946578322759
11.0,crank_nicolson,0.5714285714285714,0.5714285714285714,0.7227503712319184
11.0,crank_nicolson,0.5714285714285714,0.6428571428571428,0.6067566279666264
11.0,crank_nicolson,0.5714285714285714,0.7142857142857142,0.4857697504907896
11.0,crank_nicolson,0.5714285714285714,0.7857142857142857,0.36437847544385926
11.0,crank_nicolson,0.5714285714285714,0.8571428571428571,0.24307150452159276
11.0,crank_nicolson,0.5714285714285714,0.9285714285714285,0.11962178328291484
11.0,crank_nicolson,0.5714285714285714,1.0,-0.0908024075521211
11.0,crank_nicolson,0.6428571428571428,0.0,-0.0908024075521211
11.0,crank_nicolson,0.6428571428571428,0.07142857142857142,0.10013050683012208
11.0,crank_nicolson,0.6428571428571428,0.14285714285714285,0.20408888315481585
11.0,crank_nicolson,0.6428571428571428,0.21428571428571427,0.30590472239627153
11.0,crank_nicolson,0.6428571428571428,0.2857142857142857,0.407809353682222
11.0,crank_nicolson,0.6428571428571428,0.3571428571428571,0.5093787248978049
11.0,crank_nicolson,0.6428571428571428,0.42857142857142855,0.6067566279666269
11.0,crank_nicolson,0.6428571428571428,0.5,0.6715201383980841
11.0,crank_nicolson,0.6428571428571428,0.5714285714285714,0.6067566279666269
11.0,crank_nicolson,0.6428571428571428,0.6428571428571428,0.5093787248978063
11.0,crank_nicolson,0.6428571428571428,0.7142857142857142,0.4078093536822226
11.0,crank_nicolson,0.6428571428571428,0.7857142857142857,0.3059047223962719
11.0,crank_nicolson,0.6428571428571428,0.8571428571428571,0.2040888831548163
11.0,crank_nicolson,0.6428571428571428,0.9285714285714285,0.10013050683012219
11.0,crank_nicolson,0.6428571428571428,1.0,-0.0908024075521211
11.0,crank_nicolson,0.7142857142857142,0.0,-0.0908024075521211
11.0,crank_nicolson,0.7142857142857142,0.07142857142857142,0.07980152542698221
11.0,crank_nicolson,0.7142857142857142,0.14285714285714285,0.1634295682833315
11.0,crank_nicolson,0.7142857142857142,0.21428571428571427,0.244914925561232
11.0,crank_nicolson,0.7142857142857142,0.2857142857142857,0.3264937078172072
11.0,crank_nicolson,0.7142857142857142,0.3571428571428571,0.4078093536822216
11.0,crank_nicolson,0.7142857142857142,0.42857142857142855,0.4857697504907897
11.0,crank_nicolson,0.7142857142857142,0.5,0.5376191894106984
11.0,crank_nicolson,0.7142857142857142,0.5714285714285714,0.48576975049079096
11.0,crank_nicolson,0.7142857142857142,0.6428571428571428,0.40780935368222276
11.0,crank_nicolson,0.7142857142857142,0.7142857142857142,0.32649370781720743
11.0,crank_nicolson,0.7142857142857142,0.7857142857142857,0.2449149255612322
11.0,crank_nicolson,0.7142857142857142,0.8571428571428571,0.16342956828333166
11.0,crank_nicolson,0.7142857142857142,0.9285714285714285,0.07980152542698228
11.0,crank_nicolson,0.7142857142857142,1.0,-0.0908024075521211
11.0,crank_nicolson,0.7857142857142857,0.0,-0.0908024075521211
11.0,crank_nicolson,0.7857142857142857,0.07142857142857142,0.059419826938276306
11.0,crank_nicolson,0.7857142857142857,0.14285714285714285,0.1226510257566667
11.0,crank_nicolson,0.7857142857142857,0.21428571428571427,0.18373430884356426
11.0,crank_nicolson,0.7857142857142857,0.2857142857142857,0.24491492556123248
11.0,crank_nicolson,0.7857142857142857,0.3571428571428571,0.3059047223962717
11.0,crank_nicolson,0.7857142857142857,0.42857142857142855,0.3643784754438582
11.0,crank_nicolson,0.7857142857142857,0.5,0.40326787030452776
11.0,crank_nicolson,0.7857142857142857,0.5714285714285714,0.364378475443859
11.0,crank_nicolson,0.7857142857142857,0.6428571428571428,0.305904722396272
11.0,crank_nicolson,0.7857142857142857,0.7142857142857142,0.24491492556123245
11.0,crank_nicolson,0.7857142857142857,0.7857142857142857,0.1837343088435643
11.0,crank_nicolson,0.7857142857142857,0.8571428571428571,0.1226510257566668
11.0,crank_nicolson,0.7857142857142857,0.9285714285714285,0.05941982693827638
11.0,crank_nicolson,0.7857142857142857,1.0,-0.0908024075521211
11.0,crank_nicolson,0.8571428571428571,0.0,-0.0908024075521211
11.0,crank_nicolson,0.8571428571428571,0.07142857142857142,0.039087211754517875
11.0,crank_nicolson,0.8571428571428571,0.14285714285714285,0.08196612288094124
11.0,crank_nicolson,0.8571428571428571,0.21428571428571427,0.12265102575666656
11.0,crank_nicolson,0.8571428571428571,0.2857142857142857,0.16342956828333144
11.0,crank_nicolson,0.8571428571428571,0.3571428571428571,0.204088883154816
11.0,crank_nicolson,0.8571428571428571,0.42857142857142855,0.24307150452159143
11.0,crank_nicolson,0.8571428571428571,0.5,0.2689978719685436
11.0,crank_nicolson,0.8571428571428571,0.5714285714285714,0.24307150452159285
11.0,crank_nicolson,0.8571428571428571,0.6428571428571428,0.20408888315481655
11.0,crank_nicolson,0.8571428571428571,0.7142857142857142,0.1634295682833316
11.0,crank_nicolson,0.8571428571428571,0.7857142857142857,0.12265102575666662
11.0,crank_nicolson,0.8571428571428571,0.8571428571428571,0.08196612288094131
11.0,crank_nicolson,0.8571428571428571,0.9285714285714285,0.039087211754517924
11.0,crank_nicolson,0.8571428571428571,1.0,-0.0908024075521211
11.0,crank_nicolson,0.9285714285714285,0.0,-0.0908024075521211
11.0,crank_nicolson,0.9285714285714285,0.07142857142857142,0.016507969773890258
11.0,crank_nicolson,0.9285714285714285,0.14285714285714285,0.039087211754517875
11.0,crank_nicolson,0.9285714285714285,0.21428571428571427,0.05941982693827631
11.0,crank_nicolson,0.9285714285714285,0.2857142857142857,0.07980152542698205
11.0,crank_nicolson,0.9285714285714285,0.3571428571428571,0.1001305068301223
11.0,crank_nicolson,0.9285714285714285,0.42857142857142855,0.11962178328291431
11.0,crank_nicolson,0.9285714285714285,0.5,0.13258496869361722
11.0,crank_nicolson,0.9285714285714285,0.5714285714285714,0.11962178328291478
11.0,crank_nicolson,0.9285714285714285,0.6428571428571428,0.1001305068301223
11.0,crank_nicolson,0.9285714285714285,0.7142857142857142,0.07980152542698202
11.0,crank_nicolson,0.9285714285714285,0.7857142857142857,0.05941982693827632
11.0,crank_nicolson,0.9285714285714285,0.8571428571428571,0.0390872117545179
11.0,crank_nicolson,0.9285714285714285,0.9285714285714285,0.016507969773890293
11.0,crank_nicolson,0.9285714285714285,1.0,-0.0908024075521211
11.0,crank_nicolson,1.0,0.0,-0.0908024075521211
11.0,crank_nicolson,1.0,0.07142857142857142,-0.0908024075521211
11.0,crank_nicolson,1.0,0.14285714285714285,-0.0908024075521211
11.0,crank_nicolson,1.0,0.21428571428571427,-0.0908024075521211
11.0,crank_nicolson,1.0,0.2857142857142857,-0.0908024075521211
11.0,crank_nicolson,1.0,0.3571428571428571,-0.0908024075521211
11.0,crank_nicolson,1.0,0.42857142857142855,-0.0908024075521211
11.0,crank_nicolson,1.0,0.5,-0.0908024075521211
11.0,crank_nicolson,1.0,0.5714285714285714,-0.0908024075521211
11.0,crank_nicolson,1.0,0.6428571428571428,-0.0908024075521211
11.0,crank_nicolson,1.0,0.7142857142857142,-0.0908024075521211
11.0,crank_nicolson,1.0,0.7857142857142857,-0.0908024075521211
11.0,crank_nicolson,1.0,0.8571428571428571,-0.0908024075521211
11.0,crank_nicolson,1.0,0.9285714285714285,-0.0908024075521211
11.0,crank_nicolson,1.0,1.0,-0.0908024075521211
12.0,crank_nicolson,0.0,0.0,0.14656487689215542
12.0,crank_nicolson,0.0,0.07142857142857142,0.14656487689215542
12.0,crank_nicolson,0.0,0.14285714285714285,0.14656487689215542
12.0,crank_nicolson,0.0,0.21428571428571427,0.14656487689215542
12.0,crank_nicolson,0.0,0.2857142857142857,0.14656487689215542
12.0,crank_nicolson,0.0,0.3571428571428571,0.14656487689215542
12.0,crank_nicolson,0.0,0.42857142857142855,0.14656487689215542
12.0,crank_nicolson,0.0,0.5,0.14656487689215542
12.0,crank_nicolson,0.0,0.5714285714285714,0.14656487689215542
12.0,crank_nicolson,0.0,0.6428571428571428,0.14656487689215542
12.0,crank_nicolson,0.0,0.7142857142857142,0.14656487689215542
12.0,crank_nicolson,0.0,0.7857142857142857,0.14656487689215542
12.0,crank_nicolson,0.0,0.8571428571428571,0.14656487689215542
12.0,crank_nicolson,0.0,0.9285714285714285,0.14656487689215542
12.0,crank_nicolson,0.0,1.0,0.14656487689215542
12.0,crank_nicolson,0.07142857142857142,0.0,0.14656487689215542
12.0,crank_nicolson,0.07142857142857142,0.07142857142857142,0.016971374742083146
12.0,crank_nicolson,0.07142857142857142,0.14285714285714285,0.03918116225515889
12.0,crank_nicolson,0.07142857142857142,0.21428571428571427,0.059582636727299326
12.0,crank_nicolson,0.07142857142857142,0.2857142857142857,0.07996265087847107
12.0,crank_nicolson,0.07142857142857142,0.3571428571428571,0.10026860353828218
12.0,crank_nicolson,0.07142857142857142,0.42857142857142855,0.11960098450262638
12.0,crank_nicolson,0.07142857142857142,0.5,0.13205198389339098
12.0,crank_nicolson,0.07142857142857142,0.5714285714285714,0.1196009845026262
12.0,crank_nicolson,0.07142857142857142,0.6428571428571428,0.10026860353828196
12.0,crank_nicolson,0.07142857142857142,0.7142857142857142,0.0799626508784711
12.0,crank_nicolson,0.07142857142857142,0.7857142857142857,0.05958263672729932
12.0,crank_nicolson,0.07142857142857142,0.8571428571428571,0.039181162255158906
12.0,crank_nicolson,0.07142857142857142,0.9285714285714285,0.016971374742083153
12.0,crank_nicolson,0.07142857142857142,1.0,0.14656487689215542
12.0,crank_nicolson,0.14285714285714285,0.0,0.14656487689215542
12.0,crank_nicolson,0.14285714285714285,0.07142857142857142,0.03918116225515886
12.0,crank_nicolson,0.14285714285714285,0.14285714285714285,0.08182739612297141
12.0,crank_nicolson,0.14285714285714285,0.21428571428571427,0.12258434681467083
12.0,crank_nicolson,0.14285714285714285,0.2857142857142857,0.16335774744959278
12.0,crank_nicolson,0.14285714285714285,0.3571428571428571,0.2039712429488374
12.0,crank_nicolson,0.14285714285714285,0.42857142857142855,0.24263609744674838
12.0,crank_nicolson,0.14285714285714285,0.5,0.2675380904213959
12.0,crank_nicolson,0.14285714285714285,0.5714285714285714,0.24263609744674755
12.0,crank_nicolson,0.14285714285714285,0.6428571428571428,0.20397124294883745
12.0,crank_nicolson,0.14285714285714285,0.7142857142857142,0.16335774744959292
12.0,crank_nicolson,0.14285714285714285,0.7857142857142857,0.12258434681467088
12.0,crank_nicolson,0.14285714285714285,0.8571428571428571,0.08182739612297146
12.0,crank_nicolson,0.14285714285714285,0.9285714285714285,0.03918116225515889
12.0,crank_nicolson,0.14285714285714285,1.0,0.14656487689215542
12.0,crank_nicolson,0.21428571428571427,0.0,0.14656487689215542
12.0,crank_nicolson,0.21428571428571427,0.07142857142857142,0.059582636727299285
12.0,crank_nicolson,0.21428571428571427,0.14285714285714285,0.12258434681467067
12.0,crank_nicolson,0.21428571428571427,0.21428571428571427,0.18373747803797513
12.0,crank_nicolson,0.21428571428571427,0.2857142857142857,0.24491033947533636
12.0,crank_nicolson,0.21428571428571427,0.3571428571428571,0.30583154494802056
12.0,crank_nicolson,0.21428571428571427,0.42857142857142855,0.36382854345714694
12.0,crank_nicolson,0.21428571428571427,0.5,0.40118129808035285
12.0,crank_nicolson,0.21428571428571427,0.5714285714285714,0.36382854345714666
12.0,crank_nicolson,0.21428571428571427,0.6428571428571428,0.3058315449480206
12.0,crank_nicolson,0.21428571428571427,0.7142857142857142,0.24491033947533625
12.0,crank_nicolson,0.21428571428571427,0.7857142857142857,0.18373747803797513
12.0,crank_nicolson,0.21428571428571427,0.8571428571428571,0.12258434681467072
12.0,crank_nicolson,0.21428571428571427,0.9285714285714285,0.059582636727299326
12.0,crank_nicolson,0.21428571428571427,1.0,0.14656487689215542
12.0,crank_nicolson,0.2857142857142857,0.0,0.14656487689215542
12.0,crank_nicolson,0.2857142857142857,0.07142857142857142,0.0799626508784708
12.0,crank_nicolson,0.2857142857142857,0.14285714285714285,0.1633577474495928
12.0,crank_nicolson,0.2857142857142857,0.21428571428571427,0.2449103394753368
12.0,crank_nicolson,0.2857142857142857,0.2857142857142857,0.32647711256963036
12.0,crank_nicolson,0.2857142857142857,0.3571428571428571,0.40769948397667294
12.0,crank_nicolson,0.2857142857142857,0.42857142857142855,0.4850223234177892
12.0,crank_nicolson,0.2857142857142857,0.5,0.534821780486987
12.0,crank_nicolson,0.2857142857142857,0.5714285714285714,0.4850223234177894
12.0,crank_nicolson,0.2857142857142857,0.6428571428571428,0.40769948397667294
12.0,crank_nicolson,0.2857142857142857,0.7142857142857142,0.3264771125696302
12.0,crank_nicolson,0.2857142857142857,0.7857142857142857,0.2449103394753368
12.0,crank_nicolson,0.2857142857142857,0.8571428571428571,0.16335774744959292
12.0,crank_nicolson,0.2857142857142857,0.9285714285714285,0.0799626508784709
12.0,crank_nicolson,0.2857142857142857,1.0,0.14656487689215542
12.0,crank_nicolson,0.3571428571428571,0.0,0.14656487689215542
12.0,crank_nicolson,0.3571428571428571,0.07142857142857142,0.10026860353828201
12.0,crank_nicolson,0.3571428571428571,0.14285714285714285,0.20397124294883745
12.0,crank_nicolson,0.3571428571428571,0.21428571428571427,0.30583154494802106
12.0,crank_nicolson,0.3571428571428571,0.2857142857142857,0.4076994839766736
12.0,crank_nicolson,0.3571428571428571,0.3571428571428571,0.5091305958364712
12.0,crank_nicolson,0.3571428571428571,0.42857142857142855,0.6056912969970394
12.0,crank_nicolson,0.3571428571428571,0.5,0.667880798936912
12.0,crank_nicolson,0.3571428571428571,0.5714285714285714,0.605691296997039
12.0,crank_nicolson,0.3571428571428571,0.6428571428571428,0.5091305958364691
12.0,crank_nicolson,0.3571428571428571,0.7142857142857142,0.4076994839766736
12.0,crank_nicolson,0.3571428571428571,0.7857142857142857,0.3058315449480211
12.0,crank_nicolson,0.3571428571428571,0.8571428571428571,0.20397124294883762
12.0,crank_nicolson,0.3571428571428571,0.9285714285714285,0.1002686035382821
12.0,crank_nicolson,0.3571428571428571,1.0,0.14656487689215542
12.0,crank_nicolson,0.42857142857142855,0.0,0.14656487689215542
12.0,crank_nicolson,0.42857142857142855,0.07142857142857142,0.11960098450262623
12.0,crank_nicolson,0.42857142857142855,0.14285714285714285,0.2426360974467477
12.0,crank_nicolson,0.42857142857142855,0.21428571428571427,0.36382854345714777
12.0,crank_nicolson,0.42857142857142855,0.2857142857142857,0.48502232341779
12.0,crank_nicolson,0.42857142857142855,0.3571428571428571,0.6056912969970404
12.0,crank_nicolson,0.42857142857142855,0.42857142857142855,0.7205656447258875
12.0,crank_nicolson,0.42857142857142855,0.5,0.7945498080354507
12.0,crank_nicolson,0.42857142857142855,0.5714285714285714,0.7205656447258884
12.0,crank_nicolson,0.42857142857142855,0.6428571428571428,0.6056912969970407
12.0,crank_nicolson,0.42857142857142855,0.7142857142857142,0.48502232341779095
12.0,crank_nicolson,0.42857142857142855,0.7857142857142857,0.3638285434571481
12.0,crank_nicolson,0.42857142857142855,0.8571428571428571,0.2426360974467478
12.0,crank_nicolson,0.42857142857142855,0.9285714285714285,0.119600984502626
12.0,crank_nicolson,0.42857142857142855,1.0,0.14656487689215542
12.0,crank_nicolson,0.5,0.0,0.14656487689215542
12.0,crank_nicolson,0.5,0.07142857142857142,0.13205198389339098
12.0,crank_nicolson,0.5,0.14285714285714285,0.267538090421396
12.0,crank_nicolson,0.5,0.21428571428571427,0.40118129808035313
12.0,crank_nicolson,0.5,0.2857142857142857,0.534821780486986
12.0,crank_nicolson,0.5,0.3571428571428571,0.6678807989369123
12.0,crank_nicolson,0.5,0.42857142857142855,0.7945498080354533
12.0,crank_nicolson,0.5,0.5,0.8761291753036206
12.0,crank_nicolson,0.5,0.5714285714285714,0.7945498080354503
12.0,crank_nicolson,0.5,0.6428571428571428,0.667880798936911
12.0,crank_nicolson,0.5,0.7142857142857142,0.5348217804869871
12.0,crank_nicolson,0.5,0.7857142857142857,0.40118129808035385
12.0,crank_nicolson,0.5,0.8571428571428571,0.267538090421396
12.0,crank_nicolson,0.5,0.9285714285714285,0.13205198389339107
12.0,crank_nicolson,0.5,1.0,0.14656487689215542
12.0,crank_nicolson,0.5714285714285714,0.0,0.14656487689215542
12.0,crank_nicolson,0.5714285714285714,0.07142857142857142,0.11960098450262632
12.0,crank_nicolson,0.5714285714285714,0.14285714285714285,0.24263609744674816
12.0,crank_nicolson,0.5714285714285714,0.21428571428571427,0.36382854345714605
12.0,crank_nicolson,0.5714285714285714,0.2857142857142857,0.48502232341778856
12.0,crank_nicolson,0.5714285714285714,0.3571428571428571,0.6056912969970389
12.0,crank_nicolson,0.5714285714285714,0.42857142857142855,0.720565644725888
12.0,crank_nicolson,0.5714285714285714,0.5,0.7945498080354518
12.0,crank_nicolson,0.5714285714285714,0.5714285714285714,0.7205656447258887
12.0,crank_nicolson,0.5714285714285714,0.6428571428571428,0.6056912969970406
12.0,crank_nicolson,0.5714285714285714,0.7142857142857142,0.4850223234177893
12.0,crank_nicolson,0.5714285714285714,0.7857142857142857,0.36382854345714793
12.0,crank_nicolson,0.5714285714285714,0.8571428571428571,0.242636097446749
12.0,crank_nicolson,0.5714285714285714,0.9285714285714285,0.11960098450262648
12.0,crank_nicolson,0.5714285714285714,1.0,0.14656487689215542
12.0,crank_nicolson,0.6428571428571428,0.0,0.14656487689215542
12.0,crank_nicolson,0.6428571428571428,0.07142857142857142,0.10026860353828186
12.0,crank_nicolson,0.6428571428571428,0.14285714285714285,0.20397124294883745
12.0,crank_nicolson,0.6428571428571428,0.21428571428571427,0.30583154494802045
12.0,crank_nicolson,0.6428571428571428,0.2857142857142857,0.40769948397667266
12.0,crank_nicolson,0.6428571428571428,0.3571428571428571,0.5091305958364686
12.0,crank_nicolson,0.6428571428571428,0.42857142857142855,0.605691296997041
12.0,crank_nicolson,0.6428571428571428,0.5,0.6678807989369119
12.0,crank_nicolson,0.6428571428571428,0.5714285714285714,0.6056912969970406
12.0,crank_nicolson,0.6428571428571428,0.6428571428571428,0.5091305958364699
12.0,crank_nicolson,0.6428571428571428,0.7142857142857142,0.4076994839766732
12.0,crank_nicolson,0.6428571428571428,0.7857142857142857,0.3058315449480208
12.0,crank_nicolson,0.6428571428571428,0.8571428571428571,0.203971242948838
12.0,crank_nicolson,0.6428571428571428,0.9285714285714285,0.10026860353828197
12.0,crank_nicolson,0.6428571428571428,1.0,0.14656487689215542
12.0,crank_nicolson,0.7142857142857142,0.0,0.14656487689215542
12.0,crank_nicolson,0.7142857142857142,0.07142857142857142,0.07996265087847107
12.0,crank_nicolson,0.7142857142857142,0.14285714285714285,0.16335774744959283
12.0,crank_nicolson,0.7142857142857142,0.21428571428571427,0.2449103394753362
12.0,crank_nicolson,0.7142857142857142,0.2857142857142857,0.32647711256962997
12.0,crank_nicolson,0.7142857142857142,0.3571428571428571,0.4076994839766722
12.0,crank_nicolson,0.7142857142857142,0.42857142857142855,0.4850223234177894
12.0,crank_nicolson,0.7142857142857142,0.5,0.5348217804869887
12.0,crank_nicolson,0.7142857142857142,0.5714285714285714,0.4850223234177908
12.0,crank_nicolson,0.7142857142857142,0.6428571428571428,0.4076994839766733
12.0,crank_nicolson,0.7142857142857142,0.7142857142857142,0.32647711256963025
12.0,crank_nicolson,0.7142857142857142,0.7857142857142857,0.2449103394753364
12.0,crank_nicolson,0.7142857142857142,0.8571428571428571,0.16335774744959303
12.0,crank_nicolson,0.7142857142857142,0.9285714285714285,0.07996265087847115
12.0,crank_nicolson,0.7142857142857142,1.0,0.14656487689215542
12.0,crank_nicolson,0.7857142857142857,0.0,0.14656487689215542
12.0,crank_nicolson,0.7857142857142857,0.07142857142857142,0.059582636727299326
12.0,crank_nicolson,0.7857142857142857,0.14285714285714285,0.12258434681467086
12.0,crank_nicolson,0.7857142857142857,0.21428571428571427,0.18373747803797513
12.0,crank_nicolson,0.7857142857142857,0.2857142857142857,0.24491033947533677
12.0,crank_nicolson,0.7857142857142857,0.3571428571428571,0.3058315449480208
12.0,crank_nicolson,0.7857142857142857,0.42857142857142855,0.36382854345714694
12.0,crank_nicolson,0.7857142857142857,0.5,0.40118129808035435
12.0,crank_nicolson,0.7857142857142857,0.5714285714285714,0.36382854345714744
12.0,crank_nicolson,0.7857142857142857,0.6428571428571428,0.3058315449480211
12.0,crank_nicolson,0.7857142857142857,0.7142857142857142,0.24491033947533672
12.0,crank_nicolson,0.7857142857142857,0.7857142857142857,0.1837374780379752
12.0,crank_nicolson,0.7857142857142857,0.8571428571428571,0.12258434681467094
12.0,crank_nicolson,0.7857142857142857,0.9285714285714285,0.05958263672729941
12.0,crank_nicolson,0.7857142857142857,1.0,0.14656487689215542
12.0,crank_nicolson,0.8571428571428571,0.0,0.14656487689215542
12.0,crank_nicolson,0.8571428571428571,0.07142857142857142,0.03918116225515889
12.0,crank_nicolson,0.8571428571428571,0.14285714285714285,0.08182739612297146
12.0,crank_nicolson,0.8571428571428571,0.21428571428571427,0.12258434681467072
12.0,crank_nicolson,0.8571428571428571,0.2857142857142857,0.1633577474495929
12.0,crank_nicolson,0.8571428571428571,0.3571428571428571,0.2039712429488376
12.0,crank_nicolson,0.8571428571428571,0.42857142857142855,0.24263609744674766
12.0,crank_nicolson,0.8571428571428571,0.5,0.2675380904213961
12.0,crank_nicolson,0.8571428571428571,0.5714285714285714,0.24263609744674908
12.0,crank_nicolson,0.8571428571428571,0.6428571428571428,0.20397124294883826
12.0,crank_nicolson,0.8571428571428571,0.7142857142857142,0.16335774744959305
12.0,crank_nicolson,0.8571428571428571,0.7857142857142857,0.12258434681467077
12.0,crank_nicolson,0.8571428571428571,0.8571428571428571,0.08182739612297156
12.0,crank_nicolson,0.8571428571428571,0.9285714285714285,0.03918116225515895
12.0,crank_nicolson,0.8571428571428571,1.0,0.14656487689215542
12.0,crank_nicolson,0.9285714285714285,0.0,0.14656487689215542
12.0,crank_nicolson,0.9285714285714285,0.07142857142857142,0.016971374742083153
12.0,crank_nicolson,0.9285714285714285,0.14285714285714285,0.03918116225515889
12.0,crank_nicolson,0.9285714285714285,0.21428571428571427,0.059582636727299326
12.0,crank_nicolson,0.9285714285714285,0.2857142857142857,0.0799626508784709
12.0,crank_nicolson,0.9285714285714285,0.3571428571428571,0.10026860353828204
12.0,crank_nicolson,0.9285714285714285,0.42857142857142855,0.11960098450262588
12.0,crank_nicolson,0.9285714285714285,0.5,0.13205198389339107
12.0,crank_nicolson,0.9285714285714285,0.5714285714285714,0.1196009845026264
12.0,crank_nicolson,0.9285714285714285,0.6428571428571428,0.1002686035382821
12.0,crank_nicolson,0.9285714285714285,0.7142857142857142,0.07996265087847089
12.0,crank_nicolson,0.9285714285714285,0.7857142857142857,0.05958263672729934
12.0,crank_nicolson,0.9285714285714285,0.8571428571428571,0.039181162255158934
12.0,crank_nicolson,0.9285714285714285,0.9285714285714285,0.016971374742083187
12.0,crank_nicolson,0.9285714285714285,1.0,0.14656487689215542
12.0,crank_nicolson,1.0,0.0,0.14656487689215542
12.0,crank_nicolson,1.0,0.07142857142857142,0.14656487689215542
12.0,crank_nicolson,1.0,0.14285714285714285,0.14656487689215542
12.0,crank_nicolson,1.0,0.21428571428571427,0.14656487689215542
12.0,crank_nicolson,1.0,0.2857142857142857,0.14656487689215542
12.0,crank_nicolson,1.0,0.3571428571428571,0.14656487689215542
12.0,crank_nicolson,1.0,0.42857142857142855,0.14656487689215542
12.0,crank_nicolson,1.0,0.5,0.14656487689215542
12.0,crank_nicolson,1.0,0.5714285714285714,0.14656487689215542
12.0,crank_nicolson,1.0,0.6428571428571428,0.14656487689215542
12.0,crank_nicolson,1.0,0.7142857142857142,0.14656487689215542
12.0,crank_nicolson,1.0,0.7857142857142857,0.14656487689215542
12.0,crank_nicolson,1.0,0.8571428571428571,0.14656487689215542
12.0,crank_nicolson,1.0,0.9285714285714285,0.14656487689215542
12.0,crank_nicolson,1.0,1.0,0.14656487689215542
13.0,crank_nicolson,0.0,0.0,0.006752820468792384
13.0,crank_nicolson,0.0,0.07142857142857142,0.006752820468792384
13.0,crank_nicolson,0.0,0.14285714285714285,0.006752820468792384
13.0,crank_nicolson,0.0,0.21428571428571427,0.006752820468792384
13.0,crank_nicolson,0.0,0.2857142857142857,0.006752820468792384
13.0,crank_nicolson,0.0,0.3571428571428571,0.006752820468792384
13.0,crank_nicolson,0.0,0.42857142857142855,0.006752820468792384
13.0,crank_nicolson,0.0,0.5,0.006752820468792384
13.0,crank_nicolson,0.0,0.5714285714285714,0.006752820468792384
13.0,crank_nicolson,0.0,0.6428571428571428,0.006752820468792384
13.0,crank_nicolson,0.0,0.7142857142857142,0.006752820468792384
13.0,crank_nicolson,0.0,0.7857142857142857,0.006752820468792384
13.0,crank_nicolson,0.0,0.8571428571428571,0.006752820468792384
13.0,crank_nicolson,0.0,0.9285714285714285,0.006752820468792384
13.0,crank_nicolson,0.0,1.0,0.006752820468792384
13.0,crank_nicolson,0.07142857142857142,0.0,0.006752820468792384
13.0,crank_nicolson,0.07142857142857142,0.07142857142857142,0.017044160058521902
13.0,crank_nicolson,0.07142857142857142,0.14285714285714285,0.03912223334273673
13.0,crank_nicolson,0.07142857142857142,0.21428571428571427,0.05956910537298291
13.0,crank_nicolson,0.07142857142857142,0.2857142857142857,0.0799483118752349
13.0,crank_nicolson,0.07142857142857142,0.3571428571428571,0.10022812818121438
13.0,crank_nicolson,0.07142857142857142,0.42857142857142855,0.11939626805056747
13.0,crank_nicolson,0.07142857142857142,0.5,0.13137123452713242
13.0,crank_nicolson,0.07142857142857142,0.5714285714285714,0.11939626805056729
13.0,crank_nicolson,0.07142857142857142,0.6428571428571428,0.10022812818121417
13.0,crank_nicolson,0.07142857142857142,0.7142857142857142,0.07994831187523492
13.0,crank_nicolson,0.07142857142857142,0.7857142857142857,0.059569105372982906
13.0,crank_nicolson,0.07142857142857142,0.8571428571428571,0.03912223334273674
13.0,crank_nicolson,0.07142857142857142,0.9285714285714285,0.01704416005852191
13.0,crank_nicolson,0.07142857142857142,1.0,0.006752820468792384
13.0,crank_nicolson,0.14285714285714285,0.0,0.006752820468792384
13.0,crank_nicolson,0.14285714285714285,0.07142857142857142,0.03912223334273669
13.0,crank_nicolson,0.14285714285714285,0.14285714285714285,0.08172383776738289
13.0,crank_nicolson,0.14285714285714285,0.21428571428571427,0.12253322719121269
13.0,crank_nicolson,0.14285714285714285,0.2857142857142857,0.16330211850713838
13.0,crank_nicolson,0.14285714285714285,0.3571428571428571,0.20386349318581415
13.0,crank_nicolson,0.14285714285714285,0.42857142857142855,0.24219988854206953
13.0,crank_nicolson,0.14285714285714285,0.5,0.2661498118918731
13.0,crank_nicolson,0.14285714285714285,0.5714285714285714,0.24219988854206867
13.0,crank_nicolson,0.14285714285714285,0.6428571428571428,0.20386349318581423
13.0,crank_nicolson,0.14285714285714285,0.7142857142857142,0.16330211850713847
13.0,crank_nicolson,0.14285714285714285,0.7857142857142857,0.12253322719121276
13.0,crank_nicolson,0.14285714285714285,0.8571428571428571,0.08172383776738294
13.0,crank_nicolson,0.14285714285714285,0.9285714285714285,0.03912223334273672
13.0,crank_nicolson,0.14285714285714285,1.0,0.006752820468792384
13.0,crank_nicolson,0.21428571428571427,0.0,0.006752820468792384
13.0,crank_nicolson,0.21428571428571427,0.07142857142857142,0.059569105372982885
13.0,crank_nicolson,0.21428571428571427,0.14285714285714285,0.12253322719121257
13.0,crank_nicolson,0.21428571428571427,0.21428571428571427,0.18373694831036547
13.0,crank_nicolson,0.21428571428571427,0.2857142857142857,0.24490205472732135
13.0,crank_nicolson,0.21428571428571427,0.3571428571428571,0.3057451344920458
13.0,crank_nicolson,0.21428571428571427,0.42857142857142855,0.36324929735647243
13.0,crank_nicolson,0.21428571428571427,0.5,0.39917384450005783
13.0,crank_nicolson,0.21428571428571427,0.5714285714285714,0.36324929735647216
13.0,crank_nicolson,0.21428571428571427,0.6428571428571428,0.3057451344920459
13.0,crank_nicolson,0.21428571428571427,0.7142857142857142,0.24490205472732127
13.0,crank_nicolson,0.21428571428571427,0.7857142857142857,0.18373694831036547
13.0,crank_nicolson,0.21428571428571427,0.8571428571428571,0.1225332271912126
13.0,crank_nicolson,0.21428571428571427,0.9285714285714285,0.05956910537298292
13.0,crank_nicolson,0.21428571428571427,1.0,0.006752820468792384
13.0,crank_nicolson,0.2857142857142857,0.0,0.006752820468792384
13.0,crank_nicolson,0.2857142857142857,0.07142857142857142,0.07994831187523463
13.0,crank_nicolson,0.2857142857142857,0.14285714285714285,0.16330211850713838
13.0,crank_nicolson,0.2857142857142857,0.21428571428571427,0.24490205472732182
13.0,crank_nicolson,0.2857142857142857,0.2857142857142857,0.3264557303843414
13.0,crank_nicolson,0.2857142857142857,0.3571428571428571,0.40757159703719187
13.0,crank_nicolson,0.2857142857142857,0.42857142857142855,0.48423499087141203
13.0,crank_nicolson,0.2857142857142857,0.5,0.5321288272216836
13.0,crank_nicolson,0.2857142857142857,0.5714285714285714,0.4842349908714123
13.0,crank_nicolson,0.2857142857142857,0.6428571428571428,0.40757159703719176
13.0,crank_nicolson,0.2857142857142857,0.7142857142857142,0.3264557303843412
13.0,crank_nicolson,0.2857142857142857,0.7857142857142857,0.24490205472732185
13.0,crank_nicolson,0.2857142857142857,0.8571428571428571,0.16330211850713844
13.0,crank_nicolson,0.2857142857142857,0.9285714285714285,0.07994831187523474
13.0,crank_nicolson,0.2857142857142857,1.0,0.006752820468792384
13.0,crank_nicolson,0.3571428571428571,0.0,0.006752820468792384
13.0,crank_nicolson,0.3571428571428571,0.07142857142857142,0.1002281281812142
13.0,crank_nicolson,0.3571428571428571,0.14285714285714285,0.20386349318581423
13.0,crank_nicolson,0.3571428571428571,0.21428571428571427,0.30574513449204627
13.0,crank_nicolson,0.3571428571428571,0.2857142857142857,0.4075715970371926
13.0,crank_nicolson,0.3571428571428571,0.3571428571428571,0.5088449751770903
13.0,crank_nicolson,0.3571428571428571,0.42857142857142855,0.6045586579407174
13.0,crank_nicolson,0.3571428571428571,0.5,0.6643537250831123
13.0,crank_nicolson,0.3571428571428571,0.5714285714285714,0.6045586579407176
13.0,crank_nicolson,0.3571428571428571,0.6428571428571428,0.5088449751770885
13.0,crank_nicolson,0.3571428571428571,0.7142857142857142,0.40757159703719253
13.0,crank_nicolson,0.3571428571428571,0.7857142857142857,0.3057451344920463
13.0,crank_nicolson,0.3571428571428571,0.8571428571428571,0.20386349318581445
13.0,crank_nicolson,0.3571428571428571,0.9285714285714285,0.10022812818121425
13.0,crank_nicolson,0.3571428571428571,1.0,0.006752820468792384
13.0,crank_nicolson,0.42857142857142855,0.0,0.006752820468792384
13.0,crank_nicolson,0.42857142857142855,0.07142857142857142,0.11939626805056733
13.0,crank_nicolson,0.42857142857142855,0.14285714285714285,0.24219988854206886
13.0,crank_nicolson,0.42857142857142855,0.21428571428571427,0.3632492973564733
13.0,crank_nicolson,0.42857142857142855,0.2857142857142857,0.484234990871413
13.0,crank_nicolson,0.42857142857142855,0.3571428571428571,0.6045586579407183
13.0,crank_nicolson,0.42857142857142855,0.42857142857142855,0.7182762365238463
13.0,crank_nicolson,0.42857142857142855,0.5,0.7893186625283011
13.0,crank_nicolson,0.42857142857142855,0.5714285714285714,0.7182762365238474
13.0,crank_nicolson,0.42857142857142855,0.6428571428571428,0.6045586579407185
13.0,crank_nicolson,0.42857142857142855,0.7142857142857142,0.4842349908714139
13.0,crank_nicolson,0.42857142857142855,0.7857142857142857,0.36324929735647365
13.0,crank_nicolson,0.42857142857142855,0.8571428571428571,0.24219988854206895
13.0,crank_nicolson,0.42857142857142855,0.9285714285714285,0.11939626805056709
13.0,crank_nicolson,0.42857142857142855,1.0,0.006752820468792384
13.0,crank_nicolson,0.5,0.0,0.006752820468792384
13.0,crank_nicolson,0.5,0.07142857142857142,0.13137123452713245
13.0,crank_nicolson,0.5,0.14285714285714285,0.2661498118918732
13.0,crank_nicolson,0.5,0.21428571428571427,0.3991738445000584
13.0,crank_nicolson,0.5,0.2857142857142857,0.5321288272216826
13.0,crank_nicolson,0.5,0.3571428571428571,0.6643537250831126
13.0,crank_nicolson,0.5,0.42857142857142855,0.7893186625283037
13.0,crank_nicolson,0.5,0.5,0.8673866216258942
13.0,crank_nicolson,0.5,0.5714285714285714,0.7893186625283006
13.0,crank_nicolson,0.5,0.6428571428571428,0.6643537250831112
13.0,crank_nicolson,0.5,0.7142857142857142,0.5321288272216838
13.0,crank_nicolson,0.5,0.7857142857142857,0.3991738445000591
13.0,crank_nicolson,0.5,0.8571428571428571,0.26614981189187326
13.0,crank_nicolson,0.5,0.9285714285714285,0.13137123452713254
13.0,crank_nicolson,0.5,1.0,0.006752820468792384
13.0,crank_nicolson,0.5714285714285714,0.0,0.006752820468792384
13.0,crank_nicolson,0.5714285714285714,0.07142857142857142,0.11939626805056745
13.0,crank_nicolson,0.5714285714285714,0.14285714285714285,0.24219988854206934
13.0,crank_nicolson,0.5714285714285714,0.21428571428571427,0.3632492973564713
13.0,crank_nicolson,0.5714285714285714,0.2857142857142857,0.4842349908714114
13.0,crank_nicolson,0.5714285714285714,0.3571428571428571,0.6045586579407172
13.0,crank_nicolson,0.5714285714285714,0.42857142857142855,0.7182762365238471
13.0,crank_nicolson,0.5714285714285714,0.5,0.7893186625283025
13.0,crank_nicolson,0.5714285714285714,0.5714285714285714,0.7182762365238474
13.0,crank_nicolson,0.5714285714285714,0.6428571428571428,0.6045586579407186
13.0,crank_nicolson,0.5714285714285714,0.7142857142857142,0.48423499087141214
13.0,crank_nicolson,0.5714285714285714,0.7857142857142857,0.36324929735647354
13.0,crank_nicolson,0.5714285714285714,0.8571428571428571,0.24219988854207025
13.0,crank_nicolson,0.5714285714285714,0.9285714285714285,0.11939626805056759
13.0,crank_nicolson,0.5714285714285714,1.0,0.006752820468792384
13.0,crank_nicolson,0.6428571428571428,0.0,0.006752820468792384
13.0,crank_nicolson,0.6428571428571428,0.07142857142857142,0.10022812818121404
13.0,crank_nicolson,0.6428571428571428,0.14285714285714285,0.2038634931858142
13.0,crank_nicolson,0.6428571428571428,0.21428571428571427,0.30574513449204566
13.0,crank_nicolson,0.6428571428571428,0.2857142857142857,0.4075715970371916
13.0,crank_nicolson,0.6428571428571428,0.3571428571428571,0.508844975177088
13.0,crank_nicolson,0.6428571428571428,0.42857142857142855,0.604558657940719
13.0,crank_nicolson,0.6428571428571428,0.5,0.6643537250831117
13.0,crank_nicolson,0.6428571428571428,0.5714285714285714,0.6045586579407188
13.0,crank_nicolson,0.6428571428571428,0.6428571428571428,0.5088449751770888
13.0,crank_nicolson,0.6428571428571428,0.7142857142857142,0.40757159703719215
13.0,crank_nicolson,0.6428571428571428,0.7857142857142857,0.305745134492046
13.0,crank_nicolson,0.6428571428571428,0.8571428571428571,0.20386349318581481
13.0,crank_nicolson,0.6428571428571428,0.9285714285714285,0.1002281281812142
13.0,crank_nicolson,0.6428571428571428,1.0,0.006752820468792384
13.0,crank_nicolson,0.7142857142857142,0.0,0.006752820468792384
13.0,crank_nicolson,0.7142857142857142,0.07142857142857142,0.07994831187523488
13.0,crank_nicolson,0.7142857142857142,0.14285714285714285,0.1633021185071384
13.0,crank_nicolson,0.7142857142857142,0.21428571428571427,0.24490205472732118
13.0,crank_nicolson,0.7142857142857142,0.2857142857142857,0.32645573038434106
13.0,crank_nicolson,0.7142857142857142,0.3571428571428571,0.40757159703719115
13.0,crank_nicolson,0.7142857142857142,0.42857142857142855,0.48423499087141253
13.0,crank_nicolson,0.7142857142857142,0.5,0.5321288272216855
13.0,crank_nicolson,0.7142857142857142,0.5714285714285714,0.4842349908714138
13.0,crank_nicolson,0.7142857142857142,0.6428571428571428,0.4075715970371922
13.0,crank_nicolson,0.7142857142857142,0.7142857142857142,0.32645573038434134
13.0,crank_nicolson,0.7142857142857142,0.7857142857142857,0.24490205472732146
13.0,crank_nicolson,0.7142857142857142,0.8571428571428571,0.16330211850713855
13.0,crank_nicolson,0.7142857142857142,0.9285714285714285,0.079948311875235
13.0,crank_nicolson,0.7142857142857142,1.0,0.006752820468792384
13.0,crank_nicolson,0.7857142857142857,0.0,0.006752820468792384
13.0,crank_nicolson,0.7857142857142857,0.07142857142857142,0.05956910537298291
13.0,crank_nicolson,0.7857142857142857,0.14285714285714285,0.12253322719121273
13.0,crank_nicolson,0.7857142857142857,0.21428571428571427,0.18373694831036547
13.0,crank_nicolson,0.7857142857142857,0.2857142857142857,0.24490205472732182
13.0,crank_nicolson,0.7857142857142857,0.3571428571428571,0.30574513449204593
13.0,crank_nicolson,0.7857142857142857,0.42857142857142855,0.3632492973564723
13.0,crank_nicolson,0.7857142857142857,0.5,0.39917384450005944
13.0,crank_nicolson,0.7857142857142857,0.5714285714285714,0.36324929735647304
13.0,crank_nicolson,0.7857142857142857,0.6428571428571428,0.3057451344920463
13.0,crank_nicolson,0.7857142857142857,0.7142857142857142,0.24490205472732182
13.0,crank_nicolson,0.7857142857142857,0.7857142857142857,0.18373694831036558
13.0,crank_nicolson,0.7857142857142857,0.8571428571428571,0.12253322719121282
13.0,crank_nicolson,0.7857142857142857,0.9285714285714285,0.05956910537298301
13.0,crank_nicolson,0.7857142857142857,1.0,0.006752820468792384
13.0,crank_nicolson,0.8571428571428571,0.0,0.006752820468792384
13.0,crank_nicolson,0.8571428571428571,0.07142857142857142,0.03912223334273673
13.0,crank_nicolson,0.8571428571428571,0.14285714285714285,0.08172383776738294
13.0,crank_nicolson,0.8571428571428571,0.21428571428571427,0.1225332271912126
13.0,crank_nicolson,0.8571428571428571,0.2857142857142857,0.16330211850713844
13.0,crank_nicolson,0.8571428571428571,0.3571428571428571,0.20386349318581437
13.0,crank_nicolson,0.8571428571428571,0.42857142857142855,0.24219988854206878
13.0,crank_nicolson,0.8571428571428571,0.5,0.2661498118918734
13.0,crank_nicolson,0.8571428571428571,0.5714285714285714,0.24219988854207036
13.0,crank_nicolson,0.8571428571428571,0.6428571428571428,0.20386349318581515
13.0,crank_nicolson,0.8571428571428571,0.7142857142857142,0.16330211850713855
13.0,crank_nicolson,0.8571428571428571,0.7857142857142857,0.12253322719121267
13.0,crank_nicolson,0.8571428571428571,0.8571428571428571,0.08172383776738303
13.0,crank_nicolson,0.8571428571428571,0.9285714285714285,0.03912223334273677
13.0,crank_nicolson,0.8571428571428571,1.0,0.006752820468792384
13.0,crank_nicolson,0.9285714285714285,0.0,0.006752820468792384
13.0,crank_nicolson,0.9285714285714285,0.07142857142857142,0.01704416005852191
13.0,crank_nicolson,0.9285714285714285,0.14285714285714285,0.03912223334273672
13.0,crank_nicolson,0.9285714285714285,0.21428571428571427,0.05956910537298292
13.0,crank_nicolson,0.9285714285714285,0.2857142857142857,0.07994831187523474
13.0,crank_nicolson,0.9285714285714285,0.3571428571428571,0.10022812818121418
13.0,crank_nicolson,0.9285714285714285,0.42857142857142855,0.11939626805056698
13.0,crank_nicolson,0.9285714285714285,0.5,0.1313712345271325
13.0,crank_nicolson,0.9285714285714285,0.5714285714285714,0.11939626805056755
13.0,crank_nicolson,0.9285714285714285,0.6428571428571428,0.10022812818121425
13.0,crank_nicolson,0.9285714285714285,0.7142857142857142,0.07994831187523475
13.0,crank_nicolson,0.9285714285714285,0.7857142857142857,0.05956910537298292
13.0,crank_nicolson,0.9285714285714285,0.8571428571428571,0.039122233342736755
13.0,crank_nicolson,0.9285714285714285,0.9285714285714285,0.01704416005852194
13.0,crank_nicolson,0.9285714285714285,1.0,0.006752820468792384
13.0,crank_nicolson,1.0,0.0,0.006752820468792384
13.0,crank_nicolson,1.0,0.07142857142857142,0.006752820468792384
13.0,crank_nicolson,1.0,0.14285714285714285,0.006752820468792384
13.0,crank_nicolson,1.0,0.21428571428571427,0.006752820468792384
13.0,crank_nicolson,1.0,0.2857142857142857,0.006752820468792384
13.0,crank_nicolson,1.0,0.3571428571428571,0.006752820468792384
13.0,crank_nicolson,1.0,0.42857142857142855,0.006752820468792384
13.0,crank_nicolson,1.0,0.5,0.006752820468792384
13.0,crank_nicolson,1.0,0.5714285714285714,0.006752820468792384
13.0,crank_nicolson,1.0,0.6428571428571428,0.006752820468792384
13.0,crank_nicolson,1.0,0.7142857142857142,0.006752820468792384
13.0,crank_nicolson,1.0,0.7857142857142857,0.006752820468792384
13.0,crank_nicolson,1.0,0.8571428571428571,0.006752820468792384
13.0,crank_nicolson,1.0,0.9285714285714285,0.006752820468792384
13.0,crank_nicolson,1.0,1.0,0.006752820468792384
14.0,crank_nicolson,0.0,0.0,-0.14247481862134567
14.0,crank_nicolson,0.0,0.07142857142857142,-0.14247481862134567
14.0,crank_nicolson,0.0,0.14285714285714285,-0.14247481862134567
14.0,crank_nicolson,0.0,0.21428571428571427,-0.14247481862134567
14.0,crank_nicolson,0.0,0.2857142857142857,-0.14247481862134567
14.0,crank_nicolson,0.0,0.3571428571428571,-0.14247481862134567
14.0,crank_nicolson,0.0,0.42857142857142855,-0.14247481862134567
14.0,crank_nicolson,0.0,0.5,-0.14247481862134567
14.0,crank_nicolson,0.0,0.5714285714285714,-0.14247481862134567
14.0,crank_nicolson,0.0,0.6428571428571428,-0.14247481862134567
14.0,crank_nicolson,0.0,0.7142857142857142,-0.14247481862134567
14.0,crank_nicolson,0.0,0.7857142857142857,-0.14247481862134567
14.0,crank_nicolson,0.0,0.8571428571428571,-0.14247481862134567
14.0,crank_nicolson,0.0,0.9285714285714285,-0.14247481862134567
14.0,crank_nicolson,0.0,1.0,-0.14247481862134567
14.0,crank_nicolson,0.07142857142857142,0.0,-0.14247481862134567
14.0,crank_nicolson,0.07142857142857142,0.07142857142857142,0.015266825215029013
14.0,crank_nicolson,0.07142857142857142,0.14285714285714285,0.03817902571320592
14.0,crank_nicolson,0.07142857142857142,0.21428571428571427,0.058651369968245125
14.0,crank_nicolson,0.07142857142857142,0.2857142857142857,0.0790303539207848
14.0,crank_nicolson,0.07142857142857142,0.3571428571428571,0.0992959523974771
14.0,crank_nicolson,0.07142857142857142,0.42857142857142855,0.1183803243664806
14.0,crank_nicolson,0.07142857142857142,0.5,0.1301298908098578
14.0,crank_nicolson,0.07142857142857142,0.5714285714285714,0.1183803243664804
14.0,crank_nicolson,0.07142857142857142,0.6428571428571428,0.09929595239747689
14.0,crank_nicolson,0.07142857142857142,0.7142857142857142,0.07903035392078481
14.0,crank_nicolson,0.07142857142857142,0.7857142857142857,0.05865136996824512
14.0,crank_nicolson,0.07142857142857142,0.8571428571428571,0.03817902571320594
14.0,crank_nicolson,0.07142857142857142,0.9285714285714285,0.01526682521502902
14.0,crank_nicolson,0.07142857142857142,1.0,-0.14247481862134567
14.0,crank_nicolson,0.14285714285714285,0.0,-0.14247481862134567
14.0,crank_nicolson,0.14285714285714285,0.07142857142857142,0.038179025713205895
14.0,crank_nicolson,0.14285714285714285,0.14285714285714285,0.0816630820516208
14.0,crank_nicolson,0.14285714285714285,0.21428571428571427,0.12250247400170684
14.0,crank_nicolson,0.14285714285714285,0.2857142857142857,0.1632692086357757
14.0,crank_nicolson,0.14285714285714285,0.3571428571428571,0.20380218638198608
14.0,crank_nicolson,0.14285714285714285,0.42857142857142855,0.2419710559495986
14.0,crank_nicolson,0.14285714285714285,0.5,0.26547017665494926
14.0,crank_nicolson,0.14285714285714285,0.5714285714285714,0.2419710559495977
14.0,crank_nicolson,0.14285714285714285,0.6428571428571428,0.20380218638198616
14.0,crank_nicolson,0.14285714285714285,0.7142857142857142,0.1632692086357758
14.0,crank_nicolson,0.14285714285714285,0.7857142857142857,0.12250247400170693
14.0,crank_nicolson,0.14285714285714285,0.8571428571428571,0.08166308205162086
14.0,crank_nicolson,0.14285714285714285,0.9285714285714285,0.03817902571320593
14.0,crank_nicolson,0.14285714285714285,1.0,-0.14247481862134567
14.0,crank_nicolson,0.21428571428571427,0.0,-0.14247481862134567
14.0,crank_nicolson,0.21428571428571427,0.07142857142857142,0.05865136996824509
14.0,crank_nicolson,0.21428571428571427,0.14285714285714285,0.12250247400170672
14.0,crank_nicolson,0.21428571428571427,0.21428571428571427,0.18373543519758775
14.0,crank_nicolson,0.21428571428571427,0.2857142857142857,0.24489651122232453
14.0,crank_nicolson,0.21428571428571427,0.3571428571428571,0.3056969828698719
14.0,crank_nicolson,0.21428571428571427,0.42857142857142855,0.36294976425313685
14.0,crank_nicolson,0.21428571428571427,0.5,0.3981980455844991
14.0,crank_nicolson,0.21428571428571427,0.5714285714285714,0.36294976425313646
14.0,crank_nicolson,0.21428571428571427,0.6428571428571428,0.3056969828698719
14.0,crank_nicolson,0.21428571428571427,0.7142857142857142,0.24489651122232448
14.0,crank_nicolson,0.21428571428571427,0.7857142857142857,0.18373543519758778
14.0,crank_nicolson,0.21428571428571427,0.8571428571428571,0.12250247400170676
14.0,crank_nicolson,0.21428571428571427,0.9285714285714285,0.05865136996824513
14.0,crank_nicolson,0.21428571428571427,1.0,-0.14247481862134567
14.0,crank_nicolson,0.2857142857142857,0.0,-0.14247481862134567
14.0,crank_nicolson,0.2857142857142857,0.07142857142857142,0.0790303539207845
14.0,crank_nicolson,0.2857142857142857,0.14285714285714285,0.16326920863577576
14.0,crank_nicolson,0.2857142857142857,0.21428571428571427,0.24489651122232503
14.0,crank_nicolson,0.2857142857142857,0.2857142857142857,0.3264430412322343
14.0,crank_nicolson,0.2857142857142857,0.3571428571428571,0.40750071455332204
14.0,crank_nicolson,0.2857142857142857,0.42857142857142855,0.4838275884376678
14.0,crank_nicolson,0.2857142857142857,0.5,0.5308189822886837
14.0,crank_nicolson,0.2857142857142857,0.5714285714285714,0.4838275884376682
14.0,crank_nicolson,0.2857142857142857,0.6428571428571428,0.40750071455332193
14.0,crank_nicolson,0.2857142857142857,0.7142857142857142,0.32644304123223417
14.0,crank_nicolson,0.2857142857142857,0.7857142857142857,0.24489651122232506
14.0,crank_nicolson,0.2857142857142857,0.8571428571428571,0.16326920863577582
14.0,crank_nicolson,0.2857142857142857,0.9285714285714285,0.07903035392078461
14.0,crank_nicolson,0.2857142857142857,1.0,-0.14247481862134567
14.0,crank_nicolson,0.3571428571428571,0.0,-0.14247481862134567
14.0,crank_nicolson,0.3571428571428571,0.07142857142857142,0.09929595239747689
14.0,crank_nicolson,0.3571428571428571,0.14285714285714285,0.20380218638198622
14.0,crank_nicolson,0.3571428571428571,0.21428571428571427,0.30569698286987235
14.0,crank_nicolson,0.3571428571428571,0.2857142857142857,0.4075007145533228
14.0,crank_nicolson,0.3571428571428571,0.3571428571428571,0.5086879652165746
14.0,crank_nicolson,0.3571428571428571,0.42857142857142855,0.6039687594880877
14.0,crank_nicolson,0.3571428571428571,0.5,0.6626292793471579
14.0,crank_nicolson,0.3571428571428571,0.5714285714285714,0.6039687594880877
14.0,crank_nicolson,0.3571428571428571,0.6428571428571428,0.5086879652165729
14.0,crank_nicolson,0.3571428571428571,0.7142857142857142,0.40750071455332276
14.0,crank_nicolson,0.3571428571428571,0.7857142857142857,0.30569698286987235
14.0,crank_nicolson,0.3571428571428571,0.8571428571428571,0.20380218638198644
14.0,crank_nicolson,0.3571428571428571,0.9285714285714285,0.09929595239747697
14.0,crank_nicolson,0.3571428571428571,1.0,-0.14247481862134567
14.0,crank_nicolson,0.42857142857142855,0.0,-0.14247481862134567
14.0,crank_nicolson,0.42857142857142855,0.07142857142857142,0.11838032436648042
14.0,crank_nicolson,0.42857142857142855,0.14285714285714285,0.24197105594959797
14.0,crank_nicolson,0.42857142857142855,0.21428571428571427,0.36294976425313774
14.0,crank_nicolson,0.42857142857142855,0.2857142857142857,0.48382758843766904
14.0,crank_nicolson,0.42857142857142855,0.3571428571428571,0.6039687594880886
14.0,crank_nicolson,0.42857142857142855,0.42857142857142855,0.7170964874734272
14.0,crank_nicolson,0.42857142857142855,0.5,0.786744441204439
14.0,crank_nicolson,0.42857142857142855,0.5714285714285714,0.7170964874734282
14.0,crank_nicolson,0.42857142857142855,0.6428571428571428,0.6039687594880887
14.0,crank_nicolson,0.42857142857142855,0.7142857142857142,0.4838275884376698
14.0,crank_nicolson,0.42857142857142855,0.7857142857142857,0.3629497642531381
14.0,crank_nicolson,0.42857142857142855,0.8571428571428571,0.24197105594959803
14.0,crank_nicolson,0.42857142857142855,0.9285714285714285,0.11838032436648017
14.0,crank_nicolson,0.42857142857142855,1.0,-0.14247481862134567
14.0,crank_nicolson,0.5,0.0,-0.14247481862134567
14.0,crank_nicolson,0.5,0.07142857142857142,0.13012989080985782
14.0,crank_nicolson,0.5,0.14285714285714285,0.2654701766549494
14.0,crank_nicolson,0.5,0.21428571428571427,0.39819804558449967
14.0,crank_nicolson,0.5,0.2857142857142857,0.5308189822886826
14.0,crank_nicolson,0.5,0.3571428571428571,0.6626292793471584
14.0,crank_nicolson,0.5,0.42857142857142855,0.7867444412044415
14.0,crank_nicolson,0.5,0.5,0.8631559408859032
14.0,crank_nicolson,0.5,0.5714285714285714,0.7867444412044385
14.0,crank_nicolson,0.5,0.6428571428571428,0.662629279347157
14.0,crank_nicolson,0.5,0.7142857142857142,0.5308189822886841
14.0,crank_nicolson,0.5,0.7857142857142857,0.39819804558450045
14.0,crank_nicolson,0.5,0.8571428571428571,0.2654701766549494
14.0,crank_nicolson,0.5,0.9285714285714285,0.1301298908098579
14.0,crank_nicolson,0.5,1.0,-0.14247481862134567
14.0,crank_nicolson,0.5714285714285714,0.0,-0.14247481862134567
14.0,crank_nicolson,0.5714285714285714,0.07142857142857142,0.11838032436648055
14.0,crank_nicolson,0.5714285714285714,0.14285714285714285,0.2419710559495984
14.0,crank_nicolson,0.5714285714285714,0.21428571428571427,0.3629497642531355
14.0,crank_nicolson,0.5714285714285714,0.2857142857142857,0.48382758843766727
14.0,crank_nicolson,0.5714285714285714,0.3571428571428571,0.6039687594880873
14.0,crank_nicolson,0.5714285714285714,0.42857142857142855,0.7170964874734278
14.0,crank_nicolson,0.5714285714285714,0.5,0.7867444412044402
14.0,crank_nicolson,0.5714285714285714,0.5714285714285714,0.7170964874734282
14.0,crank_nicolson,0.5714285714285714,0.6428571428571428,0.6039687594880887
14.0,crank_nicolson,0.5714285714285714,0.7142857142857142,0.4838275884376681
14.0,crank_nicolson,0.5714285714285714,0.7857142857142857,0.36294976425313785
14.0,crank_nicolson,0.5714285714285714,0.8571428571428571,0.24197105594959933
14.0,crank_nicolson,0.5714285714285714,0.9285714285714285,0.11838032436648069
14.0,crank_nicolson,0.5714285714285714,1.0,-0.14247481862134567
14.0,crank_nicolson,0.6428571428571428,0.0,-0.14247481862134567
14.0,crank_nicolson,0.6428571428571428,0.07142857142857142,0.09929595239747675
14.0,crank_nicolson,0.6428571428571428,0.14285714285714285,0.20380218638198622
14.0,crank_nicolson,0.6428571428571428,0.21428571428571427,0.3056969828698717
14.0,crank_nicolson,0.6428571428571428,0.2857142857142857,0.40750071455332176
14.0,crank_nicolson,0.6428571428571428,0.3571428571428571,0.5086879652165726
14.0,crank_nicolson,0.6428571428571428,0.42857142857142855,0.6039687594880891
14.0,crank_nicolson,0.6428571428571428,0.5,0.6626292793471575
14.0,crank_nicolson,0.6428571428571428,0.5714285714285714,0.6039687594880888
14.0,crank_nicolson,0.6428571428571428,0.6428571428571428,0.5086879652165734
14.0,crank_nicolson,0.6428571428571428,0.7142857142857142,0.4075007145533224
14.0,crank_nicolson,0.6428571428571428,0.7857142857142857,0.305696982869872
14.0,crank_nicolson,0.6428571428571428,0.8571428571428571,0.20380218638198677
14.0,crank_nicolson,0.6428571428571428,0.9285714285714285,0.09929595239747695
14.0,crank_nicolson,0.6428571428571428,1.0,-0.14247481862134567
14.0,crank_nicolson,0.7142857142857142,0.0,-0.14247481862134567
14.0,crank_nicolson,0.7142857142857142,0.07142857142857142,0.07903035392078477
14.0,crank_nicolson,0.7142857142857142,0.14285714285714285,0.16326920863577574
14.0,crank_nicolson,0.7142857142857142,0.21428571428571427,0.24489651122232436
14.0,crank_nicolson,0.7142857142857142,0.2857142857142857,0.32644304123223394
14.0,crank_nicolson,0.7142857142857142,0.3571428571428571,0.4075007145533214
14.0,crank_nicolson,0.7142857142857142,0.42857142857142855,0.48382758843766843
14.0,crank_nicolson,0.7142857142857142,0.5,0.5308189822886857
14.0,crank_nicolson,0.7142857142857142,0.5714285714285714,0.4838275884376698
14.0,crank_nicolson,0.7142857142857142,0.6428571428571428,0.4075007145533224
14.0,crank_nicolson,0.7142857142857142,0.7142857142857142,0.3264430412322343
14.0,crank_nicolson,0.7142857142857142,0.7857142857142857,0.24489651122232467
14.0,crank_nicolson,0.7142857142857142,0.8571428571428571,0.1632692086357759
14.0,crank_nicolson,0.7142857142857142,0.9285714285714285,0.07903035392078489
14.0,crank_nicolson,0.7142857142857142,1.0,-0.14247481862134567
14.0,crank_nicolson,0.7857142857142857,0.0,-0.14247481862134567
14.0,crank_nicolson,0.7857142857142857,0.07142857142857142,0.058651369968245125
14.0,crank_nicolson,0.7857142857142857,0.14285714285714285,0.1225024740017069
14.0,crank_nicolson,0.7857142857142857,0.21428571428571427,0.18373543519758778
14.0,crank_nicolson,0.7857142857142857,0.2857142857142857,0.24489651122232503
14.0,crank_nicolson,0.7857142857142857,0.3571428571428571,0.30569698286987196
14.0,crank_nicolson,0.7857142857142857,0.42857142857142855,0.3629497642531366
14.0,crank_nicolson,0.7857142857142857,0.5,0.3981980455845006
14.0,crank_nicolson,0.7857142857142857,0.5714285714285714,0.36294976425313746
14.0,crank_nicolson,0.7857142857142857,0.6428571428571428,0.30569698286987235
14.0,crank_nicolson,0.7857142857142857,0.7142857142857142,0.24489651122232503
14.0,crank_nicolson,0.7857142857142857,0.7857142857142857,0.1837354351975879
14.0,crank_nicolson,0.7857142857142857,0.8571428571428571,0.122502474001707
14.0,crank_nicolson,0.7857142857142857,0.9285714285714285,0.05865136996824522
14.0,crank_nicolson,0.7857142857142857,1.0,-0.14247481862134567
14.0,crank_nicolson,0.8571428571428571,0.0,-0.14247481862134567
14.0,crank_nicolson,0.8571428571428571,0.07142857142857142,0.03817902571320592
14.0,crank_nicolson,0.8571428571428571,0.14285714285714285,0.08166308205162086
14.0,crank_nicolson,0.8571428571428571,0.21428571428571427,0.12250247400170676
14.0,crank_nicolson,0.8571428571428571,0.2857142857142857,0.16326920863577582
14.0,crank_nicolson,0.8571428571428571,0.3571428571428571,0.20380218638198636
14.0,crank_nicolson,0.8571428571428571,0.42857142857142855,0.24197105594959786
14.0,crank_nicolson,0.8571428571428571,0.5,0.26547017665494954
14.0,crank_nicolson,0.8571428571428571,0.5714285714285714,0.24197105594959945
14.0,crank_nicolson,0.8571428571428571,0.6428571428571428,0.20380218638198716
14.0,crank_nicolson,0.8571428571428571,0.7142857142857142,0.16326920863577601
14.0,crank_nicolson,0.8571428571428571,0.7857142857142857,0.12250247400170683
14.0,crank_nicolson,0.8571428571428571,0.8571428571428571,0.08166308205162094
14.0,crank_nicolson,0.8571428571428571,0.9285714285714285,0.038179025713205986
14.0,crank_nicolson,0.8571428571428571,1.0,-0.14247481862134567
14.0,crank_nicolson,0.9285714285714285,0.0,-0.14247481862134567
14.0,crank_nicolson,0.9285714285714285,0.07142857142857142,0.01526682521502902
14.0,crank_nicolson,0.9285714285714285,0.14285714285714285,0.03817902571320593
14.0,crank_nicolson,0.9285714285714285,0.21428571428571427,0.05865136996824513
14.0,crank_nicolson,0.9285714285714285,0.2857142857142857,0.07903035392078461
14.0,crank_nicolson,0.9285714285714285,0.3571428571428571,0.09929595239747688
14.0,crank_nicolson,0.9285714285714285,0.42857142857142855,0.11838032436648008
14.0,crank_nicolson,0.9285714285714285,0.5,0.13012989080985787
14.0,crank_nicolson,0.9285714285714285,0.5714285714285714,0.11838032436648066
14.0,crank_nicolson,0.9285714285714285,0.6428571428571428,0.09929595239747696
14.0,crank_nicolson,0.9285714285714285,0.7142857142857142,0.07903035392078463
14.0,crank_nicolson,0.9285714285714285,0.7857142857142857,0.05865136996824513
14.0,crank_nicolson,0.9285714285714285,0.8571428571428571,0.03817902571320597
14.0,crank_nicolson,0.9285714285714285,0.9285714285714285,0.01526682521502905
14.0,crank_nicolson,0.9285714285714285,1.0,-0.14247481862134567
14.0,crank_nicolson,1.0,0.0,-0.14247481862134567
14.0,crank_nicolson,1.0,0.07142857142857142,-0.14247481862134567
14.0,crank_nicolson,1.0,0.14285714285714285,-0.14247481862134567
14.0,crank_nicolson,1.0,0.21428571428571427,-0.14247481862134567
14.0,crank_nicolson,1.0,0.2857142857142857,-0.14247481862134567
14.0,crank_nicolson,1.0,0.3571428571428571,-0.14247481862134567
14.0,crank_nicolson,1.0,0.42857142857142855,-0.14247481862134567
14.0,crank_nicolson,1.0,0.5,-0.14247481862134567
14.0,crank_nicolson,1.0,0.5714285714285714,-0.14247481862134567
14.0,crank_nicolson,1.0,0.6428571428571428,-0.14247481862134567
14.0,crank_nicolson,1.0,0.7142857142857142,-0.14247481862134567
14.0,crank_nicolson,1.0,0.7857142857142857,-0.14247481862134567
14.0,crank_nicolson,1.0,0.8571428571428571,-0.14247481862134567
14.0,crank_nicolson,1.0,0.9285714285714285,-0.14247481862134567
14.0,crank_nicolson,1.0,1.0,-0.14247481862134567
15.0,crank_nicolson,0.0,0.0,0.01109225897098661
15.0,crank_nicolson,0.0,0.07142857142857142,0.01109225897098661
15.0,crank_nicolson,0.0,0.14285714285714285,0.01109225897098661
15.0,crank_nicolson,0.0,0.21428571428571427,0.01109225897098661
15.0,crank_nicolson,0.0,0.2857142857142857,0.01109225897098661
15.0,crank_nicolson,0.0,0.3571428571428571,0.01109225897098661
15.0,crank_nicolson,0.0,0.42857142857142855,0.01109225897098661
15.0,crank_nicolson,0.0,0.5,0.01109225897098661
15.0,crank_nicolson,0.0,0.5714285714285714,0.01109225897098661
15.0,crank_nicolson,0.0,0.6428571428571428,0.01109225897098661
15.0,crank_nicolson,0.0,0.7142857142857142,0.01109225897098661
15.0,crank_nicolson,0.0,0.7857142857142857,0.01109225897098661
15.0,crank_nicolson,0.0,0.8571428571428571,0.01109225897098661
15.0,crank_nicolson,0.0,0.9285714285714285,0.01109225897098661
15.0,crank_nicolson,0.0,1.0,0.01109225897098661
15.0,crank_nicolson,0.07142857142857142,0.0,0.01109225897098661
15.0,crank_nicolson,0.07142857142857142,0.07142857142857142,0.015113137733089217
15.0,crank_nicolson,0.07142857142857142,0.14285714285714285,0.0379691377758774
15.0,crank_nicolson,0.07142857142857142,0.21428571428571427,0.05850275725828653
15.0,crank_nicolson,0.07142857142857142,0.2857142857142857,0.07888181345956582
15.0,crank_nicolson,0.07142857142857142,0.3571428571428571,0.09911672131027459
15.0,crank_nicolson,0.07142857142857142,0.42857142857142855,0.11803090225167961
15.0,crank_nicolson,0.07142857142857142,0.5,0.12935316586397166
15.0,crank_nicolson,0.07142857142857142,0.5714285714285714,0.11803090225167938
15.0,crank_nicolson,0.07142857142857142,0.6428571428571428,0.0991167213102744
15.0,crank_nicolson,0.07142857142857142,0.7142857142857142,0.07888181345956584
15.0,crank_nicolson,0.07142857142857142,0.7857142857142857,0.05850275725828652
15.0,crank_nicolson,0.07142857142857142,0.8571428571428571,0.03796913777587742
15.0,crank_nicolson,0.07142857142857142,0.9285714285714285,0.015113137733089222
15.0,crank_nicolson,0.07142857142857142,1.0,0.01109225897098661
15.0,crank_nicolson,0.14285714285714285,0.0,0.01109225897098661
15.0,crank_nicolson,0.14285714285714285,0.07142857142857142,0.03796913777587736
15.0,crank_nicolson,0.14285714285714285,0.14285714285714285,0.08151242957193267
15.0,crank_nicolson,0.14285714285714285,0.21428571428571427,0.12242465790748545
15.0,crank_nicolson,0.14285714285714285,0.2857142857142857,0.16318744056055348
15.0,crank_nicolson,0.14285714285714285,0.3571428571428571,0.20365903228387014
15.0,crank_nicolson,0.14285714285714285,0.42857142857142855,0.24148753444442403
15.0,crank_nicolson,0.14285714285714285,0.5,0.26413204257461625
15.0,crank_nicolson,0.14285714285714285,0.5714285714285714,0.24148753444442309
15.0,crank_nicolson,0.14285714285714285,0.6428571428571428,0.20365903228387033
15.0,crank_nicolson,0.14285714285714285,0.7142857142857142,0.16318744056055354
15.0,crank_nicolson,0.14285714285714285,0.7857142857142857,0.12242465790748551
15.0,crank_nicolson,0.14285714285714285,0.8571428571428571,0.08151242957193273
15.0,crank_nicolson,0.14285714285714285,0.9285714285714285,0.037969137775877404
15.0,crank_nicolson,0.14285714285714285,1.0,0.01109225897098661
15.0,crank_nicolson,0.21428571428571427,0.0,0.01109225897098661
15.0,crank_nicolson,0.21428571428571427,0.07142857142857142,0.05850275725828647
15.0,crank_nicolson,0.21428571428571427,0.14285714285714285,0.12242465790748532
15.0,crank_nicolson,0.21428571428571427,0.21428571428571427,0.18372930214910388
15.0,crank_nicolson,0.21428571428571427,0.2857142857142857,0.24488215225042947
15.0,crank_nicolson,0.21428571428571427,0.3571428571428571,0.3055904196891613
15.0,crank_nicolson,0.21428571428571427,0.42857142857142855,0.36233241868440214
15.0,crank_nicolson,0.21428571428571427,0.5,0.39629863459210274
15.0,crank_nicolson,0.21428571428571427,0.5714285714285714,0.3623324186844017
15.0,crank_nicolson,0.21428571428571427,0.6428571428571428,0.3055904196891613
15.0,crank_nicolson,0.21428571428571427,0.7142857142857142,0.24488215225042942
15.0,crank_nicolson,0.21428571428571427,0.7857142857142857,0.18372930214910388
15.0,crank_nicolson,0.21428571428571427,0.8571428571428571,0.12242465790748537
15.0,crank_nicolson,0.21428571428571427,0.9285714285714285,0.05850275725828653
15.0,crank_nicolson,0.21428571428571427,1.0,0.01109225897098661
15.0,crank_nicolson,0.2857142857142857,0.0,0.01109225897098661
15.0,crank_nicolson,0.2857142857142857,0.07142857142857142,0.07888181345956549
15.0,crank_nicolson,0.2857142857142857,0.14285714285714285,0.16318744056055356
15.0,crank_nicolson,0.2857142857142857,0.21428571428571427,0.24488215225042995
15.0,crank_nicolson,0.2857142857142857,0.2857142857142857,0.326413270902815
15.0,crank_nicolson,0.2857142857142857,0.3571428571428571,0.4073447755802416
15.0,crank_nicolson,0.2857142857142857,0.42857142857142855,0.482987539272965
15.0,crank_nicolson,0.2857142857142857,0.5,0.5282678357522641
15.0,crank_nicolson,0.2857142857142857,0.5714285714285714,0.4829875392729654
15.0,crank_nicolson,0.2857142857142857,0.6428571428571428,0.40734477558024157
15.0,crank_nicolson,0.2857142857142857,0.7142857142857142,0.3264132709028149
15.0,crank_nicolson,0.2857142857142857,0.7857142857142857,0.24488215225042995
15.0,crank_nicolson,0.2857142857142857,0.8571428571428571,0.16318744056055365
15.0,crank_nicolson,0.2857142857142857,0.9285714285714285,0.07888181345956559
15.0,crank_nicolson,0.2857142857142857,1.0,0.01109225897098661
15.0,crank_nicolson,0.3571428571428571,0.0,0.01109225897098661
15.0,crank_nicolson,0.3571428571428571,0.07142857142857142,0.0991167213102744
15.0,crank_nicolson,0.3571428571428571,0.14285714285714285,0.20365903228387028
15.0,crank_nicolson,0.3571428571428571,0.21428571428571427,0.30559041968916195
15.0,crank_nicolson,0.3571428571428571,0.2857142857142857,0.40734477558024274
15.0,crank_nicolson,0.3571428571428571,0.3571428571428571,0.5083454235728471
15.0,crank_nicolson,0.3571428571428571,0.42857142857142855,0.6027449253762249
15.0,crank_nicolson,0.3571428571428571,0.5,0.6592530813152272
15.0,crank_nicolson,0.3571428571428571,0.5714285714285714,0.6027449253762248
15.0,crank_nicolson,0.3571428571428571,0.6428571428571428,0.5083454235728458
15.0,crank_nicolson,0.3571428571428571,0.7142857142857142,0.40734477558024257
15.0,crank_nicolson,0.3571428571428571,0.7857142857142857,0.30559041968916184
15.0,crank_nicolson,0.3571428571428571,0.8571428571428571,0.20365903228387056
15.0,crank_nicolson,0.3571428571428571,0.9285714285714285,0.09911672131027444
15.0,crank_nicolson,0.3571428571428571,1.0,0.01109225897098661
15.0,crank_nicolson,0.42857142857142855,0.0,0.01109225897098661
15.0,crank_nicolson,0.42857142857142855,0.07142857142857142,0.1180309022516794
15.0,crank_nicolson,0.42857142857142855,0.14285714285714285,0.24148753444442342
15.0,crank_nicolson,0.42857142857142855,0.21428571428571427,0.3623324186844031
15.0,crank_nicolson,0.42857142857142855,0.2857142857142857,0.4829875392729662
15.0,crank_nicolson,0.42857142857142855,0.3571428571428571,0.6027449253762258
15.0,crank_nicolson,0.42857142857142855,0.42857142857142855,0.7146745807949197
15.0,crank_nicolson,0.42857142857142855,0.5,0.7816761824961305
15.0,crank_nicolson,0.42857142857142855,0.5714285714285714,0.7146745807949204
15.0,crank_nicolson,0.42857142857142855,0.6428571428571428,0.6027449253762263
15.0,crank_nicolson,0.42857142857142855,0.7142857142857142,0.4829875392729671
15.0,crank_nicolson,0.42857142857142855,0.7857142857142857,0.36233241868440336
15.0,crank_nicolson,0.42857142857142855,0.8571428571428571,0.24148753444442345
15.0,crank_nicolson,0.42857142857142855,0.9285714285714285,0.11803090225167916
15.0,crank_nicolson,0.42857142857142855,1.0,0.01109225897098661
15.0,crank_nicolson,0.5,0.0,0.01109225897098661
15.0,crank_nicolson,0.5,0.07142857142857142,0.1293531658639717
15.0,crank_nicolson,0.5,0.14285714285714285,0.2641320425746165
15.0,crank_nicolson,0.5,0.21428571428571427,0.3962986345921033
15.0,crank_nicolson,0.5,0.2857142857142857,0.5282678357522625
15.0,crank_nicolson,0.5,0.3571428571428571,0.6592530813152279
15.0,crank_nicolson,0.5,0.42857142857142855,0.7816761824961332
15.0,crank_nicolson,0.5,0.5,0.8549583381978169
15.0,crank_nicolson,0.5,0.5714285714285714,0.7816761824961302
15.0,crank_nicolson,0.5,0.6428571428571428,0.6592530813152268
15.0,crank_nicolson,0.5,0.7142857142857142,0.5282678357522638
15.0,crank_nicolson,0.5,0.7857142857142857,0.3962986345921041
15.0,crank_nicolson,0.5,0.8571428571428571,0.2641320425746164
15.0,crank_nicolson,0.5,0.9285714285714285,0.12935316586397175
15.0,crank_nicolson,0.5,1.0,0.01109225897098661
15.0,crank_nicolson,0.5714285714285714,0.0,0.01109225897098661
15.0,crank_nicolson,0.5714285714285714,0.07142857142857142,0.11803090225167953
15.0,crank_nicolson,0.5714285714285714,0.14285714285714285,0.24148753444442372
15.0,crank_nicolson,0.5714285714285714,0.21428571428571427,0.36233241868440086
15.0,crank_nicolson,0.5714285714285714,0.2857142857142857,0.4829875392729644
15.0,crank_nicolson,0.5714285714285714,0.3571428571428571,0.6027449253762244
15.0,crank_nicolson,0.5714285714285714,0.42857142857142855,0.7146745807949201
15.0,crank_nicolson,0.5714285714285714,0.5,0.7816761824961318
15.0,crank_nicolson,0.5714285714285714,0.5714285714285714,0.7146745807949205
15.0,crank_nicolson,0.5714285714285714,0.6428571428571428,0.6027449253762259
15.0,crank_nicolson,0.5714285714285714,0.7142857142857142,0.48298753927296534
15.0,crank_nicolson,0.5714285714285714,0.7857142857142857,0.36233241868440313
15.0,crank_nicolson,0.5714285714285714,0.8571428571428571,0.24148753444442472
15.0,crank_nicolson,0.5714285714285714,0.9285714285714285,0.11803090225167973
15.0,crank_nicolson,0.5714285714285714,1.0,0.01109225897098661
15.0,crank_nicolson,0.6428571428571428,0.0,0.01109225897098661
15.0,crank_nicolson,0.6428571428571428,0.07142857142857142,0.09911672131027424
15.0,crank_nicolson,0.6428571428571428,0.14285714285714285,0.2036590322838704
15.0,crank_nicolson,0.6428571428571428,0.21428571428571427,0.3055904196891611
15.0,crank_nicolson,0.6428571428571428,0.2857142857142857,0.40734477558024146
15.0,crank_nicolson,0.6428571428571428,0.3571428571428571,0.5083454235728453
15.0,crank_nicolson,0.6428571428571428,0.42857142857142855,0.6027449253762263
15.0,crank_nicolson,0.6428571428571428,0.5,0.6592530813152269
15.0,crank_nicolson,0.6428571428571428,0.5714285714285714,0.6027449253762258
15.0,crank_nicolson,0.6428571428571428,0.6428571428571428,0.5083454235728463
15.0,crank_nicolson,0.6428571428571428,0.7142857142857142,0.4073447755802419
15.0,crank_nicolson,0.6428571428571428,0.7857142857142857,0.3055904196891614
15.0,crank_nicolson,0.6428571428571428,0.8571428571428571,0.20365903228387094
15.0,crank_nicolson,0.6428571428571428,0.9285714285714285,0.09911672131027444
15.0,crank_nicolson,0.6428571428571428,1.0,0.01109225897098661
15.0,crank_nicolson,0.7142857142857142,0.0,0.01109225897098661
15.0,crank_nicolson,0.7142857142857142,0.07142857142857142,0.0788818134595658
15.0,crank_nicolson,0.7142857142857142,0.14285714285714285,0.1631874405605535
15.0,crank_nicolson,0.7142857142857142,0.21428571428571427,0.24488215225042928
15.0,crank_nicolson,0.7142857142857142,0.2857142857142857,0.3264132709028147
15.0,crank_nicolson,0.7142857142857142,0.3571428571428571,0.4073447755802412
15.0,crank_nicolson,0.7142857142857142,0.42857142857142855,0.4829875392729656
15.0,crank_nicolson,0.7142857142857142,0.5,0.528267835752266
15.0,crank_nicolson,0.7142857142857142,0.5714285714285714,0.48298753927296706
15.0,crank_nicolson,0.7142857142857142,0.6428571428571428,0.40734477558024207
15.0,crank_nicolson,0.7142857142857142,0.7142857142857142,0.32641327090281486
15.0,crank_nicolson,0.7142857142857142,0.7857142857142857,0.24488215225042956
15.0,crank_nicolson,0.7142857142857142,0.8571428571428571,0.16318744056055365
15.0,crank_nicolson,0.7142857142857142,0.9285714285714285,0.07888181345956591
15.0,crank_nicolson,0.7142857142857142,1.0,0.01109225897098661
15.0,crank_nicolson,0.7857142857142857,0.0,0.01109225897098661
15.0,crank_nicolson,0.7857142857142857,0.07142857142857142,0.05850275725828653
15.0,crank_nicolson,0.7857142857142857,0.14285714285714285,0.1224246579074855
15.0,crank_nicolson,0.7857142857142857,0.21428571428571427,0.18372930214910388
15.0,crank_nicolson,0.7857142857142857,0.2857142857142857,0.24488215225042992
15.0,crank_nicolson,0.7857142857142857,0.3571428571428571,0.30559041968916145
15.0,crank_nicolson,0.7857142857142857,0.42857142857142855,0.36233241868440186
15.0,crank_nicolson,0.7857142857142857,0.5,0.39629863459210407
15.0,crank_nicolson,0.7857142857142857,0.5714285714285714,0.3623324186844028
15.0,crank_nicolson,0.7857142857142857,0.6428571428571428,0.3055904196891619
15.0,crank_nicolson,0.7857142857142857,0.7142857142857142,0.24488215225042992
15.0,crank_nicolson,0.7857142857142857,0.7857142857142857,0.18372930214910402
15.0,crank_nicolson,0.7857142857142857,0.8571428571428571,0.1224246579074856
15.0,crank_nicolson,0.7857142857142857,0.9285714285714285,0.058502757258286624
15.0,crank_nicolson,0.7857142857142857,1.0,0.01109225897098661
15.0,crank_nicolson,0.8571428571428571,0.0,0.01109225897098661
15.0,crank_nicolson,0.8571428571428571,0.07142857142857142,0.037969137775877404
15.0,crank_nicolson,0.8571428571428571,0.14285714285714285,0.08151242957193273
15.0,crank_nicolson,0.8571428571428571,0.21428571428571427,0.12242465790748537
15.0,crank_nicolson,0.8571428571428571,0.2857142857142857,0.16318744056055365
15.0,crank_nicolson,0.8571428571428571,0.3571428571428571,0.20365903228387044
15.0,crank_nicolson,0.8571428571428571,0.42857142857142855,0.2414875344444233
15.0,crank_nicolson,0.8571428571428571,0.5,0.26413204257461653
15.0,crank_nicolson,0.8571428571428571,0.5714285714285714,0.24148753444442497
15.0,crank_nicolson,0.8571428571428571,0.6428571428571428,0.2036590322838713
15.0,crank_nicolson,0.8571428571428571,0.7142857142857142,0.16318744056055381
15.0,crank_nicolson,0.8571428571428571,0.7857142857142857,0.12242465790748541
15.0,crank_nicolson,0.8571428571428571,0.8571428571428571,0.08151242957193282
15.0,crank_nicolson,0.8571428571428571,0.9285714285714285,0.037969137775877466
15.0,crank_nicolson,0.8571428571428571,1.0,0.01109225897098661
15.0,crank_nicolson,0.9285714285714285,0.0,0.01109225897098661
15.0,crank_nicolson,0.9285714285714285,0.07142857142857142,0.015113137733089222
15.0,crank_nicolson,0.9285714285714285,0.14285714285714285,0.037969137775877404
15.0,crank_nicolson,0.9285714285714285,0.21428571428571427,0.05850275725828653
15.0,crank_nicolson,0.9285714285714285,0.2857142857142857,0.07888181345956559
15.0,crank_nicolson,0.9285714285714285,0.3571428571428571,0.09911672131027432
15.0,crank_nicolson,0.9285714285714285,0.42857142857142855,0.11803090225167905
15.0,crank_nicolson,0.9285714285714285,0.5,0.12935316586397172
15.0,crank_nicolson,0.9285714285714285,0.5714285714285714,0.1180309022516797
15.0,crank_nicolson,0.9285714285714285,0.6428571428571428,0.09911672131027445
15.0,crank_nicolson,0.9285714285714285,0.7142857142857142,0.07888181345956563
15.0,crank_nicolson,0.9285714285714285,0.7857142857142857,0.05850275725828653
15.0,crank_nicolson,0.9285714285714285,0.8571428571428571,0.037969137775877446
15.0,crank_nicolson,0.9285714285714285,0.9285714285714285,0.015113137733089255
15.0,crank_nicolson,0.9285714285714285,1.0,0.01109225897098661
15.0,crank_nicolson,1.0,0.0,0.01109225897098661
15.0,crank_nicolson,1.0,0.07142857142857142,0.01109225897098661
15.0,crank_nicolson,1.0,0.14285714285714285,0.01109225897098661
15.0,crank_nicolson,1.0,0.21428571428571427,0.01109225897098661
15.0,crank_nicolson,1.0,0.2857142857142857,0.01109225897098661
15.0,crank_nicolson,1.0,0.3571428571428571,0.01109225897098661
15.0,crank_nicolson,1.0,0.42857142857142855,0.01109225897098661
15.0,crank_nicolson,1.0,0.5,0.01109225897098661
15.0,crank_nicolson,1.0,0.5714285714285714,0.01109225897098661
15.0,crank_nicolson,1.0,0.6428571428571428,0.01109225897098661
15.0,crank_nicolson,1.0,0.7142857142857142,0.01109225897098661
15.0,crank_nicolson,1.0,0.7857142857142857,0.01109225897098661
15.0,crank_nicolson,1.0,0.8571428571428571,0.01109225897098661
15.0,crank_nicolson,1.0,0.9285714285714285,0.01109225897098661
15.0,crank_nicolson,1.0,1.0,0.01109225897098661
16.0,crank_nicolson,0.0,0.0,0.0375698018345672
16.0,crank_nicolson,0.0,0.07142857142857142,0.0375698018345672
16.0,crank_nicolson,0.0,0.14285714285714285,0.0375698018345672
16.0,crank_nicolson,0.0,0.21428571428571427,0.0375698018345672
16.0,crank_nicolson,0.0,0.2857142857142857,0.0375698018345672
16.0,crank_nicolson,0.0,0.3571428571428571,0.0375698018345672
16.0,crank_nicolson,0.0,0.42857142857142855,0.0375698018345672
16.0,crank_nicolson,0.0,0.5,0.0375698018345672
16.0,crank_nicolson,0.0,0.5714285714285714,0.0375698018345672
16.0,crank_nicolson,0.0,0.6428571428571428,0.0375698018345672
16.0,crank_nicolson,0.0,0.7142857142857142,0.0375698018345672
16.0,crank_nicolson,0.0,0.7857142857142857,0.0375698018345672
16.0,crank_nicolson,0.0,0.8571428571428571,0.0375698018345672
16.0,crank_nicolson,0.0,0.9285714285714285,0.0375698018345672
16.0,crank_nicolson,0.0,1.0,0.0375698018345672
16.0,crank_nicolson,0.07142857142857142,0.0,0.0375698018345672
16.0,crank_nicolson,0.07142857142857142,0.07142857142857142,0.014538552612456913
16.0,crank_nicolson,0.07142857142857142,0.14285714285714285,0.037542819555837874
16.0,crank_nicolson,0.07142857142857142,0.21428571428571427,0.05813844531009628
16.0,crank_nicolson,0.07142857142857142,0.2857142857142857,0.07851822532509742
16.0,crank_nicolson,0.07142857142857142,0.3571428571428571,0.09871951298478798
16.0,crank_nicolson,0.07142857142857142,0.42857142857142855,0.11746072495871428
16.0,crank_nicolson,0.07142857142857142,0.5,0.12838488022222433
16.0,crank_nicolson,0.07142857142857142,0.5714285714285714,0.11746072495871403
16.0,crank_nicolson,0.07142857142857142,0.6428571428571428,0.09871951298478777
16.0,crank_nicolson,0.07142857142857142,0.7142857142857142,0.07851822532509743
16.0,crank_nicolson,0.07142857142857142,0.7857142857142857,0.05813844531009627
16.0,crank_nicolson,0.07142857142857142,0.8571428571428571,0.03754281955583789
16.0,crank_nicolson,0.07142857142857142,0.9285714285714285,0.014538552612456918
16.0,crank_nicolson,0.07142857142857142,1.0,0.0375698018345672
16.0,crank_nicolson,0.14285714285714285,0.0,0.0375698018345672
16.0,crank_nicolson,0.14285714285714285,0.07142857142857142,0.03754281955583783
16.0,crank_nicolson,0.14285714285714285,0.14285714285714285,0.0813488127406655
16.0,crank_nicolson,0.14285714285714285,0.21428571428571427,0.12233783274808786
16.0,crank_nicolson,0.14285714285714285,0.2857142857142857,0.16309712906929266
16.0,crank_nicolson,0.14285714285714285,0.3571428571428571,0.20350135441161524
16.0,crank_nicolson,0.14285714285714285,0.42857142857142855,0.24098392281574213
16.0,crank_nicolson,0.14285714285714285,0.5,0.262832204391072
16.0,crank_nicolson,0.14285714285714285,0.5714285714285714,0.24098392281574127
16.0,crank_nicolson,0.14285714285714285,0.6428571428571428,0.2035013544116154
16.0,crank_nicolson,0.14285714285714285,0.7142857142857142,0.1630971290692927
16.0,crank_nicolson,0.14285714285714285,0.7857142857142857,0.12233783274808792
16.0,crank_nicolson,0.14285714285714285,0.8571428571428571,0.08134881274066554
16.0,crank_nicolson,0.14285714285714285,0.9285714285714285,0.037542819555837874
16.0,crank_nicolson,0.14285714285714285,1.0,0.0375698018345672
16.0,crank_nicolson,0.21428571428571427,0.0,0.0375698018345672
16.0,crank_nicolson,0.21428571428571427,0.07142857142857142,0.05813844531009621
16.0,crank_nicolson,0.21428571428571427,0.14285714285714285,0.12233783274808772
16.0,crank_nicolson,0.21428571428571427,0.21428571428571427,0.18371867998327707
16.0,crank_nicolson,0.21428571428571427,0.2857142857142857,0.24486303863366543
16.0,crank_nicolson,0.21428571428571427,0.3571428571428571,0.3054699722212507
16.0,crank_nicolson,0.21428571428571427,0.42857142857142855,0.36169276866442235
16.0,crank_nicolson,0.21428571428571427,0.5,0.3944644648097583
16.0,crank_nicolson,0.21428571428571427,0.5714285714285714,0.3616927686644218
16.0,crank_nicolson,0.21428571428571427,0.6428571428571428,0.3054699722212507
16.0,crank_nicolson,0.21428571428571427,0.7142857142857142,0.24486303863366538
16.0,crank_nicolson,0.21428571428571427,0.7857142857142857,0.18371867998327707
16.0,crank_nicolson,0.21428571428571427,0.8571428571428571,0.12233783274808778
16.0,crank_nicolson,0.21428571428571427,0.9285714285714285,0.05813844531009627
16.0,crank_nicolson,0.21428571428571427,1.0,0.0375698018345672
16.0,crank_nicolson,0.2857142857142857,0.0,0.0375698018345672
16.0,crank_nicolson,0.2857142857142857,0.07142857142857142,0.07851822532509709
16.0,crank_nicolson,0.2857142857142857,0.14285714285714285,0.16309712906929275
16.0,crank_nicolson,0.2857142857142857,0.21428571428571427,0.24486303863366585
16.0,crank_nicolson,0.2857142857142857,0.2857142857142857,0.32637712508925426
16.0,crank_nicolson,0.2857142857142857,0.3571428571428571,0.4071696222229032
16.0,crank_nicolson,0.2857142857142857,0.42857142857142855,0.482116522696865
16.0,crank_nicolson,0.2857142857142857,0.5,0.5258022256418323
16.0,crank_nicolson,0.2857142857142857,0.5714285714285714,0.48211652269686556
16.0,crank_nicolson,0.2857142857142857,0.6428571428571428,0.4071696222229032
16.0,crank_nicolson,0.2857142857142857,0.7142857142857142,0.3263771250892541
16.0,crank_nicolson,0.2857142857142857,0.7857142857142857,0.2448630386336659
16.0,crank_nicolson,0.2857142857142857,0.8571428571428571,0.16309712906929286
16.0,crank_nicolson,0.2857142857142857,0.9285714285714285,0.07851822532509718
16.0,crank_nicolson,0.2857142857142857,1.0,0.0375698018345672
16.0,crank_nicolson,0.3571428571428571,0.0,0.0375698018345672
16.0,crank_nicolson,0.3571428571428571,0.07142857142857142,0.0987195129847878
16.0,crank_nicolson,0.3571428571428571,0.14285714285714285,0.20350135441161543
16.0,crank_nicolson,0.3571428571428571,0.21428571428571427,0.30546997222125133
16.0,crank_nicolson,0.3571428571428571,0.2857142857142857,0.40716962222290415
16.0,crank_nicolson,0.3571428571428571,0.3571428571428571,0.5079648723714922
16.0,crank_nicolson,0.3571428571428571,0.42857142857142855,0.6014662824293565
16.0,crank_nicolson,0.3571428571428571,0.5,0.6559671273442872
16.0,crank_nicolson,0.3571428571428571,0.5714285714285714,0.6014662824293568
16.0,crank_nicolson,0.3571428571428571,0.6428571428571428,0.5079648723714908
16.0,crank_nicolson,0.3571428571428571,0.7142857142857142,0.4071696222229041
16.0,crank_nicolson,0.3571428571428571,0.7857142857142857,0.30546997222125133
16.0,crank_nicolson,0.3571428571428571,0.8571428571428571,0.20350135441161574
16.0,crank_nicolson,0.3571428571428571,0.9285714285714285,0.09871951298478786
16.0,crank_nicolson,0.3571428571428571,1.0,0.0375698018345672
16.0,crank_nicolson,0.42857142857142855,0.0,0.0375698018345672
16.0,crank_nicolson,0.42857142857142855,0.07142857142857142,0.11746072495871404
16.0,crank_nicolson,0.42857142857142855,0.14285714285714285,0.24098392281574155
16.0,crank_nicolson,0.42857142857142855,0.21428571428571427,0.36169276866442324
16.0,crank_nicolson,0.42857142857142855,0.2857142857142857,0.4821165226968664
16.0,crank_nicolson,0.42857142857142855,0.3571428571428571,0.6014662824293574
16.0,crank_nicolson,0.42857142857142855,0.42857142857142855,0.7121788018467587
16.0,crank_nicolson,0.42857142857142855,0.5,0.7767115615425163
16.0,crank_nicolson,0.42857142857142855,0.5714285714285714,0.7121788018467595
16.0,crank_nicolson,0.42857142857142855,0.6428571428571428,0.6014662824293582
16.0,crank_nicolson,0.42857142857142855,0.7142857142857142,0.4821165226968673
16.0,crank_nicolson,0.42857142857142855,0.7857142857142857,0.36169276866442357
16.0,crank_nicolson,0.42857142857142855,0.8571428571428571,0.2409839228157416
16.0,crank_nicolson,0.42857142857142855,0.9285714285714285,0.11746072495871379
16.0,crank_nicolson,0.42857142857142855,1.0,0.0375698018345672
16.0,crank_nicolson,0.5,0.0,0.0375698018345672
16.0,crank_nicolson,0.5,0.07142857142857142,0.12838488022222436
16.0,crank_nicolson,0.5,0.14285714285714285,0.2628322043910722
16.0,crank_nicolson,0.5,0.21428571428571427,0.39446446480975883
16.0,crank_nicolson,0.5,0.2857142857142857,0.5258022256418301
16.0,crank_nicolson,0.5,0.3571428571428571,0.6559671273442877
16.0,crank_nicolson,0.5,0.42857142857142855,0.7767115615425191
16.0,crank_nicolson,0.5,0.5,0.8470909890844676
16.0,crank_nicolson,0.5,0.5714285714285714,0.7767115615425161
16.0,crank_nicolson,0.5,0.6428571428571428,0.6559671273442866
16.0,crank_nicolson,0.5,0.7142857142857142,0.5258022256418319
16.0,crank_nicolson,0.5,0.7857142857142857,0.39446446480975994
16.0,crank_nicolson,0.5,0.8571428571428571,0.2628322043910723
16.0,crank_nicolson,0.5,0.9285714285714285,0.1283848802222244
16.0,crank_nicolson,0.5,1.0,0.0375698018345672
16.0,crank_nicolson,0.5714285714285714,0.0,0.0375698018345672
16.0,crank_nicolson,0.5714285714285714,0.07142857142857142,0.1174607249587142
16.0,crank_nicolson,0.5714285714285714,0.14285714285714285,0.240983922815742
16.0,crank_nicolson,0.5714285714285714,0.21428571428571427,0.3616927686644211
16.0,crank_nicolson,0.5714285714285714,0.2857142857142857,0.4821165226968644
16.0,crank_nicolson,0.5714285714285714,0.3571428571428571,0.601466282429356
16.0,crank_nicolson,0.5714285714285714,0.42857142857142855,0.7121788018467592
16.0,crank_nicolson,0.5714285714285714,0.5,0.776711561542518
16.0,crank_nicolson,0.5714285714285714,0.5714285714285714,0.71217880184676
16.0,crank_nicolson,0.5714285714285714,0.6428571428571428,0.6014662824293575
16.0,crank_nicolson,0.5714285714285714,0.7142857142857142,0.4821165226968655
16.0,crank_nicolson,0.5714285714285714,0.7857142857142857,0.3616927686644233
16.0,crank_nicolson,0.5714285714285714,0.8571428571428571,0.24098392281574302
16.0,crank_nicolson,0.5714285714285714,0.9285714285714285,0.11746072495871439
16.0,crank_nicolson,0.5714285714285714,1.0,0.0375698018345672
16.0,crank_nicolson,0.6428571428571428,0.0,0.0375698018345672
16.0,crank_nicolson,0.6428571428571428,0.07142857142857142,0.09871951298478762
16.0,crank_nicolson,0.6428571428571428,0.14285714285714285,0.20350135441161543
16.0,crank_nicolson,0.6428571428571428,0.21428571428571427,0.30546997222125055
16.0,crank_nicolson,0.6428571428571428,0.2857142857142857,0.4071696222229029
16.0,crank_nicolson,0.6428571428571428,0.3571428571428571,0.5079648723714901
16.0,crank_nicolson,0.6428571428571428,0.42857142857142855,0.6014662824293581
16.0,crank_nicolson,0.6428571428571428,0.5,0.655967127344287
16.0,crank_nicolson,0.6428571428571428,0.5714285714285714,0.6014662824293575
16.0,crank_nicolson,0.6428571428571428,0.6428571428571428,0.5079648723714917
16.0,crank_nicolson,0.6428571428571428,0.7142857142857142,0.4071696222229036
16.0,crank_nicolson,0.6428571428571428,0.7857142857142857,0.30546997222125094
16.0,crank_nicolson,0.6428571428571428,0.8571428571428571,0.2035013544116161
16.0,crank_nicolson,0.6428571428571428,0.9285714285714285,0.09871951298478784
16.0,crank_nicolson,0.6428571428571428,1.0,0.0375698018345672
16.0,crank_nicolson,0.7142857142857142,0.0,0.0375698018345672
16.0,crank_nicolson,0.7142857142857142,0.07142857142857142,0.0785182253250974
16.0,crank_nicolson,0.7142857142857142,0.14285714285714285,0.16309712906929266
16.0,crank_nicolson,0.7142857142857142,0.21428571428571427,0.2448630386336652
16.0,crank_nicolson,0.7142857142857142,0.2857142857142857,0.326377125089254
16.0,crank_nicolson,0.7142857142857142,0.3571428571428571,0.40716962222290254
16.0,crank_nicolson,0.7142857142857142,0.42857142857142855,0.4821165226968659
16.0,crank_nicolson,0.7142857142857142,0.5,0.5258022256418343
16.0,crank_nicolson,0.7142857142857142,0.5714285714285714,0.48211652269686733
16.0,crank_nicolson,0.7142857142857142,0.6428571428571428,0.4071696222229038
16.0,crank_nicolson,0.7142857142857142,0.7142857142857142,0.32637712508925415
16.0,crank_nicolson,0.7142857142857142,0.7857142857142857,0.24486303863366557
16.0,crank_nicolson,0.7142857142857142,0.8571428571428571,0.1630971290692928
16.0,crank_nicolson,0.7142857142857142,0.9285714285714285,0.0785182253250975
16.0,crank_nicolson,0.7142857142857142,1.0,0.0375698018345672
16.0,crank_nicolson,0.7857142857142857,0.0,0.0375698018345672
16.0,crank_nicolson,0.7857142857142857,0.07142857142857142,0.05813844531009628
16.0,crank_nicolson,0.7857142857142857,0.14285714285714285,0.1223378327480879
16.0,crank_nicolson,0.7857142857142857,0.21428571428571427,0.18371867998327704
16.0,crank_nicolson,0.7857142857142857,0.2857142857142857,0.24486303863366585
16.0,crank_nicolson,0.7857142857142857,0.3571428571428571,0.3054699722212509
16.0,crank_nicolson,0.7857142857142857,0.42857142857142855,0.36169276866442207
16.0,crank_nicolson,0.7857142857142857,0.5,0.3944644648097597
16.0,crank_nicolson,0.7857142857142857,0.5714285714285714,0.3616927686644231
16.0,crank_nicolson,0.7857142857142857,0.6428571428571428,0.3054699722212514
16.0,crank_nicolson,0.7857142857142857,0.7142857142857142,0.2448630386336659
16.0,crank_nicolson,0.7857142857142857,0.7857142857142857,0.18371867998327723
16.0,crank_nicolson,0.7857142857142857,0.8571428571428571,0.12233783274808803
16.0,crank_nicolson,0.7857142857142857,0.9285714285714285,0.05813844531009636
16.0,crank_nicolson,0.7857142857142857,1.0,0.0375698018345672
16.0,crank_nicolson,0.8571428571428571,0.0,0.0375698018345672
16.0,crank_nicolson,0.8571428571428571,0.07142857142857142,0.03754281955583788
16.0,crank_nicolson,0.8571428571428571,0.14285714285714285,0.08134881274066554
16.0,crank_nicolson,0.8571428571428571,0.21428571428571427,0.12233783274808778
16.0,crank_nicolson,0.8571428571428571,0.2857142857142857,0.16309712906929286
16.0,crank_nicolson,0.8571428571428571,0.3571428571428571,0.2035013544116156
16.0,crank_nicolson,0.8571428571428571,0.42857142857142855,0.24098392281574155
16.0,crank_nicolson,0.8571428571428571,0.5,0.2628322043910724
16.0,crank_nicolson,0.8571428571428571,0.5714285714285714,0.24098392281574324
16.0,crank_nicolson,0.8571428571428571,0.6428571428571428,0.20350135441161654
16.0,crank_nicolson,0.8571428571428571,0.7142857142857142,0.16309712906929302
16.0,crank_nicolson,0.8571428571428571,0.7857142857142857,0.12233783274808784
16.0,crank_nicolson,0.8571428571428571,0.8571428571428571,0.0813488127406656
16.0,crank_nicolson,0.8571428571428571,0.9285714285714285,0.037542819555837936
16.0,crank_nicolson,0.8571428571428571,1.0,0.0375698018345672
16.0,crank_nicolson,0.9285714285714285,0.0,0.0375698018345672
16.0,crank_nicolson,0.9285714285714285,0.07142857142857142,0.014538552612456918
16.0,crank_nicolson,0.9285714285714285,0.14285714285714285,0.037542819555837874
16.0,crank_nicolson,0.9285714285714285,0.21428571428571427,0.05813844531009627
16.0,crank_nicolson,0.9285714285714285,0.2857142857142857,0.07851822532509718
16.0,crank_nicolson,0.9285714285714285,0.3571428571428571,0.09871951298478773
16.0,crank_nicolson,0.9285714285714285,0.42857142857142855,0.11746072495871367
16.0,crank_nicolson,0.9285714285714285,0.5,0.12838488022222438
16.0,crank_nicolson,0.9285714285714285,0.5714285714285714,0.11746072495871437
16.0,crank_nicolson,0.9285714285714285,0.6428571428571428,0.09871951298478783
16.0,crank_nicolson,0.9285714285714285,0.7142857142857142,0.07851822532509722
16.0,crank_nicolson,0.9285714285714285,0.7857142857142857,0.05813844531009627
16.0,crank_nicolson,0.9285714285714285,0.8571428571428571,0.037542819555837915
16.0,crank_nicolson,0.9285714285714285,0.9285714285714285,0.014538552612456948
16.0,crank_nicolson,0.9285714285714285,1.0,0.0375698018345672
16.0,crank_nicolson,1.0,0.0,0.0375698018345672
16.0,crank_nicolson,1.0,0.07142857142857142,0.0375698018345672
16.0,crank_nicolson,1.0,0.14285714285714285,0.0375698018345672
16.0,crank_nicolson,1.0,0.21428571428571427,0.0375698018345672
16.0,crank_nicolson,1.0,0.2857142857142857,0.0375698018345672
16.0,crank_nicolson,1.0,0.3571428571428571,0.0375698018345672
16.0,crank_nicolson,1.0,0.42857142857142855,0.0375698018345672
16.0,crank_nicolson,1.0,0.5,0.0375698018345672
16.0,crank_nicolson,1.0,0.5714285714285714,0.0375698018345672
16.0,crank_nicolson,1.0,0.6428571428571428,0.0375698018345672
16.0,crank_nicolson,1.0,0.7142857142857142,0.0375698018345672
16.0,crank_nicolson,1.0,0.7857142857142857,0.0375698018345672
16.0,crank_nicolson,1.0,0.8571428571428571,0.0375698018345672
16.0,crank_nicolson,1.0,0.9285714285714285,0.0375698018345672
16.0,crank_nicolson,1.0,1.0,0.0375698018345672
17.0,crank_nicolson,0.0,0.0,-0.0600638689918805
17.0,crank_nicolson,0.0,0.07142857142857142,-0.0600638689918805
17.0,crank_nicolson,0.0,0.14285714285714285,-0.0600638689918805
17.0,crank_nicolson,0.0,0.21428571428571427,-0.0600638689918805
17.0,crank_nicolson,0.0,0.2857142857142857,-0.0600638689918805
17.0,crank_nicolson,0.0,0.3571428571428571,-0.0600638689918805
17.0,crank_nicolson,0.0,0.42857142857142855,-0.0600638689918805
17.0,crank_nicolson,0.0,0.5,-0.0600638689918805
17.0,crank_nicolson,0.0,0.5714285714285714,-0.0600638689918805
17.0,crank_nicolson,0.0,0.6428571428571428,-0.0600638689918805
17.0,crank_nicolson,0.0,0.7142857142857142,-0.0600638689918805
17.0,crank_nicolson,0.0,0.7857142857142857,-0.0600638689918805
17.0,crank_nicolson,0.0,0.8571428571428571,-0.0600638689918805
17.0,crank_nicolson,0.0,0.9285714285714285,-0.0600638689918805
17.0,crank_nicolson,0.0,1.0,-0.0600638689918805
17.0,crank_nicolson,0.07142857142857142,0.0,-0.0600638689918805
17.0,crank_nicolson,0.07142857142857142,0.07142857142857142,0.013958931462364297
17.0,crank_nicolson,0.07142857142857142,0.14285714285714285,0.03718733949999476
17.0,crank_nicolson,0.07142857142857142,0.21428571428571427,0.05781123822875946
17.0,crank_nicolson,0.07142857142857142,0.2857142857142857,0.07819157109839266
17.0,crank_nicolson,0.07142857142857142,0.3571428571428571,0.09837498250907942
17.0,crank_nicolson,0.07142857142857142,0.42857142857142855,0.11702892767435581
17.0,crank_nicolson,0.07142857142857142,0.5,0.12776422928304115
17.0,crank_nicolson,0.07142857142857142,0.5714285714285714,0.11702892767435558
17.0,crank_nicolson,0.07142857142857142,0.6428571428571428,0.0983749825090792
17.0,crank_nicolson,0.07142857142857142,0.7142857142857142,0.07819157109839267
17.0,crank_nicolson,0.07142857142857142,0.7857142857142857,0.05781123822875946
17.0,crank_nicolson,0.07142857142857142,0.8571428571428571,0.037187339499994775
17.0,crank_nicolson,0.07142857142857142,0.9285714285714285,0.013958931462364304
17.0,crank_nicolson,0.07142857142857142,1.0,-0.0600638689918805
17.0,crank_nicolson,0.14285714285714285,0.0,-0.0600638689918805
17.0,crank_nicolson,0.14285714285714285,0.07142857142857142,0.037187339499994726
17.0,crank_nicolson,0.14285714285714285,0.14285714285714285,0.08126840135515509
17.0,crank_nicolson,0.14285714285714285,0.21428571428571427,0.12229413919644375
17.0,crank_nicolson,0.14285714285714285,0.2857142857142857,0.1630518187963149
17.0,crank_nicolson,0.14285714285714285,0.3571428571428571,0.20342017982673474
17.0,crank_nicolson,0.14285714285714285,0.42857142857142855,0.24072821149469995
17.0,crank_nicolson,0.14285714285714285,0.5,0.26219877948089343
17.0,crank_nicolson,0.14285714285714285,0.5714285714285714,0.24072821149469917
17.0,crank_nicolson,0.14285714285714285,0.6428571428571428,0.2034201798267349
17.0,crank_nicolson,0.14285714285714285,0.7142857142857142,0.16305181879631492
17.0,crank_nicolson,0.14285714285714285,0.7857142857142857,0.12229413919644382
17.0,crank_nicolson,0.14285714285714285,0.8571428571428571,0.08126840135515513
17.0,crank_nicolson,0.14285714285714285,0.9285714285714285,0.03718733949999476
17.0,crank_nicolson,0.14285714285714285,1.0,-0.0600638689918805
17.0,crank_nicolson,0.21428571428571427,0.0,-0.0600638689918805
17.0,crank_nicolson,0.21428571428571427,0.07142857142857142,0.05781123822875938
17.0,crank_nicolson,0.21428571428571427,0.14285714285714285,0.12229413919644362
17.0,crank_nicolson,0.21428571428571427,0.21428571428571427,0.18371164112490884
17.0,crank_nicolson,0.21428571428571427,0.2857142857142857,0.24485159661734848
17.0,crank_nicolson,0.21428571428571427,0.3571428571428571,0.3054045225566584
17.0,crank_nicolson,0.21428571428571427,0.42857142857142855,0.361365332714475
17.0,crank_nicolson,0.21428571428571427,0.5,0.3935703549529365
17.0,crank_nicolson,0.21428571428571427,0.5714285714285714,0.3613653327144745
17.0,crank_nicolson,0.21428571428571427,0.6428571428571428,0.30540452255665834
17.0,crank_nicolson,0.21428571428571427,0.7142857142857142,0.24485159661734843
17.0,crank_nicolson,0.21428571428571427,0.7857142857142857,0.1837116411249089
17.0,crank_nicolson,0.21428571428571427,0.8571428571428571,0.12229413919644368
17.0,crank_nicolson,0.21428571428571427,0.9285714285714285,0.05781123822875945
17.0,crank_nicolson,0.21428571428571427,1.0,-0.0600638689918805
17.0,crank_nicolson,0.2857142857142857,0.0,-0.0600638689918805
17.0,crank_nicolson,0.2857142857142857,0.07142857142857142,0.07819157109839231
17.0,crank_nicolson,0.2857142857142857,0.14285714285714285,0.163051818796315
17.0,crank_nicolson,0.2857142857142857,0.21428571428571427,0.24485159661734887
17.0,crank_nicolson,0.2857142857142857,0.2857142857142857,0.3263564728927968
17.0,crank_nicolson,0.2857142857142857,0.3571428571428571,0.4070747461554638
17.0,crank_nicolson,0.2857142857142857,0.42857142857142855,0.48167033052774055
17.0,crank_nicolson,0.2857142857142857,0.5,0.5245994344024499
17.0,crank_nicolson,0.2857142857142857,0.5714285714285714,0.48167033052774105
17.0,crank_nicolson,0.2857142857142857,0.6428571428571428,0.4070747461554638
17.0,crank_nicolson,0.2857142857142857,0.7142857142857142,0.3263564728927966
17.0,crank_nicolson,0.2857142857142857,0.7857142857142857,0.24485159661734893
17.0,crank_nicolson,0.2857142857142857,0.8571428571428571,0.16305181879631508
17.0,crank_nicolson,0.2857142857142857,0.9285714285714285,0.0781915710983924
17.0,crank_nicolson,0.2857142857142857,1.0,-0.0600638689918805
17.0,crank_nicolson,0.3571428571428571,0.0,-0.0600638689918805
17.0,crank_nicolson,0.3571428571428571,0.07142857142857142,0.09837498250907922
17.0,crank_nicolson,0.3571428571428571,0.14285714285714285,0.20342017982673488
17.0,crank_nicolson,0.3571428571428571,0.21428571428571427,0.3054045225566591
17.0,crank_nicolson,0.3571428571428571,0.2857142857142857,0.4070747461554646
17.0,crank_nicolson,0.3571428571428571,0.3571428571428571,0.5077604019635187
17.0,crank_nicolson,0.3571428571428571,0.42857142857142855,0.6008077959612812
17.0,crank_nicolson,0.3571428571428571,0.5,0.6543556746763166
17.0,crank_nicolson,0.3571428571428571,0.5714285714285714,0.6008077959612818
17.0,crank_nicolson,0.3571428571428571,0.6428571428571428,0.5077604019635171
17.0,crank_nicolson,0.3571428571428571,0.7142857142857142,0.4070747461554646
17.0,crank_nicolson,0.3571428571428571,0.7857142857142857,0.3054045225566591
17.0,crank_nicolson,0.3571428571428571,0.8571428571428571,0.20342017982673527
17.0,crank_nicolson,0.3571428571428571,0.9285714285714285,0.09837498250907928
17.0,crank_nicolson,0.3571428571428571,1.0,-0.0600638689918805
17.0,crank_nicolson,0.42857142857142855,0.0,-0.0600638689918805
17.0,crank_nicolson,0.42857142857142855,0.07142857142857142,0.11702892767435558
17.0,crank_nicolson,0.42857142857142855,0.14285714285714285,0.24072821149469945
17.0,crank_nicolson,0.42857142857142855,0.21428571428571427,0.36136533271447596
17.0,crank_nicolson,0.42857142857142855,0.2857142857142857,0.48167033052774194
17.0,crank_nicolson,0.42857142857142855,0.3571428571428571,0.6008077959612819
17.0,crank_nicolson,0.42857142857142855,0.42857142857142855,0.7109064445791532
17.0,crank_nicolson,0.42857142857142855,0.5,0.7742669164667907
17.0,crank_nicolson,0.42857142857142855,0.5714285714285714,0.7109064445791538
17.0,crank_nicolson,0.42857142857142855,0.6428571428571428,0.6008077959612824
17.0,crank_nicolson,0.42857142857142855,0.7142857142857142,0.48167033052774283
17.0,crank_nicolson,0.42857142857142855,0.7857142857142857,0.3613653327144763
17.0,crank_nicolson,0.42857142857142855,0.8571428571428571,0.2407282114946995
17.0,crank_nicolson,0.42857142857142855,0.9285714285714285,0.11702892767435531
17.0,crank_nicolson,0.42857142857142855,1.0,-0.0600638689918805
17.0,crank_nicolson,0.5,0.0,-0.0600638689918805
17.0,crank_nicolson,0.5,0.07142857142857142,0.12776422928304118
17.0,crank_nicolson,0.5,0.14285714285714285,0.2621987794808936
17.0,crank_nicolson,0.5,0.21428571428571427,0.3935703549529371
17.0,crank_nicolson,0.5,0.2857142857142857,0.5245994344024474
17.0,crank_nicolson,0.5,0.3571428571428571,0.6543556746763172
17.0,crank_nicolson,0.5,0.42857142857142855,0.7742669164667936
17.0,crank_nicolson,0.5,0.5,0.843273663412267
17.0,crank_nicolson,0.5,0.5714285714285714,0.7742669164667904
17.0,crank_nicolson,0.5,0.6428571428571428,0.6543556746763161
17.0,crank_nicolson,0.5,0.7142857142857142,0.5245994344024496
17.0,crank_nicolson,0.5,0.7857142857142857,0.39357035495293813
17.0,crank_nicolson,0.5,0.8571428571428571,0.26219877948089376
17.0,crank_nicolson,0.5,0.9285714285714285,0.12776422928304124
17.0,crank_nicolson,0.5,1.0,-0.0600638689918805
17.0,crank_nicolson,0.5714285714285714,0.0,-0.0600638689918805
17.0,crank_nicolson,0.5714285714285714,0.07142857142857142,0.11702892767435571
17.0,crank_nicolson,0.5714285714285714,0.14285714285714285,0.24072821149469995
17.0,crank_nicolson,0.5714285714285714,0.21428571428571427,0.36136533271447363
17.0,crank_nicolson,0.5714285714285714,0.2857142857142857,0.48167033052773994
17.0,crank_nicolson,0.5714285714285714,0.3571428571428571,0.6008077959612802
17.0,crank_nicolson,0.5714285714285714,0.42857142857142855,0.7109064445791536
17.0,crank_nicolson,0.5714285714285714,0.5,0.7742669164667921
17.0,crank_nicolson,0.5714285714285714,0.5714285714285714,0.7109064445791542
17.0,crank_nicolson,0.5714285714285714,0.6428571428571428,0.600807795961282
17.0,crank_nicolson,0.5714285714285714,0.7142857142857142,0.48167033052774105
17.0,crank_nicolson,0.5714285714285714,0.7857142857142857,0.361365332714476
17.0,crank_nicolson,0.5714285714285714,0.8571428571428571,0.24072821149470097
17.0,crank_nicolson,0.5714285714285714,0.9285714285714285,0.11702892767435594
17.0,crank_nicolson,0.5714285714285714,1.0,-0.0600638689918805
17.0,crank_nicolson,0.6428571428571428,0.0,-0.0600638689918805
17.0,crank_nicolson,0.6428571428571428,0.07142857142857142,0.09837498250907904
17.0,crank_nicolson,0.6428571428571428,0.14285714285714285,0.20342017982673488
17.0,crank_nicolson,0.6428571428571428,0.21428571428571427,0.3054045225566581
17.0,crank_nicolson,0.6428571428571428,0.2857142857142857,0.4070747461554635
17.0,crank_nicolson,0.6428571428571428,0.3571428571428571,0.5077604019635166
17.0,crank_nicolson,0.6428571428571428,0.42857142857142855,0.6008077959612825
17.0,crank_nicolson,0.6428571428571428,0.5,0.6543556746763166
17.0,crank_nicolson,0.6428571428571428,0.5714285714285714,0.6008077959612819
17.0,crank_nicolson,0.6428571428571428,0.6428571428571428,0.5077604019635181
17.0,crank_nicolson,0.6428571428571428,0.7142857142857142,0.4070747461554642
17.0,crank_nicolson,0.6428571428571428,0.7857142857142857,0.30540452255665856
17.0,crank_nicolson,0.6428571428571428,0.8571428571428571,0.20342017982673563
17.0,crank_nicolson,0.6428571428571428,0.9285714285714285,0.09837498250907926
17.0,crank_nicolson,0.6428571428571428,1.0,-0.0600638689918805
17.0,crank_nicolson,0.7142857142857142,0.0,-0.0600638689918805
17.0,crank_nicolson,0.7142857142857142,0.07142857142857142,0.07819157109839264
17.0,crank_nicolson,0.7142857142857142,0.14285714285714285,0.1630518187963149
17.0,crank_nicolson,0.7142857142857142,0.21428571428571427,0.24485159661734826
17.0,crank_nicolson,0.7142857142857142,0.2857142857142857,0.3263564728927965
17.0,crank_nicolson,0.7142857142857142,0.3571428571428571,0.40707474615546296
17.0,crank_nicolson,0.7142857142857142,0.42857142857142855,0.4816703305277415
17.0,crank_nicolson,0.7142857142857142,0.5,0.5245994344024519
17.0,crank_nicolson,0.7142857142857142,0.5714285714285714,0.48167033052774283
17.0,crank_nicolson,0.7142857142857142,0.6428571428571428,0.40707474615546435
17.0,crank_nicolson,0.7142857142857142,0.7142857142857142,0.32635647289279673
17.0,crank_nicolson,0.7142857142857142,0.7857142857142857,0.2448515966173486
17.0,crank_nicolson,0.7142857142857142,0.8571428571428571,0.16305181879631506
17.0,crank_nicolson,0.7142857142857142,0.9285714285714285,0.07819157109839274
17.0,crank_nicolson,0.7142857142857142,1.0,-0.0600638689918805
17.0,crank_nicolson,0.7857142857142857,0.0,-0.0600638689918805
17.0,crank_nicolson,0.7857142857142857,0.07142857142857142,0.05781123822875946
17.0,crank_nicolson,0.7857142857142857,0.14285714285714285,0.1222941391964438
17.0,crank_nicolson,0.7857142857142857,0.21428571428571427,0.18371164112490887
17.0,crank_nicolson,0.7857142857142857,0.2857142857142857,0.24485159661734887
17.0,crank_nicolson,0.7857142857142857,0.3571428571428571,0.3054045225566586
17.0,crank_nicolson,0.7857142857142857,0.42857142857142855,0.36136533271447474
17.0,crank_nicolson,0.7857142857142857,0.5,0.3935703549529379
17.0,crank_nicolson,0.7857142857142857,0.5714285714285714,0.3613653327144758
17.0,crank_nicolson,0.7857142857142857,0.6428571428571428,0.3054045225566591
17.0,crank_nicolson,0.7857142857142857,0.7142857142857142,0.24485159661734893
17.0,crank_nicolson,0.7857142857142857,0.7857142857142857,0.18371164112490904
17.0,crank_nicolson,0.7857142857142857,0.8571428571428571,0.1222941391964439
17.0,crank_nicolson,0.7857142857142857,0.9285714285714285,0.05781123822875954
17.0,crank_nicolson,0.7857142857142857,1.0,-0.0600638689918805
17.0,crank_nicolson,0.8571428571428571,0.0,-0.0600638689918805
17.0,crank_nicolson,0.8571428571428571,0.07142857142857142,0.03718733949999477
17.0,crank_nicolson,0.8571428571428571,0.14285714285714285,0.08126840135515513
17.0,crank_nicolson,0.8571428571428571,0.21428571428571427,0.12229413919644368
17.0,crank_nicolson,0.8571428571428571,0.2857142857142857,0.16305181879631508
17.0,crank_nicolson,0.8571428571428571,0.3571428571428571,0.20342017982673505
17.0,crank_nicolson,0.8571428571428571,0.42857142857142855,0.24072821149469933
17.0,crank_nicolson,0.8571428571428571,0.5,0.2621987794808939
17.0,crank_nicolson,0.8571428571428571,0.5714285714285714,0.24072821149470122
17.0,crank_nicolson,0.8571428571428571,0.6428571428571428,0.203420179826736
17.0,crank_nicolson,0.8571428571428571,0.7142857142857142,0.16305181879631525
17.0,crank_nicolson,0.8571428571428571,0.7857142857142857,0.12229413919644373
17.0,crank_nicolson,0.8571428571428571,0.8571428571428571,0.0812684013551552
17.0,crank_nicolson,0.8571428571428571,0.9285714285714285,0.03718733949999482
17.0,crank_nicolson,0.8571428571428571,1.0,-0.0600638689918805
17.0,crank_nicolson,0.9285714285714285,0.0,-0.0600638689918805
17.0,crank_nicolson,0.9285714285714285,0.07142857142857142,0.013958931462364304
17.0,crank_nicolson,0.9285714285714285,0.14285714285714285,0.03718733949999476
17.0,crank_nicolson,0.9285714285714285,0.21428571428571427,0.05781123822875945
17.0,crank_nicolson,0.9285714285714285,0.2857142857142857,0.0781915710983924
17.0,crank_nicolson,0.9285714285714285,0.3571428571428571,0.09837498250907917
17.0,crank_nicolson,0.9285714285714285,0.42857142857142855,0.11702892767435519
17.0,crank_nicolson,0.9285714285714285,0.5,0.1277642292830412
17.0,crank_nicolson,0.9285714285714285,0.5714285714285714,0.1170289276743559
17.0,crank_nicolson,0.9285714285714285,0.6428571428571428,0.09837498250907926
17.0,crank_nicolson,0.9285714285714285,0.7142857142857142,0.07819157109839243
17.0,crank_nicolson,0.9285714285714285,0.7857142857142857,0.05781123822875945
17.0,crank_nicolson,0.9285714285714285,0.8571428571428571,0.0371873394999948
17.0,crank_nicolson,0.9285714285714285,0.9285714285714285,0.01395893146236433
17.0,crank_nicolson,0.9285714285714285,1.0,-0.0600638689918805
17.0,crank_nicolson,1.0,0.0,-0.0600638689918805
17.0,crank_nicolson,1.0,0.07142857142857142,-0.0600638689918805
17.0,crank_nicolson,1.0,0.14285714285714285,-0.0600638689918805
17.0,crank_nicolson,1.0,0.21428571428571427,-0.0600638689918805
17.0,crank_nicolson,1.0,0.2857142857142857,-0.0600638689918805
17.0,crank_nicolson,1.0,0.3571428571428571,-0.0600638689918805
17.0,crank_nicolson,1.0,0.42857142857142855,-0.0600638689918805
17.0,crank_nicolson,1.0,0.5,-0.0600638689918805
17.0,crank_nicolson,1.0,0.5714285714285714,-0.0600638689918805
17.0,crank_nicolson,1.0,0.6428571428571428,-0.0600638689918805
17.0,crank_nicolson,1.0,0.7142857142857142,-0.0600638689918805
17.0,crank_nicolson,1.0,0.7857142857142857,-0.0600638689918805
17.0,crank_nicolson,1.0,0.8571428571428571,-0.0600638689918805
17.0,crank_nicolson,1.0,0.9285714285714285,-0.0600638689918805
17.0,crank_nicolson,1.0,1.0,-0.0600638689918805
18.0,crank_nicolson,0.0,0.0,-0.060170661222939695
18.0,crank_nicolson,0.0,0.07142857142857142,-0.060170661222939695
18.0,crank_nicolson,0.0,0.14285714285714285,-0.060170661222939695
18.0,crank_nicolson,0.0,0.21428571428571427,-0.060170661222939695
18.0,crank_nicolson,0.0,0.2857142857142857,-0.060170661222939695
18.0,crank_nicolson,0.0,0.3571428571428571,-0.060170661222939695
18.0,crank_nicolson,0.0,0.42857142857142855,-0.060170661222939695
18.0,crank_nicolson,0.0,0.5,-0.060170661222939695
18.0,crank_nicolson,0.0,0.5714285714285714,-0.060170661222939695
18.0,crank_nicolson,0.0,0.6428571428571428,-0.060170661222939695
18.0,crank_nicolson,0.0,0.7142857142857142,-0.060170661222939695
18.0,crank_nicolson,0.0,0.7857142857142857,-0.060170661222939695
18.0,crank_nicolson,0.0,0.8571428571428571,-0.060170661222939695
18.0,crank_nicolson,0.0,0.9285714285714285,-0.060170661222939695
18.0,crank_nicolson,0.0,1.0,-0.060170661222939695
18.0,crank_nicolson,0.07142857142857142,0.0,-0.060170661222939695
18.0,crank_nicolson,0.07142857142857142,0.07142857142857142,0.013259811893613496
18.0,crank_nicolson,0.07142857142857142,0.14285714285714285,0.036700571110464424
18.0,crank_nicolson,0.07142857142857142,0.21428571428571427,0.05738245191158897
18.0,crank_nicolson,0.07142857142857142,0.2857142857142857,0.07776414342458549
18.0,crank_nicolson,0.07142857142857142,0.3571428571428571,0.09790974023493541
18.0,crank_nicolson,0.07142857142857142,0.42857142857142855,0.11638804949057435
18.0,crank_nicolson,0.07142857142857142,0.5,0.1267646651674571
18.0,crank_nicolson,0.07142857142857142,0.5714285714285714,0.11638804949057409
18.0,crank_nicolson,0.07142857142857142,0.6428571428571428,0.0979097402349352
18.0,crank_nicolson,0.07142857142857142,0.7142857142857142,0.07776414342458549
18.0,crank_nicolson,0.07142857142857142,0.7857142857142857,0.057382451911588965
18.0,crank_nicolson,0.07142857142857142,0.8571428571428571,0.03670057111046444
18.0,crank_nicolson,0.07142857142857142,0.9285714285714285,0.013259811893613502
18.0,crank_nicolson,0.07142857142857142,1.0,-0.060170661222939695
18.0,crank_nicolson,0.14285714285714285,0.0,-0.060170661222939695
18.0,crank_nicolson,0.14285714285714285,0.07142857142857142,0.03670057111046438
18.0,crank_nicolson,0.14285714285714285,0.14285714285714285,0.08109729173619479
18.0,crank_nicolson,0.14285714285714285,0.21428571428571427,0.12219963463845931
18.0,crank_nicolson,0.14285714285714285,0.2857142857142857,0.16295420372727357
18.0,crank_nicolson,0.14285714285714285,0.3571428571428571,0.20324661084280207
18.0,crank_nicolson,0.14285714285714285,0.42857142857142855,0.2402033514368945
18.0,crank_nicolson,0.14285714285714285,0.5,0.2609565317622395
18.0,crank_nicolson,0.14285714285714285,0.5714285714285714,0.24020335143689375
18.0,crank_nicolson,0.14285714285714285,0.6428571428571428,0.20324661084280232
18.0,crank_nicolson,0.14285714285714285,0.7142857142857142,0.16295420372727365
18.0,crank_nicolson,0.14285714285714285,0.7857142857142857,0.1221996346384594
18.0,crank_nicolson,0.14285714285714285,0.8571428571428571,0.08109729173619482
18.0,crank_nicolson,0.14285714285714285,0.9285714285714285,0.0367005711104644
18.0,crank_nicolson,0.14285714285714285,1.0,-0.060170661222939695
18.0,crank_nicolson,0.21428571428571427,0.0,-0.060170661222939695
18.0,crank_nicolson,0.21428571428571427,0.07142857142857142,0.057382451911588875
18.0,crank_nicolson,0.21428571428571427,0.14285714285714285,0.12219963463845925
18.0,crank_nicolson,0.21428571428571427,0.21428571428571427,0.18369409514810045
18.0,crank_nicolson,0.21428571428571427,0.2857142857142857,0.24482478250943684
18.0,crank_nicolson,0.21428571428571427,0.3571428571428571,0.30526320021139924
18.0,crank_nicolson,0.21428571428571427,0.42857142857142855,0.36069664340230984
18.0,crank_nicolson,0.21428571428571427,0.5,0.3918253479879703
18.0,crank_nicolson,0.21428571428571427,0.5714285714285714,0.3606966434023092
18.0,crank_nicolson,0.21428571428571427,0.6428571428571428,0.3052632002113992
18.0,crank_nicolson,0.21428571428571427,0.7142857142857142,0.2448247825094368
18.0,crank_nicolson,0.21428571428571427,0.7857142857142857,0.18369409514810048
18.0,crank_nicolson,0.21428571428571427,0.8571428571428571,0.12219963463845929
18.0,crank_nicolson,0.21428571428571427,0.9285714285714285,0.057382451911588965
18.0,crank_nicolson,0.21428571428571427,1.0,-0.060170661222939695
18.0,crank_nicolson,0.2857142857142857,0.0,-0.060170661222939695
18.0,crank_nicolson,0.2857142857142857,0.07142857142857142,0.07776414342458514
18.0,crank_nicolson,0.2857142857142857,0.14285714285714285,0.16295420372727376
18.0,crank_nicolson,0.2857142857142857,0.21428571428571427,0.24482478250943737
18.0,crank_nicolson,0.2857142857142857,0.2857142857142857,0.3263096521880401
18.0,crank_nicolson,0.2857142857142857,0.3571428571428571,0.4068702606451838
18.0,crank_nicolson,0.2857142857142857,0.42857142857142855,0.4807582665383214
18.0,crank_nicolson,0.2857142857142857,0.5,0.5222500469212937
18.0,crank_nicolson,0.2857142857142857,0.5714285714285714,0.480758266538322
18.0,crank_nicolson,0.2857142857142857,0.6428571428571428,0.4068702606451836
18.0,crank_nicolson,0.2857142857142857,0.7142857142857142,0.3263096521880399
18.0,crank_nicolson,0.2857142857142857,0.7857142857142857,0.24482478250943737
18.0,crank_nicolson,0.2857142857142857,0.8571428571428571,0.16295420372727384
18.0,crank_nicolson,0.2857142857142857,0.9285714285714285,0.07776414342458522
18.0,crank_nicolson,0.2857142857142857,1.0,-0.060170661222939695
18.0,crank_nicolson,0.3571428571428571,0.0,-0.060170661222939695
18.0,crank_nicolson,0.3571428571428571,0.07142857142857142,0.09790974023493527
18.0,crank_nicolson,0.3571428571428571,0.14285714285714285,0.20324661084280232
18.0,crank_nicolson,0.3571428571428571,0.21428571428571427,0.3052632002114001
18.0,crank_nicolson,0.3571428571428571,0.2857142857142857,0.4068702606451846
18.0,crank_nicolson,0.3571428571428571,0.3571428571428571,0.5073232941889958
18.0,crank_nicolson,0.3571428571428571,0.42857142857142855,0.5994550999621859
18.0,crank_nicolson,0.3571428571428571,0.5,0.6511915859168456
18.0,crank_nicolson,0.3571428571428571,0.5714285714285714,0.5994550999621865
18.0,crank_nicolson,0.3571428571428571,0.6428571428571428,0.5073232941889939
18.0,crank_nicolson,0.3571428571428571,0.7142857142857142,0.40687026064518456
18.0,crank_nicolson,0.3571428571428571,0.7857142857142857,0.3052632002114001
18.0,crank_nicolson,0.3571428571428571,0.8571428571428571,0.20324661084280263
18.0,crank_nicolson,0.3571428571428571,0.9285714285714285,0.0979097402349353
18.0,crank_nicolson,0.3571428571428571,1.0,-0.060170661222939695
18.0,crank_nicolson,0.42857142857142855,0.0,-0.060170661222939695
18.0,crank_nicolson,0.42857142857142855,0.07142857142857142,0.1163880494905741
18.0,crank_nicolson,0.42857142857142855,0.14285714285714285,0.240203351436894
18.0,crank_nicolson,0.42857142857142855,0.21428571428571427,0.36069664340231095
18.0,crank_nicolson,0.42857142857142855,0.2857142857142857,0.48075826653832293
18.0,crank_nicolson,0.42857142857142855,0.3571428571428571,0.5994550999621868
18.0,crank_nicolson,0.42857142857142855,0.42857142857142855,0.7083186859925465
18.0,crank_nicolson,0.42857142857142855,0.5,0.7694506305771328
18.0,crank_nicolson,0.42857142857142855,0.5714285714285714,0.7083186859925471
18.0,crank_nicolson,0.42857142857142855,0.6428571428571428,0.5994550999621874
18.0,crank_nicolson,0.42857142857142855,0.7142857142857142,0.4807582665383238
18.0,crank_nicolson,0.42857142857142855,0.7857142857142857,0.3606966434023113
18.0,crank_nicolson,0.42857142857142855,0.8571428571428571,0.2402033514368941
18.0,crank_nicolson,0.42857142857142855,0.9285714285714285,0.11638804949057382
18.0,crank_nicolson,0.42857142857142855,1.0,-0.060170661222939695
18.0,crank_nicolson,0.5,0.0,-0.060170661222939695
18.0,crank_nicolson,0.5,0.07142857142857142,0.12676466516745713
18.0,crank_nicolson,0.5,0.14285714285714285,0.26095653176223965
18.0,crank_nicolson,0.5,0.21428571428571427,0.3918253479879707
18.0,crank_nicolson,0.5,0.2857142857142857,0.5222500469212912
18.0,crank_nicolson,0.5,0.3571428571428571,0.6511915859168461
18.0,crank_nicolson,0.5,0.42857142857142855,0.7694506305771359
18.0,crank_nicolson,0.5,0.5,0.8358578736256983
18.0,crank_nicolson,0.5,0.5714285714285714,0.7694506305771325
18.0,crank_nicolson,0.5,0.6428571428571428,0.6511915859168448
18.0,crank_nicolson,0.5,0.7142857142857142,0.5222500469212936
18.0,crank_nicolson,0.5,0.7857142857142857,0.3918253479879719
18.0,crank_nicolson,0.5,0.8571428571428571,0.2609565317622398
18.0,crank_nicolson,0.5,0.9285714285714285,0.1267646651674572
18.0,crank_nicolson,0.5,1.0,-0.060170661222939695
18.0,crank_nicolson,0.5714285714285714,0.0,-0.060170661222939695
18.0,crank_nicolson,0.5714285714285714,0.07142857142857142,0.11638804949057427
18.0,crank_nicolson,0.5714285714285714,0.14285714285714285,0.24020335143689447
18.0,crank_nicolson,0.5714285714285714,0.21428571428571427,0.3606966434023083
18.0,crank_nicolson,0.5714285714285714,0.2857142857142857,0.48075826653832066
18.0,crank_nicolson,0.5714285714285714,0.3571428571428571,0.5994550999621848
18.0,crank_nicolson,0.5714285714285714,0.42857142857142855,0.7083186859925471
18.0,crank_nicolson,0.5714285714285714,0.5,0.7694506305771339
18.0,crank_nicolson,0.5714285714285714,0.5714285714285714,0.7083186859925475
18.0,crank_nicolson,0.5714285714285714,0.6428571428571428,0.5994550999621868
18.0,crank_nicolson,0.5714285714285714,0.7142857142857142,0.48075826653832193
18.0,crank_nicolson,0.5714285714285714,0.7857142857142857,0.3606966434023108
18.0,crank_nicolson,0.5714285714285714,0.8571428571428571,0.24020335143689558
18.0,crank_nicolson,0.5714285714285714,0.9285714285714285,0.1163880494905745
18.0,crank_nicolson,0.5714285714285714,1.0,-0.060170661222939695
18.0,crank_nicolson,0.6428571428571428,0.0,-0.060170661222939695
18.0,crank_nicolson,0.6428571428571428,0.07142857142857142,0.09790974023493505
18.0,crank_nicolson,0.6428571428571428,0.14285714285714285,0.2032466108428023
18.0,crank_nicolson,0.6428571428571428,0.21428571428571427,0.30526320021139897
18.0,crank_nicolson,0.6428571428571428,0.2857142857142857,0.4068702606451832
18.0,crank_nicolson,0.6428571428571428,0.3571428571428571,0.5073232941889932
18.0,crank_nicolson,0.6428571428571428,0.42857142857142855,0.5994550999621874
18.0,crank_nicolson,0.6428571428571428,0.5,0.6511915859168456
18.0,crank_nicolson,0.6428571428571428,0.5714285714285714,0.5994550999621866
18.0,crank_nicolson,0.6428571428571428,0.6428571428571428,0.5073232941889954
18.0,crank_nicolson,0.6428571428571428,0.7142857142857142,0.4068702606451841
18.0,crank_nicolson,0.6428571428571428,0.7857142857142857,0.3052632002113994
18.0,crank_nicolson,0.6428571428571428,0.8571428571428571,0.20324661084280307
18.0,crank_nicolson,0.6428571428571428,0.9285714285714285,0.09790974023493527
18.0,crank_nicolson,0.6428571428571428,1.0,-0.060170661222939695
18.0,crank_nicolson,0.7142857142857142,0.0,-0.060170661222939695
18.0,crank_nicolson,0.7142857142857142,0.07142857142857142,0.07776414342458546
18.0,crank_nicolson,0.7142857142857142,0.14285714285714285,0.16295420372727362
18.0,crank_nicolson,0.7142857142857142,0.21428571428571427,0.24482478250943662
18.0,crank_nicolson,0.7142857142857142,0.2857142857142857,0.32630965218803976
18.0,crank_nicolson,0.7142857142857142,0.3571428571428571,0.4068702606451829
18.0,crank_nicolson,0.7142857142857142,0.42857142857142855,0.48075826653832254
18.0,crank_nicolson,0.7142857142857142,0.5,0.522250046921296
18.0,crank_nicolson,0.7142857142857142,0.5714285714285714,0.4807582665383238
18.0,crank_nicolson,0.7142857142857142,0.6428571428571428,0.4068702606451845
18.0,crank_nicolson,0.7142857142857142,0.7142857142857142,0.3263096521880401
18.0,crank_nicolson,0.7142857142857142,0.7857142857142857,0.24482478250943696
18.0,crank_nicolson,0.7142857142857142,0.8571428571428571,0.1629542037272738
18.0,crank_nicolson,0.7142857142857142,0.9285714285714285,0.07776414342458554
18.0,crank_nicolson,0.7142857142857142,1.0,-0.060170661222939695
18.0,crank_nicolson,0.7857142857142857,0.0,-0.060170661222939695
18.0,crank_nicolson,0.7857142857142857,0.07142857142857142,0.057382451911588965
18.0,crank_nicolson,0.7857142857142857,0.14285714285714285,0.12219963463845938
18.0,crank_nicolson,0.7857142857142857,0.21428571428571427,0.18369409514810045
18.0,crank_nicolson,0.7857142857142857,0.2857142857142857,0.24482478250943732
18.0,crank_nicolson,0.7857142857142857,0.3571428571428571,0.3052632002113995
18.0,crank_nicolson,0.7857142857142857,0.42857142857142855,0.3606966434023096
18.0,crank_nicolson,0.7857142857142857,0.5,0.39182534798797164
18.0,crank_nicolson,0.7857142857142857,0.5714285714285714,0.3606966434023107
18.0,crank_nicolson,0.7857142857142857,0.6428571428571428,0.30526320021140024
18.0,crank_nicolson,0.7857142857142857,0.7142857142857142,0.2448247825094374
18.0,crank_nicolson,0.7857142857142857,0.7857142857142857,0.18369409514810062
18.0,crank_nicolson,0.7857142857142857,0.8571428571428571,0.12219963463845948
18.0,crank_nicolson,0.7857142857142857,0.9285714285714285,0.05738245191158906
18.0,crank_nicolson,0.7857142857142857,1.0,-0.060170661222939695
18.0,crank_nicolson,0.8571428571428571,0.0,-0.060170661222939695
18.0,crank_nicolson,0.8571428571428571,0.07142857142857142,0.03670057111046443
18.0,crank_nicolson,0.8571428571428571,0.14285714285714285,0.08109729173619482
18.0,crank_nicolson,0.8571428571428571,0.21428571428571427,0.12219963463845929
18.0,crank_nicolson,0.8571428571428571,0.2857142857142857,0.16295420372727384
18.0,crank_nicolson,0.8571428571428571,0.3571428571428571,0.20324661084280235
18.0,crank_nicolson,0.8571428571428571,0.42857142857142855,0.24020335143689395
18.0,crank_nicolson,0.8571428571428571,0.5,0.26095653176223993
18.0,crank_nicolson,0.8571428571428571,0.5714285714285714,0.24020335143689595
18.0,crank_nicolson,0.8571428571428571,0.6428571428571428,0.20324661084280354
18.0,crank_nicolson,0.8571428571428571,0.7142857142857142,0.16295420372727404
18.0,crank_nicolson,0.8571428571428571,0.7857142857142857,0.12219963463845931
18.0,crank_nicolson,0.8571428571428571,0.8571428571428571,0.08109729173619486
18.0,crank_nicolson,0.8571428571428571,0.9285714285714285,0.03670057111046448
18.0,crank_nicolson,0.8571428571428571,1.0,-0.060170661222939695
18.0,crank_nicolson,0.9285714285714285,0.0,-0.060170661222939695
18.0,crank_nicolson,0.9285714285714285,0.07142857142857142,0.013259811893613502
18.0,crank_nicolson,0.9285714285714285,0.14285714285714285,0.0367005711104644
18.0,crank_nicolson,0.9285714285714285,0.21428571428571427,0.057382451911588965
18.0,crank_nicolson,0.9285714285714285,0.2857142857142857,0.07776414342458521
18.0,crank_nicolson,0.9285714285714285,0.3571428571428571,0.09790974023493518
18.0,crank_nicolson,0.9285714285714285,0.42857142857142855,0.11638804949057373
18.0,crank_nicolson,0.9285714285714285,0.5,0.12676466516745719
18.0,crank_nicolson,0.9285714285714285,0.5714285714285714,0.11638804949057446
18.0,crank_nicolson,0.9285714285714285,0.6428571428571428,0.09790974023493532
18.0,crank_nicolson,0.9285714285714285,0.7142857142857142,0.07776414342458522
18.0,crank_nicolson,0.9285714285714285,0.7857142857142857,0.05738245191158896
18.0,crank_nicolson,0.9285714285714285,0.8571428571428571,0.03670057111046445
18.0,crank_nicolson,0.9285714285714285,0.9285714285714285,0.01325981189361353
18.0,crank_nicolson,0.9285714285714285,1.0,-0.060170661222939695
18.0,crank_nicolson,1.0,0.0,-0.060170661222939695
18.0,crank_nicolson,1.0,0.07142857142857142,-0.060170661222939695
18.0,crank_nicolson,1.0,0.14285714285714285,-0.060170661222939695
18.0,crank_nicolson,1.0,0.21428571428571427,-0.060170661222939695
18.0,crank_nicolson,1.0,0.2857142857142857,-0.060170661222939695
18.0,crank_nicolson,1.0,0.3571428571428571,-0.060170661222939695
18.0,crank_nicolson,1.0,0.42857142857142855,-0.060170661222939695
18.0,crank_nicolson,1.0,0.5,-0.060170661222939695
18.0,crank_nicolson,1.0,0.5714285714285714,-0.060170661222939695
18.0,crank_nicolson,1.0,0.6428571428571428,-0.060170661222939695
18.0,crank_nicolson,1.0,0.7142857142857142,-0.060170661222939695
18.0,crank_nicolson,1.0,0.7857142857142857,-0.060170661222939695
18.0,crank_nicolson,1.0,0.8571428571428571,-0.060170661222939695
18.0,crank_nicolson,1.0,0.9285714285714285,-0.060170661222939695
18.0,crank_nicolson,1.0,1.0,-0.060170661222939695
19.0,crank_nicolson,0.0,0.0,-0.0013497224737933921
19.0,crank_nicolson,0.0,0.07142857142857142,-0.0013497224737933921
19.0,crank_nicolson,0.0,0.14285714285714285,-0.0013497224737933921
19.0,crank_nicolson,0.0,0.21428571428571427,-0.0013497224737933921
19.0,crank_nicolson,0.0,0.2857142857142857,-0.0013497224737933921
19.0,crank_nicolson,0.0,0.3571428571428571,-0.0013497224737933921
19.0,crank_nicolson,0.0,0.42857142857142855,-0.0013497224737933921
19.0,crank_nicolson,0.0,0.5,-0.0013497224737933921
19.0,crank_nicolson,0.0,0.5714285714285714,-0.0013497224737933921
19.0,crank_nicolson,0.0,0.6428571428571428,-0.0013497224737933921
19.0,crank_nicolson,0.0,0.7142857142857142,-0.0013497224737933921
19.0,crank_nicolson,0.0,0.7857142857142857,-0.0013497224737933921
19.0,crank_nicolson,0.0,0.8571428571428571,-0.0013497224737933921
19.0,crank_nicolson,0.0,0.9285714285714285,-0.0013497224737933921
19.0,crank_nicolson,0.0,1.0,-0.0013497224737933921
19.0,crank_nicolson,0.07142857142857142,0.0,-0.0013497224737933921
19.0,crank_nicolson,0.07142857142857142,0.07142857142857142,0.016159955281338807
19.0,crank_nicolson,0.07142857142857142,0.14285714285714285,0.03806842816701386
19.0,crank_nicolson,0.07142857142857142,0.21428571428571427,0.058779277970376305
19.0,crank_nicolson,0.07142857142857142,0.2857142857142857,0.0791622850102776
19.0,crank_nicolson,0.07142857142857142,0.3571428571428571,0.09926741507338227
19.0,crank_nicolson,0.07142857142857142,0.42857142857142855,0.11756916720508416
19.0,crank_nicolson,0.07142857142857142,0.5,0.12761076013981787
19.0,crank_nicolson,0.07142857142857142,0.5714285714285714,0.11756916720508391
19.0,crank_nicolson,0.07142857142857142,0.6428571428571428,0.09926741507338209
19.0,crank_nicolson,0.07142857142857142,0.7142857142857142,0.0791622850102776
19.0,crank_nicolson,0.07142857142857142,0.7857142857142857,0.0587792779703763
19.0,crank_nicolson,0.07142857142857142,0.8571428571428571,0.038068428167013876
19.0,crank_nicolson,0.07142857142857142,0.9285714285714285,0.016159955281338814
19.0,crank_nicolson,0.07142857142857142,1.0,-0.0013497224737933921
19.0,crank_nicolson,0.14285714285714285,0.0,-0.0013497224737933921
19.0,crank_nicolson,0.14285714285714285,0.07142857142857142,0.03806842816701383
19.0,crank_nicolson,0.14285714285714285,0.14285714285714285,0.08097699241816633
19.0,crank_nicolson,0.14285714285714285,0.21428571428571427,0.12212813660335332
19.0,crank_nicolson,0.14285714285714285,0.2857142857142857,0.162879358539137
19.0,crank_nicolson,0.14285714285714285,0.3571428571428571,0.20309037303975108
19.0,crank_nicolson,0.14285714285714285,0.42857142857142855,0.23969395936521729
19.0,crank_nicolson,0.14285714285714285,0.5,0.2597770733286745
19.0,crank_nicolson,0.14285714285714285,0.5714285714285714,0.23969395936521654
19.0,crank_nicolson,0.14285714285714285,0.6428571428571428,0.20309037303975128
19.0,crank_nicolson,0.14285714285714285,0.7142857142857142,0.16287935853913707
19.0,crank_nicolson,0.14285714285714285,0.7857142857142857,0.12212813660335342
19.0,crank_nicolson,0.14285714285714285,0.8571428571428571,0.08097699241816635
19.0,crank_nicolson,0.14285714285714285,0.9285714285714285,0.03806842816701385
19.0,crank_nicolson,0.14285714285714285,1.0,-0.0013497224737933921
19.0,crank_nicolson,0.21428571428571427,0.0,-0.0013497224737933921
19.0,crank_nicolson,0.21428571428571427,0.07142857142857142,0.058779277970376194
19.0,crank_nicolson,0.21428571428571427,0.14285714285714285,0.12212813660335323
19.0,crank_nicolson,0.21428571428571427,0.21428571428571427,0.18367238114506354
19.0,crank_nicolson,0.21428571428571427,0.2857142857142857,0.24479276364592062
19.0,crank_nicolson,0.21428571428571427,0.3571428571428571,0.30510828918925764
19.0,crank_nicolson,0.21428571428571427,0.42857142857142855,0.3600114699530026
19.0,crank_nicolson,0.21428571428571427,0.5,0.39013479748341495
19.0,crank_nicolson,0.21428571428571427,0.5714285714285714,0.3600114699530018
19.0,crank_nicolson,0.21428571428571427,0.6428571428571428,0.30510828918925764
19.0,crank_nicolson,0.21428571428571427,0.7142857142857142,0.24479276364592056
19.0,crank_nicolson,0.21428571428571427,0.7857142857142857,0.18367238114506354
19.0,crank_nicolson,0.21428571428571427,0.8571428571428571,0.12212813660335327
19.0,crank_nicolson,0.21428571428571427,0.9285714285714285,0.05877927797037629
19.0,crank_nicolson,0.21428571428571427,1.0,-0.0013497224737933921
19.0,crank_nicolson,0.2857142857142857,0.0,-0.0013497224737933921
19.0,crank_nicolson,0.2857142857142857,0.07142857142857142,0.07916228501027726
19.0,crank_nicolson,0.2857142857142857,0.14285714285714285,0.16287935853913726
19.0,crank_nicolson,0.2857142857142857,0.21428571428571427,0.24479276364592117
19.0,crank_nicolson,0.2857142857142857,0.2857142857142857,0.32625503027565605
19.0,crank_nicolson,0.2857142857142857,0.3571428571428571,0.4066460171677591
19.0,crank_nicolson,0.2857142857142857,0.42857142857142855,0.47982201188931806
19.0,crank_nicolson,0.2857142857142857,0.5,0.5199708388518477
19.0,crank_nicolson,0.2857142857142857,0.5714285714285714,0.4798220118893187
19.0,crank_nicolson,0.2857142857142857,0.6428571428571428,0.4066460171677589
19.0,crank_nicolson,0.2857142857142857,0.7142857142857142,0.32625503027565583
19.0,crank_nicolson,0.2857142857142857,0.7857142857142857,0.24479276364592117
19.0,crank_nicolson,0.2857142857142857,0.8571428571428571,0.16287935853913732
19.0,crank_nicolson,0.2857142857142857,0.9285714285714285,0.07916228501027735
19.0,crank_nicolson,0.2857142857142857,1.0,-0.0013497224737933921
19.0,crank_nicolson,0.3571428571428571,0.0,-0.0013497224737933921
19.0,crank_nicolson,0.3571428571428571,0.07142857142857142,0.09926741507338215
19.0,crank_nicolson,0.3571428571428571,0.14285714285714285,0.20309037303975122
19.0,crank_nicolson,0.3571428571428571,0.21428571428571427,0.3051082891892584
19.0,crank_nicolson,0.3571428571428571,0.2857142857142857,0.4066460171677598
19.0,crank_nicolson,0.3571428571428571,0.3571428571428571,0.5068490472335949
19.0,crank_nicolson,0.3571428571428571,0.42857142857142855,0.5980580368355956
19.0,crank_nicolson,0.3571428571428571,0.5,0.6481007633913254
19.0,crank_nicolson,0.3571428571428571,0.5714285714285714,0.5980580368355964
19.0,crank_nicolson,0.3571428571428571,0.6428571428571428,0.5068490472335934
19.0,crank_nicolson,0.3571428571428571,0.7142857142857142,0.40664601716775983
19.0,crank_nicolson,0.3571428571428571,0.7857142857142857,0.3051082891892584
19.0,crank_nicolson,0.3571428571428571,0.8571428571428571,0.2030903730397515
19.0,crank_nicolson,0.3571428571428571,0.9285714285714285,0.09926741507338217
19.0,crank_nicolson,0.3571428571428571,1.0,-0.0013497224737933921
19.0,crank_nicolson,0.42857142857142855,0.0,-0.0013497224737933921
19.0,crank_nicolson,0.42857142857142855,0.07142857142857142,0.11756916720508391
19.0,crank_nicolson,0.42857142857142855,0.14285714285714285,0.2396939593652168
19.0,crank_nicolson,0.42857142857142855,0.21428571428571427,0.3600114699530036
19.0,crank_nicolson,0.42857142857142855,0.2857142857142857,0.4798220118893196
19.0,crank_nicolson,0.42857142857142855,0.3571428571428571,0.598058036835597
19.0,crank_nicolson,0.42857142857142855,0.42857142857142855,0.7056806877711181
19.0,crank_nicolson,0.42857142857142855,0.5,0.7647286794229873
19.0,crank_nicolson,0.42857142857142855,0.5714285714285714,0.705680687771119
19.0,crank_nicolson,0.42857142857142855,0.6428571428571428,0.598058036835597
19.0,crank_nicolson,0.42857142857142855,0.7142857142857142,0.4798220118893206
19.0,crank_nicolson,0.42857142857142855,0.7857142857142857,0.36001146995300387
19.0,crank_nicolson,0.42857142857142855,0.8571428571428571,0.23969395936521698
19.0,crank_nicolson,0.42857142857142855,0.9285714285714285,0.1175691672050836
19.0,crank_nicolson,0.42857142857142855,1.0,-0.0013497224737933921
19.0,crank_nicolson,0.5,0.0,-0.0013497224737933921
19.0,crank_nicolson,0.5,0.07142857142857142,0.1276107601398179
19.0,crank_nicolson,0.5,0.14285714285714285,0.25977707332867467
19.0,crank_nicolson,0.5,0.21428571428571427,0.3901347974834155
19.0,crank_nicolson,0.5,0.2857142857142857,0.5199708388518455
19.0,crank_nicolson,0.5,0.3571428571428571,0.6481007633913258
19.0,crank_nicolson,0.5,0.42857142857142855,0.7647286794229904
19.0,crank_nicolson,0.5,0.5,0.8287168568354654
19.0,crank_nicolson,0.5,0.5714285714285714,0.764728679422987
19.0,crank_nicolson,0.5,0.6428571428571428,0.6481007633913248
19.0,crank_nicolson,0.5,0.7142857142857142,0.519970838851848
19.0,crank_nicolson,0.5,0.7857142857142857,0.3901347974834168
19.0,crank_nicolson,0.5,0.8571428571428571,0.25977707332867483
19.0,crank_nicolson,0.5,0.9285714285714285,0.12761076013981795
19.0,crank_nicolson,0.5,1.0,-0.0013497224737933921
19.0,crank_nicolson,0.5714285714285714,0.0,-0.0013497224737933921
19.0,crank_nicolson,0.5714285714285714,0.07142857142857142,0.11756916720508405
19.0,crank_nicolson,0.5714285714285714,0.14285714285714285,0.23969395936521729
19.0,crank_nicolson,0.5714285714285714,0.21428571428571427,0.36001146995300076
19.0,crank_nicolson,0.5714285714285714,0.2857142857142857,0.47982201188931745
19.0,crank_nicolson,0.5714285714285714,0.3571428571428571,0.5980580368355946
19.0,crank_nicolson,0.5714285714285714,0.42857142857142855,0.7056806877711188
19.0,crank_nicolson,0.5714285714285714,0.5,0.7647286794229886
19.0,crank_nicolson,0.5714285714285714,0.5714285714285714,0.7056806877711196
19.0,crank_nicolson,0.5714285714285714,0.6428571428571428,0.5980580368355968
19.0,crank_nicolson,0.5714285714285714,0.7142857142857142,0.47982201188931856
19.0,crank_nicolson,0.5714285714285714,0.7857142857142857,0.3600114699530034
19.0,crank_nicolson,0.5714285714285714,0.8571428571428571,0.23969395936521845
19.0,crank_nicolson,0.5714285714285714,0.9285714285714285,0.11756916720508431
19.0,crank_nicolson,0.5714285714285714,1.0,-0.0013497224737933921
19.0,crank_nicolson,0.6428571428571428,0.0,-0.0013497224737933921
19.0,crank_nicolson,0.6428571428571428,0.07142857142857142,0.09926741507338194
19.0,crank_nicolson,0.6428571428571428,0.14285714285714285,0.20309037303975125
19.0,crank_nicolson,0.6428571428571428,0.21428571428571427,0.30510828918925736
19.0,crank_nicolson,0.6428571428571428,0.2857142857142857,0.40664601716775844
19.0,crank_nicolson,0.6428571428571428,0.3571428571428571,0.5068490472335924
19.0,crank_nicolson,0.6428571428571428,0.42857142857142855,0.5980580368355971
19.0,crank_nicolson,0.6428571428571428,0.5,0.6481007633913257
19.0,crank_nicolson,0.6428571428571428,0.5714285714285714,0.5980580368355964
19.0,crank_nicolson,0.6428571428571428,0.6428571428571428,0.5068490472335948
19.0,crank_nicolson,0.6428571428571428,0.7142857142857142,0.40664601716775944
19.0,crank_nicolson,0.6428571428571428,0.7857142857142857,0.30510828918925786
19.0,crank_nicolson,0.6428571428571428,0.8571428571428571,0.20309037303975194
19.0,crank_nicolson,0.6428571428571428,0.9285714285714285,0.09926741507338208
19.0,crank_nicolson,0.6428571428571428,1.0,-0.0013497224737933921
19.0,crank_nicolson,0.7142857142857142,0.0,-0.0013497224737933921
19.0,crank_nicolson,0.7142857142857142,0.07142857142857142,0.07916228501027757
19.0,crank_nicolson,0.7142857142857142,0.14285714285714285,0.16287935853913704
19.0,crank_nicolson,0.7142857142857142,0.21428571428571427,0.24479276364592042
19.0,crank_nicolson,0.7142857142857142,0.2857142857142857,0.32625503027565567
19.0,crank_nicolson,0.7142857142857142,0.3571428571428571,0.4066460171677581
19.0,crank_nicolson,0.7142857142857142,0.42857142857142855,0.4798220118893192
19.0,crank_nicolson,0.7142857142857142,0.5,0.5199708388518502
19.0,crank_nicolson,0.7142857142857142,0.5714285714285714,0.47982201188932055
19.0,crank_nicolson,0.7142857142857142,0.6428571428571428,0.4066460171677596
19.0,crank_nicolson,0.7142857142857142,0.7142857142857142,0.326255030275656
19.0,crank_nicolson,0.7142857142857142,0.7857142857142857,0.24479276364592079
19.0,crank_nicolson,0.7142857142857142,0.8571428571428571,0.16287935853913724
19.0,crank_nicolson,0.7142857142857142,0.9285714285714285,0.07916228501027765
19.0,crank_nicolson,0.7142857142857142,1.0,-0.0013497224737933921
19.0,crank_nicolson,0.7857142857142857,0.0,-0.0013497224737933921
19.0,crank_nicolson,0.7857142857142857,0.07142857142857142,0.0587792779703763
19.0,crank_nicolson,0.7857142857142857,0.14285714285714285,0.12212813660335341
19.0,crank_nicolson,0.7857142857142857,0.21428571428571427,0.18367238114506354
19.0,crank_nicolson,0.7857142857142857,0.2857142857142857,0.2447927636459211
19.0,crank_nicolson,0.7857142857142857,0.3571428571428571,0.30510828918925775
19.0,crank_nicolson,0.7857142857142857,0.42857142857142855,0.36001146995300226
19.0,crank_nicolson,0.7857142857142857,0.5,0.39013479748341634
19.0,crank_nicolson,0.7857142857142857,0.5714285714285714,0.3600114699530035
19.0,crank_nicolson,0.7857142857142857,0.6428571428571428,0.30510828918925864
19.0,crank_nicolson,0.7857142857142857,0.7142857142857142,0.24479276364592123
19.0,crank_nicolson,0.7857142857142857,0.7857142857142857,0.1836723811450637
19.0,crank_nicolson,0.7857142857142857,0.8571428571428571,0.12212813660335346
19.0,crank_nicolson,0.7857142857142857,0.9285714285714285,0.05877927797037639
19.0,crank_nicolson,0.7857142857142857,1.0,-0.0013497224737933921
19.0,crank_nicolson,0.8571428571428571,0.0,-0.0013497224737933921
19.0,crank_nicolson,0.8571428571428571,0.07142857142857142,0.03806842816701387
19.0,crank_nicolson,0.8571428571428571,0.14285714285714285,0.08097699241816635
19.0,crank_nicolson,0.8571428571428571,0.21428571428571427,0.12212813660335327
19.0,crank_nicolson,0.8571428571428571,0.2857142857142857,0.16287935853913732
19.0,crank_nicolson,0.8571428571428571,0.3571428571428571,0.20309037303975125
19.0,crank_nicolson,0.8571428571428571,0.42857142857142855,0.23969395936521684
19.0,crank_nicolson,0.8571428571428571,0.5,0.25977707332867495
19.0,crank_nicolson,0.8571428571428571,0.5714285714285714,0.23969395936521892
19.0,crank_nicolson,0.8571428571428571,0.6428571428571428,0.2030903730397525
19.0,crank_nicolson,0.8571428571428571,0.7142857142857142,0.16287935853913751
19.0,crank_nicolson,0.8571428571428571,0.7857142857142857,0.12212813660335331
19.0,crank_nicolson,0.8571428571428571,0.8571428571428571,0.0809769924181664
19.0,crank_nicolson,0.8571428571428571,0.9285714285714285,0.03806842816701392
19.0,crank_nicolson,0.8571428571428571,1.0,-0.0013497224737933921
19.0,crank_nicolson,0.9285714285714285,0.0,-0.0013497224737933921
19.0,crank_nicolson,0.9285714285714285,0.07142857142857142,0.016159955281338814
19.0,crank_nicolson,0.9285714285714285,0.14285714285714285,0.03806842816701385
19.0,crank_nicolson,0.9285714285714285,0.21428571428571427,0.05877927797037629
19.0,crank_nicolson,0.9285714285714285,0.2857142857142857,0.07916228501027732
19.0,crank_nicolson,0.9285714285714285,0.3571428571428571,0.099267415073382
19.0,crank_nicolson,0.9285714285714285,0.42857142857142855,0.1175691672050835
19.0,crank_nicolson,0.9285714285714285,0.5,0.12761076013981792
19.0,crank_nicolson,0.9285714285714285,0.5714285714285714,0.1175691672050843
19.0,crank_nicolson,0.9285714285714285,0.6428571428571428,0.09926741507338216
19.0,crank_nicolson,0.9285714285714285,0.7142857142857142,0.07916228501027735
19.0,crank_nicolson,0.9285714285714285,0.7857142857142857,0.05877927797037629
19.0,crank_nicolson,0.9285714285714285,0.8571428571428571,0.03806842816701389
19.0,crank_nicolson,0.9285714285714285,0.9285714285714285,0.016159955281338838
19.0,crank_nicolson,0.9285714285714285,1.0,-0.0013497224737933921
19.0,crank_nicolson,1.0,0.0,-0.0013497224737933921
19.0,crank_nicolson,1.0,0.07142857142857142,-0.0013497224737933921
19.0,crank_nicolson,1.0,0.14285714285714285,-0.0013497224737933921
19.0,crank_nicolson,1.0,0.21428571428571427,-0.0013497224737933921
19.0,crank_nicolson,1.0,0.2857142857142857,-0.0013497224737933921
19.0,crank_nicolson,1.0,0.3571428571428571,-0.0013497224737933921
19.0,crank_nicolson,1.0,0.42857142857142855,-0.0013497224737933921
19.0,crank_nicolson,1.0,0.5,-0.0013497224737933921
19.0,crank_nicolson,1.0,0.5714285714285714,-0.0013497224737933921
19.0,crank_nicolson,1.0,0.6428571428571428,-0.0013497224737933921
19.0,crank_nicolson,1.0,0.7142857142857142,-0.0013497224737933921
19.0,crank_nicolson,1.0,0.7857142857142857,-0.0013497224737933921
19.0,crank_nicolson,1.0,0.8571428571428571,-0.0013497224737933921
19.0,crank_nicolson,1.0,0.9285714285714285,-0.0013497224737933921
19.0,crank_nicolson,1.0,1.0,-0.0013497224737933921
20.0,crank_nicolson,0.0,0.0,-0.10577109289559004
20.0,crank_nicolson,0.0,0.07142857142857142,-0.10577109289559004
20.0,crank_nicolson,0.0,0.14285714285714285,-0.10577109289559004
20.0,crank_nicolson,0.0,0.21428571428571427,-0.10577109289559004
20.0,crank_nicolson,0.0,0.2857142857142857,-0.10577109289559004
20.0,crank_nicolson,0.0,0.3571428571428571,-0.10577109289559004
20.0,crank_nicolson,0.0,0.42857142857142855,-0.10577109289559004
20.0,crank_nicolson,0.0,0.5,-0.10577109289559004
20.0,crank_nicolson,0.0,0.5714285714285714,-0.10577109289559004
20.0,crank_nicolson,0.0,0.6428571428571428,-0.10577109289559004
20.0,crank_nicolson,0.0,0.7142857142857142,-0.10577109289559004
20.0,crank_nicolson,0.0,0.7857142857142857,-0.10577109289559004
20.0,crank_nicolson,0.0,0.8571428571428571,-0.10577109289559004
20.0,crank_nicolson,0.0,0.9285714285714285,-0.10577109289559004
20.0,crank_nicolson,0.0,1.0,-0.10577109289559004
20.0,crank_nicolson,0.07142857142857142,0.0,-0.10577109289559004
20.0,crank_nicolson,0.07142857142857142,0.07142857142857142,0.014894516443872102
20.0,crank_nicolson,0.07142857142857142,0.14285714285714285,0.03739891209346148
20.0,crank_nicolson,0.07142857142857142,0.21428571428571427,0.05812186758353257
20.0,crank_nicolson,0.07142857142857142,0.2857142857142857,0.07850526932212974
20.0,crank_nicolson,0.07142857142857142,0.3571428571428571,0.09858920601892493
20.0,crank_nicolson,0.07142857142857142,0.42857142857142855,0.11680251984672037
20.0,crank_nicolson,0.07142857142857142,0.5,0.12668488007323556
20.0,crank_nicolson,0.07142857142857142,0.5714285714285714,0.11680251984672015
20.0,crank_nicolson,0.07142857142857142,0.6428571428571428,0.09858920601892478
20.0,crank_nicolson,0.07142857142857142,0.7142857142857142,0.07850526932212974
20.0,crank_nicolson,0.07142857142857142,0.7857142857142857,0.05812186758353256
20.0,crank_nicolson,0.07142857142857142,0.8571428571428571,0.037398912093461495
20.0,crank_nicolson,0.07142857142857142,0.9285714285714285,0.014894516443872111
20.0,crank_nicolson,0.07142857142857142,1.0,-0.10577109289559004
20.0,crank_nicolson,0.14285714285714285,0.0,-0.10577109289559004
20.0,crank_nicolson,0.14285714285714285,0.07142857142857142,0.03739891209346144
20.0,crank_nicolson,0.14285714285714285,0.14285714285714285,0.08092076264021252
20.0,crank_nicolson,0.14285714285714285,0.21428571428571427,0.12209367486787602
20.0,crank_nicolson,0.14285714285714285,0.2857142857142857,0.16284286424811956
20.0,crank_nicolson,0.14285714285714285,0.3571428571428571,0.20301121608018707
20.0,crank_nicolson,0.14285714285714285,0.42857142857142855,0.23943789679484961
20.0,crank_nicolson,0.14285714285714285,0.5,0.2592025327003188
20.0,crank_nicolson,0.14285714285714285,0.5714285714285714,0.2394378967948489
20.0,crank_nicolson,0.14285714285714285,0.6428571428571428,0.20301121608018718
20.0,crank_nicolson,0.14285714285714285,0.7142857142857142,0.16284286424811967
20.0,crank_nicolson,0.14285714285714285,0.7857142857142857,0.1220936748678761
20.0,crank_nicolson,0.14285714285714285,0.8571428571428571,0.08092076264021253
20.0,crank_nicolson,0.14285714285714285,0.9285714285714285,0.03739891209346146
20.0,crank_nicolson,0.14285714285714285,1.0,-0.10577109289559004
20.0,crank_nicolson,0.21428571428571427,0.0,-0.10577109289559004
20.0,crank_nicolson,0.21428571428571427,0.07142857142857142,0.058121867583532445
20.0,crank_nicolson,0.21428571428571427,0.14285714285714285,0.12209367486787592
20.0,crank_nicolson,0.21428571428571427,0.21428571428571427,0.183660385649065
20.0,crank_nicolson,0.21428571428571427,0.2857142857142857,0.24477494922175388
20.0,crank_nicolson,0.21428571428571427,0.3571428571428571,0.30502598975768164
20.0,crank_nicolson,0.21428571428571427,0.42857142857142855,0.3596635051686145
20.0,crank_nicolson,0.21428571428571427,0.5,0.3893089604468826
20.0,crank_nicolson,0.21428571428571427,0.5714285714285714,0.3596635051686139
20.0,crank_nicolson,0.21428571428571427,0.6428571428571428,0.30502598975768164
20.0,crank_nicolson,0.21428571428571427,0.7142857142857142,0.24477494922175383
20.0,crank_nicolson,0.21428571428571427,0.7857142857142857,0.183660385649065
20.0,crank_nicolson,0.21428571428571427,0.8571428571428571,0.12209367486787596
20.0,crank_nicolson,0.21428571428571427,0.9285714285714285,0.05812186758353254
20.0,crank_nicolson,0.21428571428571427,1.0,-0.10577109289559004
20.0,crank_nicolson,0.2857142857142857,0.0,-0.10577109289559004
20.0,crank_nicolson,0.2857142857142857,0.07142857142857142,0.07850526932212941
20.0,crank_nicolson,0.2857142857142857,0.14285714285714285,0.16284286424811978
20.0,crank_nicolson,0.2857142857142857,0.21428571428571427,0.2447749492217544
20.0,crank_nicolson,0.2857142857142857,0.2857142857142857,0.326224642692534
20.0,crank_nicolson,0.2857142857142857,0.3571428571428571,0.406526465989709
20.0,crank_nicolson,0.2857142857142857,0.42857142857142855,0.47934552525778523
20.0,crank_nicolson,0.2857142857142857,0.5,0.5188558839341949
20.0,crank_nicolson,0.2857142857142857,0.5714285714285714,0.47934552525778584
20.0,crank_nicolson,0.2857142857142857,0.6428571428571428,0.40652646598970876
20.0,crank_nicolson,0.2857142857142857,0.7142857142857142,0.3262246426925337
20.0,crank_nicolson,0.2857142857142857,0.7857142857142857,0.24477494922175438
20.0,crank_nicolson,0.2857142857142857,0.8571428571428571,0.16284286424811986
20.0,crank_nicolson,0.2857142857142857,0.9285714285714285,0.07850526932212948
20.0,crank_nicolson,0.2857142857142857,1.0,-0.10577109289559004
20.0,crank_nicolson,0.3571428571428571,0.0,-0.10577109289559004
20.0,crank_nicolson,0.3571428571428571,0.07142857142857142,0.0985892060189248
20.0,crank_nicolson,0.3571428571428571,0.14285714285714285,0.20301121608018716
20.0,crank_nicolson,0.3571428571428571,0.21428571428571427,0.30502598975768236
20.0,crank_nicolson,0.3571428571428571,0.2857142857142857,0.4065264659897097
20.0,crank_nicolson,0.3571428571428571,0.3571428571428571,0.5065981862672958
20.0,crank_nicolson,0.3571428571428571,0.42857142857142855,0.5973440270315968
20.0,crank_nicolson,0.3571428571428571,0.5,0.6465810371340811
20.0,crank_nicolson,0.3571428571428571,0.5714285714285714,0.5973440270315976
20.0,crank_nicolson,0.3571428571428571,0.6428571428571428,0.5065981862672945
20.0,crank_nicolson,0.3571428571428571,0.7142857142857142,0.4065264659897097
20.0,crank_nicolson,0.3571428571428571,0.7857142857142857,0.30502598975768236
20.0,crank_nicolson,0.3571428571428571,0.8571428571428571,0.20301121608018746
20.0,crank_nicolson,0.3571428571428571,0.9285714285714285,0.09858920601892483
20.0,crank_nicolson,0.3571428571428571,1.0,-0.10577109289559004
20.0,crank_nicolson,0.42857142857142855,0.0,-0.10577109289559004
20.0,crank_nicolson,0.42857142857142855,0.07142857142857142,0.11680251984672015
20.0,crank_nicolson,0.42857142857142855,0.14285714285714285,0.23943789679484917
20.0,crank_nicolson,0.42857142857142855,0.21428571428571427,0.35966350516861567
20.0,crank_nicolson,0.42857142857142855,0.2857142857142857,0.47934552525778684
20.0,crank_nicolson,0.42857142857142855,0.3571428571428571,0.5973440270315982
20.0,crank_nicolson,0.42857142857142855,0.42857142857142855,0.7043453225502629
20.0,crank_nicolson,0.42857142857142855,0.5,0.7624019847053415
20.0,crank_nicolson,0.42857142857142855,0.5714285714285714,0.7043453225502637
20.0,crank_nicolson,0.42857142857142855,0.6428571428571428,0.5973440270315983
20.0,crank_nicolson,0.42857142857142855,0.7142857142857142,0.4793455252577878
20.0,crank_nicolson,0.42857142857142855,0.7857142857142857,0.359663505168616
20.0,crank_nicolson,0.42857142857142855,0.8571428571428571,0.23943789679484934
20.0,crank_nicolson,0.42857142857142855,0.9285714285714285,0.11680251984671984
20.0,crank_nicolson,0.42857142857142855,1.0,-0.10577109289559004
20.0,crank_nicolson,0.5,0.0,-0.10577109289559004
20.0,crank_nicolson,0.5,0.07142857142857142,0.12668488007323558
20.0,crank_nicolson,0.5,0.14285714285714285,0.259202532700319
20.0,crank_nicolson,0.5,0.21428571428571427,0.38930896044688335
20.0,crank_nicolson,0.5,0.2857142857142857,0.5188558839341929
20.0,crank_nicolson,0.5,0.3571428571428571,0.6465810371340815
20.0,crank_nicolson,0.5,0.42857142857142855,0.7624019847053449
20.0,crank_nicolson,0.5,0.5,0.8252434139682829
20.0,crank_nicolson,0.5,0.5714285714285714,0.7624019847053414
20.0,crank_nicolson,0.5,0.6428571428571428,0.6465810371340804
20.0,crank_nicolson,0.5,0.7142857142857142,0.5188558839341953
20.0,crank_nicolson,0.5,0.7857142857142857,0.3893089604468847
20.0,crank_nicolson,0.5,0.8571428571428571,0.2592025327003191
20.0,crank_nicolson,0.5,0.9285714285714285,0.12668488007323564
20.0,crank_nicolson,0.5,1.0,-0.10577109289559004
20.0,crank_nicolson,0.5714285714285714,0.0,-0.10577109289559004
20.0,crank_nicolson,0.5714285714285714,0.07142857142857142,0.11680251984672028
20.0,crank_nicolson,0.5714285714285714,0.14285714285714285,0.23943789679484956
20.0,crank_nicolson,0.5714285714285714,0.21428571428571427,0.3596635051686128
20.0,crank_nicolson,0.5714285714285714,0.2857142857142857,0.4793455252577844
20.0,crank_nicolson,0.5714285714285714,0.3571428571428571,0.5973440270315956
20.0,crank_nicolson,0.5714285714285714,0.42857142857142855,0.7043453225502636
20.0,crank_nicolson,0.5714285714285714,0.5,0.762401984705343
20.0,crank_nicolson,0.5714285714285714,0.5714285714285714,0.7043453225502644
20.0,crank_nicolson,0.5714285714285714,0.6428571428571428,0.5973440270315981
20.0,crank_nicolson,0.5714285714285714,0.7142857142857142,0.4793455252577856
20.0,crank_nicolson,0.5714285714285714,0.7857142857142857,0.35966350516861556
20.0,crank_nicolson,0.5714285714285714,0.8571428571428571,0.2394378967948508
20.0,crank_nicolson,0.5714285714285714,0.9285714285714285,0.11680251984672056
20.0,crank_nicolson,0.5714285714285714,1.0,-0.10577109289559004
20.0,crank_nicolson,0.6428571428571428,0.0,-0.10577109289559004
20.0,crank_nicolson,0.6428571428571428,0.07142857142857142,0.09858920601892464
20.0,crank_nicolson,0.6428571428571428,0.14285714285714285,0.20301121608018713
20.0,crank_nicolson,0.6428571428571428,0.21428571428571427,0.30502598975768136
20.0,crank_nicolson,0.6428571428571428,0.2857142857142857,0.4065264659897083
20.0,crank_nicolson,0.6428571428571428,0.3571428571428571,0.5065981862672934
20.0,crank_nicolson,0.6428571428571428,0.42857142857142855,0.5973440270315984
20.0,crank_nicolson,0.6428571428571428,0.5,0.6465810371340814
20.0,crank_nicolson,0.6428571428571428,0.5714285714285714,0.5973440270315976
20.0,crank_nicolson,0.6428571428571428,0.6428571428571428,0.5065981862672958
20.0,crank_nicolson,0.6428571428571428,0.7142857142857142,0.4065264659897094
20.0,crank_nicolson,0.6428571428571428,0.7857142857142857,0.30502598975768186
20.0,crank_nicolson,0.6428571428571428,0.8571428571428571,0.20301121608018796
20.0,crank_nicolson,0.6428571428571428,0.9285714285714285,0.09858920601892474
20.0,crank_nicolson,0.6428571428571428,1.0,-0.10577109289559004
20.0,crank_nicolson,0.7142857142857142,0.0,-0.10577109289559004
20.0,crank_nicolson,0.7142857142857142,0.07142857142857142,0.07850526932212973
20.0,crank_nicolson,0.7142857142857142,0.14285714285714285,0.16284286424811964
20.0,crank_nicolson,0.7142857142857142,0.21428571428571427,0.24477494922175372
20.0,crank_nicolson,0.7142857142857142,0.2857142857142857,0.32622464269253354
20.0,crank_nicolson,0.7142857142857142,0.3571428571428571,0.40652646598970804
20.0,crank_nicolson,0.7142857142857142,0.42857142857142855,0.4793455252577863
20.0,crank_nicolson,0.7142857142857142,0.5,0.5188558839341975
20.0,crank_nicolson,0.7142857142857142,0.5714285714285714,0.47934552525778756
20.0,crank_nicolson,0.7142857142857142,0.6428571428571428,0.4065264659897095
20.0,crank_nicolson,0.7142857142857142,0.7142857142857142,0.3262246426925339
20.0,crank_nicolson,0.7142857142857142,0.7857142857142857,0.24477494922175405
20.0,crank_nicolson,0.7142857142857142,0.8571428571428571,0.1628428642481198
20.0,crank_nicolson,0.7142857142857142,0.9285714285714285,0.07850526932212978
20.0,crank_nicolson,0.7142857142857142,1.0,-0.10577109289559004
20.0,crank_nicolson,0.7857142857142857,0.0,-0.10577109289559004
20.0,crank_nicolson,0.7857142857142857,0.07142857142857142,0.05812186758353256
20.0,crank_nicolson,0.7857142857142857,0.14285714285714285,0.1220936748678761
20.0,crank_nicolson,0.7857142857142857,0.21428571428571427,0.183660385649065
20.0,crank_nicolson,0.7857142857142857,0.2857142857142857,0.24477494922175433
20.0,crank_nicolson,0.7857142857142857,0.3571428571428571,0.30502598975768175
20.0,crank_nicolson,0.7857142857142857,0.42857142857142855,0.35966350516861434
20.0,crank_nicolson,0.7857142857142857,0.5,0.3893089604468842
20.0,crank_nicolson,0.7857142857142857,0.5714285714285714,0.3596635051686155
20.0,crank_nicolson,0.7857142857142857,0.6428571428571428,0.3050259897576826
20.0,crank_nicolson,0.7857142857142857,0.7142857142857142,0.2447749492217545
20.0,crank_nicolson,0.7857142857142857,0.7857142857142857,0.18366038564906512
20.0,crank_nicolson,0.7857142857142857,0.8571428571428571,0.12209367486787615
20.0,crank_nicolson,0.7857142857142857,0.9285714285714285,0.058121867583532646
20.0,crank_nicolson,0.7857142857142857,1.0,-0.10577109289559004
20.0,crank_nicolson,0.8571428571428571,0.0,-0.10577109289559004
20.0,crank_nicolson,0.8571428571428571,0.07142857142857142,0.03739891209346148
20.0,crank_nicolson,0.8571428571428571,0.14285714285714285,0.08092076264021253
20.0,crank_nicolson,0.8571428571428571,0.21428571428571427,0.12209367486787596
20.0,crank_nicolson,0.8571428571428571,0.2857142857142857,0.16284286424811983
20.0,crank_nicolson,0.8571428571428571,0.3571428571428571,0.2030112160801872
20.0,crank_nicolson,0.8571428571428571,0.42857142857142855,0.23943789679484917
20.0,crank_nicolson,0.8571428571428571,0.5,0.25920253270031923
20.0,crank_nicolson,0.8571428571428571,0.5714285714285714,0.23943789679485128
20.0,crank_nicolson,0.8571428571428571,0.6428571428571428,0.2030112160801885
20.0,crank_nicolson,0.8571428571428571,0.7142857142857142,0.1628428642481201
20.0,crank_nicolson,0.8571428571428571,0.7857142857142857,0.122093674867876
20.0,crank_nicolson,0.8571428571428571,0.8571428571428571,0.08092076264021258
20.0,crank_nicolson,0.8571428571428571,0.9285714285714285,0.03739891209346154
20.0,crank_nicolson,0.8571428571428571,1.0,-0.10577109289559004
20.0,crank_nicolson,0.9285714285714285,0.0,-0.10577109289559004
20.0,crank_nicolson,0.9285714285714285,0.07142857142857142,0.014894516443872111
20.0,crank_nicolson,0.9285714285714285,0.14285714285714285,0.03739891209346146
20.0,crank_nicolson,0.9285714285714285,0.21428571428571427,0.058121867583532535
20.0,crank_nicolson,0.9285714285714285,0.2857142857142857,0.07850526932212945
20.0,crank_nicolson,0.9285714285714285,0.3571428571428571,0.0985892060189247
20.0,crank_nicolson,0.9285714285714285,0.42857142857142855,0.11680251984671973
20.0,crank_nicolson,0.9285714285714285,0.5,0.12668488007323558
20.0,crank_nicolson,0.9285714285714285,0.5714285714285714,0.11680251984672056
20.0,crank_nicolson,0.9285714285714285,0.6428571428571428,0.09858920601892485
20.0,crank_nicolson,0.9285714285714285,0.7142857142857142,0.07850526932212948
20.0,crank_nicolson,0.9285714285714285,0.7857142857142857,0.05812186758353255
20.0,crank_nicolson,0.9285714285714285,0.8571428571428571,0.03739891209346151
20.0,crank_nicolson,0.9285714285714285,0.9285714285714285,0.014894516443872132
20.0,crank_nicolson,0.9285714285714285,1.0,-0.10577109289559004
20.0,crank_nicolson,1.0,0.0,-0.10577109289559004
20.0,crank_nicolson,1.0,0.07142857142857142,-0.10577109289559004
20.0,crank_nicolson,1.0,0.14285714285714285,-0.10577109289559004
20.0,crank_nicolson,1.0,0.21428571428571427,-0.10577109289559004
20.0,crank_nicolson,1.0,0.2857142857142857,-0.10577109289559004
20.0,crank_nicolson,1.0,0.3571428571428571,-0.10577109289559004
20.0,crank_nicolson,1.0,0.42857142857142855,-0.10577109289559004
20.0,crank_nicolson,1.0,0.5,-0.10577109289559004
20.0,crank_nicolson,1.0,0.5714285714285714,-0.10577109289559004
20.0,crank_nicolson,1.0,0.6428571428571428,-0.10577109289559004
20.0,crank_nicolson,1.0,0.7142857142857142,-0.10577109289559004
20.0,crank_nicolson,1.0,0.7857142857142857,-0.10577109289559004
20.0,crank_nicolson,1.0,0.8571428571428571,-0.10577109289559004
20.0,crank_nicolson,1.0,0.9285714285714285,-0.10577109289559004
20.0,crank_nicolson,1.0,1.0,-0.10577109289559004
21.0,crank_nicolson,0.0,0.0,-0.12208436499710223
21.0,crank_nicolson,0.0,0.07142857142857142,-0.12208436499710223
21.0,crank_nicolson,0.0,0.14285714285714285,-0.12208436499710223
21.0,crank_nicolson,0.0,0.21428571428571427,-0.12208436499710223
21.0,crank_nicolson,0.0,0.2857142857142857,-0.12208436499710223
21.0,crank_nicolson,0.0,0.3571428571428571,-0.12208436499710223
21.0,crank_nicolson,0.0,0.42857142857142855,-0.12208436499710223
21.0,crank_nicolson,0.0,0.5,-0.12208436499710223
21.0,crank_nicolson,0.0,0.5714285714285714,-0.12208436499710223
21.0,crank_nicolson,0.0,0.6428571428571428,-0.12208436499710223
21.0,crank_nicolson,0.0,0.7142857142857142,-0.12208436499710223
21.0,crank_nicolson,0.0,0.7857142857142857,-0.12208436499710223
21.0,crank_nicolson,0.0,0.8571428571428571,-0.12208436499710223
21.0,crank_nicolson,0.0,0.9285714285714285,-0.12208436499710223
21.0,crank_nicolson,0.0,1.0,-0.12208436499710223
21.0,crank_nicolson,0.07142857142857142,0.0,-0.12208436499710223
21.0,crank_nicolson,0.07142857142857142,0.07142857142857142,0.014714006581054683
21.0,crank_nicolson,0.07142857142857142,0.14285714285714285,0.03723846221805372
21.0,crank_nicolson,0.07142857142857142,0.21428571428571427,0.057983487383592824
21.0,crank_nicolson,0.07142857142857142,0.2857142857142857,0.07836712359022274
21.0,crank_nicolson,0.07142857142857142,0.3571428571428571,0.09840682163275892
21.0,crank_nicolson,0.07142857142857142,0.42857142857142855,0.11644326812382623
21.0,crank_nicolson,0.07142857142857142,0.5,0.1260226209343213
21.0,crank_nicolson,0.07142857142857142,0.5714285714285714,0.11644326812382601
21.0,crank_nicolson,0.07142857142857142,0.6428571428571428,0.09840682163275877
21.0,crank_nicolson,0.07142857142857142,0.7142857142857142,0.07836712359022274
21.0,crank_nicolson,0.07142857142857142,0.7857142857142857,0.05798348738359282
21.0,crank_nicolson,0.07142857142857142,0.8571428571428571,0.03723846221805373
21.0,crank_nicolson,0.07142857142857142,0.9285714285714285,0.014714006581054694
21.0,crank_nicolson,0.07142857142857142,1.0,-0.12208436499710223
21.0,crank_nicolson,0.14285714285714285,0.0,-0.12208436499710223
21.0,crank_nicolson,0.14285714285714285,0.07142857142857142,0.03723846221805368
21.0,crank_nicolson,0.14285714285714285,0.14285714285714285,0.08081097634165665
21.0,crank_nicolson,0.14285714285714285,0.21428571428571427,0.12202477620542544
21.0,crank_nicolson,0.14285714285714285,0.2857142857142857,0.16276909014997676
21.0,crank_nicolson,0.14285714285714285,0.3571428571428571,0.20284833182537737
21.0,crank_nicolson,0.14285714285714285,0.42857142857142855,0.23892119977265142
21.0,crank_nicolson,0.14285714285714285,0.5,0.25807979054563085
21.0,crank_nicolson,0.14285714285714285,0.5714285714285714,0.23892119977265067
21.0,crank_nicolson,0.14285714285714285,0.6428571428571428,0.20284833182537748
21.0,crank_nicolson,0.14285714285714285,0.7142857142857142,0.16276909014997687
21.0,crank_nicolson,0.14285714285714285,0.7857142857142857,0.12202477620542554
21.0,crank_nicolson,0.14285714285714285,0.8571428571428571,0.0808109763416567
21.0,crank_nicolson,0.14285714285714285,0.9285714285714285,0.0372384622180537
21.0,crank_nicolson,0.14285714285714285,1.0,-0.12208436499710223
21.0,crank_nicolson,0.21428571428571427,0.0,-0.12208436499710223
21.0,crank_nicolson,0.21428571428571427,0.07142857142857142,0.057983487383592706
21.0,crank_nicolson,0.21428571428571427,0.14285714285714285,0.12202477620542536
21.0,crank_nicolson,0.21428571428571427,0.21428571428571427,0.18363409802346245
21.0,crank_nicolson,0.21428571428571427,0.2857142857142857,0.24473558238246124
21.0,crank_nicolson,0.21428571428571427,0.3571428571428571,0.3048517914359704
21.0,crank_nicolson,0.21428571428571427,0.42857142857142855,0.3589578839681867
21.0,crank_nicolson,0.21428571428571427,0.5,0.38769392671113667
21.0,crank_nicolson,0.21428571428571427,0.5714285714285714,0.3589578839681859
21.0,crank_nicolson,0.21428571428571427,0.6428571428571428,0.3048517914359704
21.0,crank_nicolson,0.21428571428571427,0.7142857142857142,0.24473558238246124
21.0,crank_nicolson,0.21428571428571427,0.7857142857142857,0.18363409802346245
21.0,crank_nicolson,0.21428571428571427,0.8571428571428571,0.12202477620542539
21.0,crank_nicolson,0.21428571428571427,0.9285714285714285,0.057983487383592804
21.0,crank_nicolson,0.21428571428571427,1.0,-0.12208436499710223
21.0,crank_nicolson,0.2857142857142857,0.0,-0.12208436499710223
21.0,crank_nicolson,0.2857142857142857,0.07142857142857142,0.07836712359022237
21.0,crank_nicolson,0.2857142857142857,0.14285714285714285,0.16276909014997704
21.0,crank_nicolson,0.2857142857142857,0.21428571428571427,0.24473558238246185
21.0,crank_nicolson,0.2857142857142857,0.2857142857142857,0.3261574429671653
21.0,crank_nicolson,0.2857142857142857,0.3571428571428571,0.4062725091377204
21.0,crank_nicolson,0.2857142857142857,0.42857142857142855,0.47837713557803335
21.0,crank_nicolson,0.2857142857142857,0.5,0.5166721775291743
21.0,crank_nicolson,0.2857142857142857,0.5714285714285714,0.47837713557803374
21.0,crank_nicolson,0.2857142857142857,0.6428571428571428,0.40627250913772006
21.0,crank_nicolson,0.2857142857142857,0.7142857142857142,0.32615744296716515
21.0,crank_nicolson,0.2857142857142857,0.7857142857142857,0.24473558238246182
21.0,crank_nicolson,0.2857142857142857,0.8571428571428571,0.16276909014997712
21.0,crank_nicolson,0.2857142857142857,0.9285714285714285,0.07836712359022246
21.0,crank_nicolson,0.2857142857142857,1.0,-0.12208436499710223
21.0,crank_nicolson,0.3571428571428571,0.0,-0.12208436499710223
21.0,crank_nicolson,0.3571428571428571,0.07142857142857142,0.09840682163275882
21.0,crank_nicolson,0.3571428571428571,0.14285714285714285,0.20284833182537748
21.0,crank_nicolson,0.3571428571428571,0.21428571428571427,0.304851791435971
21.0,crank_nicolson,0.3571428571428571,0.2857142857142857,0.4062725091377213
21.0,crank_nicolson,0.3571428571428571,0.3571428571428571,0.506069436156384
21.0,crank_nicolson,0.3571428571428571,0.42857142857142855,0.5958872279096188
21.0,crank_nicolson,0.3571428571428571,0.5,0.6435896827308799
21.0,crank_nicolson,0.3571428571428571,0.5714285714285714,0.5958872279096197
21.0,crank_nicolson,0.3571428571428571,0.6428571428571428,0.5060694361563829
21.0,crank_nicolson,0.3571428571428571,0.7142857142857142,0.4062725091377213
21.0,crank_nicolson,0.3571428571428571,0.7857142857142857,0.3048517914359711
21.0,crank_nicolson,0.3571428571428571,0.8571428571428571,0.20284833182537773
21.0,crank_nicolson,0.3571428571428571,0.9285714285714285,0.09840682163275885
21.0,crank_nicolson,0.3571428571428571,1.0,-0.12208436499710223
21.0,crank_nicolson,0.42857142857142855,0.0,-0.12208436499710223
21.0,crank_nicolson,0.42857142857142855,0.07142857142857142,0.11644326812382598
21.0,crank_nicolson,0.42857142857142855,0.14285714285714285,0.23892119977265097
21.0,crank_nicolson,0.42857142857142855,0.21428571428571427,0.35895788396818773
21.0,crank_nicolson,0.42857142857142855,0.2857142857142857,0.4783771355780351
21.0,crank_nicolson,0.42857142857142855,0.3571428571428571,0.5958872279096196
21.0,crank_nicolson,0.42857142857142855,0.42857142857142855,0.7016463588683509
21.0,crank_nicolson,0.42857142857142855,0.5,0.7578150426417043
21.0,crank_nicolson,0.42857142857142855,0.5714285714285714,0.7016463588683517
21.0,crank_nicolson,0.42857142857142855,0.6428571428571428,0.5958872279096199
21.0,crank_nicolson,0.42857142857142855,0.7142857142857142,0.47837713557803585
21.0,crank_nicolson,0.42857142857142855,0.7857142857142857,0.3589578839681881
21.0,crank_nicolson,0.42857142857142855,0.8571428571428571,0.2389211997726511
21.0,crank_nicolson,0.42857142857142855,0.9285714285714285,0.11644326812382567
21.0,crank_nicolson,0.42857142857142855,1.0,-0.12208436499710223
21.0,crank_nicolson,0.5,0.0,-0.12208436499710223
21.0,crank_nicolson,0.5,0.07142857142857142,0.12602262093432126
21.0,crank_nicolson,0.5,0.14285714285714285,0.25807979054563107
21.0,crank_nicolson,0.5,0.21428571428571427,0.38769392671113734
21.0,crank_nicolson,0.5,0.2857142857142857,0.5166721775291718
21.0,crank_nicolson,0.5,0.3571428571428571,0.6435896827308801
21.0,crank_nicolson,0.5,0.42857142857142855,0.7578150426417076
21.0,crank_nicolson,0.5,0.5,0.8184796074072751
21.0,crank_nicolson,0.5,0.5714285714285714,0.7578150426417041
21.0,crank_nicolson,0.5,0.6428571428571428,0.6435896827308788
21.0,crank_nicolson,0.5,0.7142857142857142,0.5166721775291747
21.0,crank_nicolson,0.5,0.7857142857142857,0.3876939267111387
21.0,crank_nicolson,0.5,0.8571428571428571,0.2580797905456312
21.0,crank_nicolson,0.5,0.9285714285714285,0.12602262093432134
21.0,crank_nicolson,0.5,1.0,-0.12208436499710223
21.0,crank_nicolson,0.5714285714285714,0.0,-0.12208436499710223
21.0,crank_nicolson,0.5714285714285714,0.07142857142857142,0.11644326812382612
21.0,crank_nicolson,0.5714285714285714,0.14285714285714285,0.23892119977265136
21.0,crank_nicolson,0.5714285714285714,0.21428571428571427,0.35895788396818495
21.0,crank_nicolson,0.5714285714285714,0.2857142857142857,0.478377135578032
21.0,crank_nicolson,0.5714285714285714,0.3571428571428571,0.5958872279096175
21.0,crank_nicolson,0.5714285714285714,0.42857142857142855,0.7016463588683518
21.0,crank_nicolson,0.5714285714285714,0.5,0.7578150426417061
21.0,crank_nicolson,0.5714285714285714,0.5714285714285714,0.7016463588683526
21.0,crank_nicolson,0.5714285714285714,0.6428571428571428,0.5958872279096202
21.0,crank_nicolson,0.5714285714285714,0.7142857142857142,0.47837713557803374
21.0,crank_nicolson,0.5714285714285714,0.7857142857142857,0.35895788396818773
21.0,crank_nicolson,0.5714285714285714,0.8571428571428571,0.23892119977265272
21.0,crank_nicolson,0.5714285714285714,0.9285714285714285,0.11644326812382642
21.0,crank_nicolson,0.5714285714285714,1.0,-0.12208436499710223
21.0,crank_nicolson,0.6428571428571428,0.0,-0.12208436499710223
21.0,crank_nicolson,0.6428571428571428,0.07142857142857142,0.0984068216327586
21.0,crank_nicolson,0.6428571428571428,0.14285714285714285,0.2028483318253774
21.0,crank_nicolson,0.6428571428571428,0.21428571428571427,0.3048517914359701
21.0,crank_nicolson,0.6428571428571428,0.2857142857142857,0.4062725091377197
21.0,crank_nicolson,0.6428571428571428,0.3571428571428571,0.5060694361563819
21.0,crank_nicolson,0.6428571428571428,0.42857142857142855,0.5958872279096202
21.0,crank_nicolson,0.6428571428571428,0.5,0.6435896827308799
21.0,crank_nicolson,0.6428571428571428,0.5714285714285714,0.5958872279096195
21.0,crank_nicolson,0.6428571428571428,0.6428571428571428,0.5060694361563843
21.0,crank_nicolson,0.6428571428571428,0.7142857142857142,0.4062725091377208
21.0,crank_nicolson,0.6428571428571428,0.7857142857142857,0.3048517914359707
21.0,crank_nicolson,0.6428571428571428,0.8571428571428571,0.20284833182537834
21.0,crank_nicolson,0.6428571428571428,0.9285714285714285,0.09840682163275873
21.0,crank_nicolson,0.6428571428571428,1.0,-0.12208436499710223
21.0,crank_nicolson,0.7142857142857142,0.0,-0.12208436499710223
21.0,crank_nicolson,0.7142857142857142,0.07142857142857142,0.07836712359022273
21.0,crank_nicolson,0.7142857142857142,0.14285714285714285,0.16276909014997684
21.0,crank_nicolson,0.7142857142857142,0.21428571428571427,0.24473558238246113
21.0,crank_nicolson,0.7142857142857142,0.2857142857142857,0.32615744296716503
21.0,crank_nicolson,0.7142857142857142,0.3571428571428571,0.4062725091377195
21.0,crank_nicolson,0.7142857142857142,0.42857142857142855,0.4783771355780345
21.0,crank_nicolson,0.7142857142857142,0.5,0.5166721775291766
21.0,crank_nicolson,0.7142857142857142,0.5714285714285714,0.4783771355780356
21.0,crank_nicolson,0.7142857142857142,0.6428571428571428,0.406272509137721
21.0,crank_nicolson,0.7142857142857142,0.7142857142857142,0.32615744296716537
21.0,crank_nicolson,0.7142857142857142,0.7857142857142857,0.2447355823824614
21.0,crank_nicolson,0.7142857142857142,0.8571428571428571,0.162769090149977
21.0,crank_nicolson,0.7142857142857142,0.9285714285714285,0.07836712359022278
21.0,crank_nicolson,0.7142857142857142,1.0,-0.12208436499710223
21.0,crank_nicolson,0.7857142857142857,0.0,-0.12208436499710223
21.0,crank_nicolson,0.7857142857142857,0.07142857142857142,0.05798348738359282
21.0,crank_nicolson,0.7857142857142857,0.14285714285714285,0.12202477620542554
21.0,crank_nicolson,0.7857142857142857,0.21428571428571427,0.18363409802346242
21.0,crank_nicolson,0.7857142857142857,0.2857142857142857,0.24473558238246176
21.0,crank_nicolson,0.7857142857142857,0.3571428571428571,0.3048517914359706
21.0,crank_nicolson,0.7857142857142857,0.42857142857142855,0.35895788396818645
21.0,crank_nicolson,0.7857142857142857,0.5,0.38769392671113817
21.0,crank_nicolson,0.7857142857142857,0.5714285714285714,0.35895788396818745
21.0,crank_nicolson,0.7857142857142857,0.6428571428571428,0.3048517914359713
21.0,crank_nicolson,0.7857142857142857,0.7142857142857142,0.24473558238246196
21.0,crank_nicolson,0.7857142857142857,0.7857142857142857,0.18363409802346256
21.0,crank_nicolson,0.7857142857142857,0.8571428571428571,0.12202477620542558
21.0,crank_nicolson,0.7857142857142857,0.9285714285714285,0.05798348738359291
21.0,crank_nicolson,0.7857142857142857,1.0,-0.12208436499710223
21.0,crank_nicolson,0.8571428571428571,0.0,-0.12208436499710223
21.0,crank_nicolson,0.8571428571428571,0.07142857142857142,0.03723846221805372
21.0,crank_nicolson,0.8571428571428571,0.14285714285714285,0.0808109763416567
21.0,crank_nicolson,0.8571428571428571,0.21428571428571427,0.12202477620542539
21.0,crank_nicolson,0.8571428571428571,0.2857142857142857,0.1627690901499771
21.0,crank_nicolson,0.8571428571428571,0.3571428571428571,0.20284833182537748
21.0,crank_nicolson,0.8571428571428571,0.42857142857142855,0.23892119977265094
21.0,crank_nicolson,0.8571428571428571,0.5,0.25807979054563124
21.0,crank_nicolson,0.8571428571428571,0.5714285714285714,0.23892119977265314
21.0,crank_nicolson,0.8571428571428571,0.6428571428571428,0.2028483318253789
21.0,crank_nicolson,0.8571428571428571,0.7142857142857142,0.16276909014997734
21.0,crank_nicolson,0.8571428571428571,0.7857142857142857,0.12202477620542544
21.0,crank_nicolson,0.8571428571428571,0.8571428571428571,0.08081097634165675
21.0,crank_nicolson,0.8571428571428571,0.9285714285714285,0.037238462218053776
21.0,crank_nicolson,0.8571428571428571,1.0,-0.12208436499710223
21.0,crank_nicolson,0.9285714285714285,0.0,-0.12208436499710223
21.0,crank_nicolson,0.9285714285714285,0.07142857142857142,0.01471400658105469
21.0,crank_nicolson,0.9285714285714285,0.14285714285714285,0.0372384622180537
21.0,crank_nicolson,0.9285714285714285,0.21428571428571427,0.0579834873835928
21.0,crank_nicolson,0.9285714285714285,0.2857142857142857,0.07836712359022244
21.0,crank_nicolson,0.9285714285714285,0.3571428571428571,0.09840682163275873
21.0,crank_nicolson,0.9285714285714285,0.42857142857142855,0.11644326812382555
21.0,crank_nicolson,0.9285714285714285,0.5,0.1260226209343213
21.0,crank_nicolson,0.9285714285714285,0.5714285714285714,0.11644326812382642
21.0,crank_nicolson,0.9285714285714285,0.6428571428571428,0.09840682163275892
21.0,crank_nicolson,0.9285714285714285,0.7142857142857142,0.07836712359022246
21.0,crank_nicolson,0.9285714285714285,0.7857142857142857,0.05798348738359282
21.0,crank_nicolson,0.9285714285714285,0.8571428571428571,0.03723846221805375
21.0,crank_nicolson,0.9285714285714285,0.9285714285714285,0.014714006581054706
21.0,crank_nicolson,0.9285714285714285,1.0,-0.12208436499710223
21.0,crank_nicolson,1.0,0.0,-0.12208436499710223
21.0,crank_nicolson,1.0,0.07142857142857142,-0.12208436499710223
21.0,crank_nicolson,1.0,0.14285714285714285,-0.12208436499710223
21.0,crank_nicolson,1.0,0.21428571428571427,-0.12208436499710223
21.0,crank_nicolson,1.0,0.2857142857142857,-0.12208436499710223
21.0,crank_nicolson,1.0,0.3571428571428571,-0.12208436499710223
21.0,crank_nicolson,1.0,0.42857142857142855,-0.12208436499710223
21.0,crank_nicolson,1.0,0.5,-0.12208436499710223
21.0,crank_nicolson,1.0,0.5714285714285714,-0.12208436499710223
21.0,crank_nicolson,1.0,0.6428571428571428,-0.12208436499710223
21.0,crank_nicolson,1.0,0.7142857142857142,-0.12208436499710223
21.0,crank_nicolson,1.0,0.7857142857142857,-0.12208436499710223
21.0,crank_nicolson,1.0,0.8571428571428571,-0.12208436499710223
21.0,crank_nicolson,1.0,0.9285714285714285,-0.12208436499710223
21.0,crank_nicolson,1.0,1.0,-0.12208436499710223
22.0,crank_nicolson,0.0,0.0,-0.19596701238797756
22.0,crank_nicolson,0.0,0.07142857142857142,-0.19596701238797756
22.0,crank_nicolson,0.0,0.14285714285714285,-0.19596701238797756
22.0,crank_nicolson,0.0,0.21428571428571427,-0.19596701238797756
22.0,crank_nicolson,0.0,0.2857142857142857,-0.19596701238797756
22.0,crank_nicolson,0.0,0.3571428571428571,-0.19596701238797756
22.0,crank_nicolson,0.0,0.42857142857142855,-0.19596701238797756
22.0,crank_nicolson,0.0,0.5,-0.19596701238797756
22.0,crank_nicolson,0.0,0.5714285714285714,-0.19596701238797756
22.0,crank_nicolson,0.0,0.6428571428571428,-0.19596701238797756
22.0,crank_nicolson,0.0,0.7142857142857142,-0.19596701238797756
22.0,crank_nicolson,0.0,0.7857142857142857,-0.19596701238797756
22.0,crank_nicolson,0.0,0.8571428571428571,-0.19596701238797756
22.0,crank_nicolson,0.0,0.9285714285714285,-0.19596701238797756
22.0,crank_nicolson,0.0,1.0,-0.19596701238797756
22.0,crank_nicolson,0.07142857142857142,0.0,-0.19596701238797756
22.0,crank_nicolson,0.07142857142857142,0.07142857142857142,0.012761992175650612
22.0,crank_nicolson,0.07142857142857142,0.14285714285714285,0.03617003307278712
22.0,crank_nicolson,0.07142857142857142,0.21428571428571427,0.056947501213762255
22.0,crank_nicolson,0.07142857142857142,0.2857142857142857,0.07733069938977352
22.0,crank_nicolson,0.07142857142857142,0.3571428571428571,0.09732378626504186
22.0,crank_nicolson,0.07142857142857142,0.42857142857142855,0.11518376482906381
22.0,crank_nicolson,0.07142857142857142,0.5,0.12447936620222755
22.0,crank_nicolson,0.07142857142857142,0.5714285714285714,0.11518376482906359
22.0,crank_nicolson,0.07142857142857142,0.6428571428571428,0.09732378626504168
22.0,crank_nicolson,0.07142857142857142,0.7142857142857142,0.07733069938977352
22.0,crank_nicolson,0.07142857142857142,0.7857142857142857,0.05694750121376225
22.0,crank_nicolson,0.07142857142857142,0.8571428571428571,0.03617003307278713
22.0,crank_nicolson,0.07142857142857142,0.9285714285714285,0.01276199217565062
22.0,crank_nicolson,0.07142857142857142,1.0,-0.19596701238797756
22.0,crank_nicolson,0.14285714285714285,0.0,-0.19596701238797756
22.0,crank_nicolson,0.14285714285714285,0.07142857142857142,0.036170033072787065
22.0,crank_nicolson,0.14285714285714285,0.14285714285714285,0.08067754958742407
22.0,crank_nicolson,0.14285714285714285,0.21428571428571427,0.121942235711603
22.0,crank_nicolson,0.14285714285714285,0.2857142857142857,0.16268058965104598
22.0,crank_nicolson,0.14285714285714285,0.3571428571428571,0.20266588001213573
22.0,crank_nicolson,0.14285714285714285,0.42857142857142855,0.2383857048001852
22.0,crank_nicolson,0.14285714285714285,0.5,0.25697675488620103
22.0,crank_nicolson,0.14285714285714285,0.5714285714285714,0.23838570480018448
22.0,crank_nicolson,0.14285714285714285,0.6428571428571428,0.2026658800121358
22.0,crank_nicolson,0.14285714285714285,0.7142857142857142,0.16268058965104606
22.0,crank_nicolson,0.14285714285714285,0.7857142857142857,0.12194223571160308
22.0,crank_nicolson,0.14285714285714285,0.8571428571428571,0.08067754958742411
22.0,crank_nicolson,0.14285714285714285,0.9285714285714285,0.036170033072787086
22.0,crank_nicolson,0.14285714285714285,1.0,-0.19596701238797756
22.0,crank_nicolson,0.21428571428571427,0.0,-0.19596701238797756
22.0,crank_nicolson,0.21428571428571427,0.07142857142857142,0.05694750121376213
22.0,crank_nicolson,0.21428571428571427,0.14285714285714285,0.12194223571160293
22.0,crank_nicolson,0.21428571428571427,0.21428571428571427,0.18360450373819806
22.0,crank_nicolson,0.21428571428571427,0.2857142857142857,0.24469096045764066
22.0,crank_nicolson,0.21428571428571427,0.3571428571428571,0.3046648239990029
22.0,crank_nicolson,0.21428571428571427,0.42857142857142855,0.358240519483429
22.0,crank_nicolson,0.21428571428571427,0.5,0.3861248582653557
22.0,crank_nicolson,0.21428571428571427,0.5714285714285714,0.35824051948342817
22.0,crank_nicolson,0.21428571428571427,0.6428571428571428,0.3046648239990029
22.0,crank_nicolson,0.21428571428571427,0.7142857142857142,0.24469096045764063
22.0,crank_nicolson,0.21428571428571427,0.7857142857142857,0.18360450373819806
22.0,crank_nicolson,0.21428571428571427,0.8571428571428571,0.12194223571160295
22.0,crank_nicolson,0.21428571428571427,0.9285714285714285,0.056947501213762214
22.0,crank_nicolson,0.21428571428571427,1.0,-0.19596701238797756
22.0,crank_nicolson,0.2857142857142857,0.0,-0.19596701238797756
22.0,crank_nicolson,0.2857142857142857,0.07142857142857142,0.07733069938977315
22.0,crank_nicolson,0.2857142857142857,0.14285714285714285,0.16268058965104634
22.0,crank_nicolson,0.2857142857142857,0.21428571428571427,0.2446909604576412
22.0,crank_nicolson,0.2857142857142857,0.2857142857142857,0.32608133992665633
22.0,crank_nicolson,0.2857142857142857,0.3571428571428571,0.405998797725325
22.0,crank_nicolson,0.2857142857142857,0.42857142857142855,0.4773897721780438
22.0,crank_nicolson,0.2857142857142857,0.5,0.5145462397125772
22.0,crank_nicolson,0.2857142857142857,0.5714285714285714,0.47738977217804407
22.0,crank_nicolson,0.2857142857142857,0.6428571428571428,0.40599879772532477
22.0,crank_nicolson,0.2857142857142857,0.7142857142857142,0.3260813399266562
22.0,crank_nicolson,0.2857142857142857,0.7857142857142857,0.24469096045764113
22.0,crank_nicolson,0.2857142857142857,0.8571428571428571,0.16268058965104637
22.0,crank_nicolson,0.2857142857142857,0.9285714285714285,0.07733069938977323
22.0,crank_nicolson,0.2857142857142857,1.0,-0.19596701238797756
22.0,crank_nicolson,0.3571428571428571,0.0,-0.19596701238797756
22.0,crank_nicolson,0.3571428571428571,0.07142857142857142,0.0973237862650417
22.0,crank_nicolson,0.3571428571428571,0.14285714285714285,0.20266588001213584
22.0,crank_nicolson,0.3571428571428571,0.21428571428571427,0.30466482399900374
22.0,crank_nicolson,0.3571428571428571,0.2857142857142857,0.40599879772532593
22.0,crank_nicolson,0.3571428571428571,0.3571428571428571,0.5055053194635071
22.0,crank_nicolson,0.3571428571428571,0.42857142857142855,0.594394781263716
22.0,crank_nicolson,0.3571428571428571,0.5,0.6406584693396876
22.0,crank_nicolson,0.3571428571428571,0.5714285714285714,0.5943947812637171
22.0,crank_nicolson,0.3571428571428571,0.6428571428571428,0.5055053194635064
22.0,crank_nicolson,0.3571428571428571,0.7142857142857142,0.4059987977253261
22.0,crank_nicolson,0.3571428571428571,0.7857142857142857,0.30466482399900374
22.0,crank_nicolson,0.3571428571428571,0.8571428571428571,0.20266588001213612
22.0,crank_nicolson,0.3571428571428571,0.9285714285714285,0.09732378626504173
22.0,crank_nicolson,0.3571428571428571,1.0,-0.19596701238797756
22.0,crank_nicolson,0.42857142857142855,0.0,-0.19596701238797756
22.0,crank_nicolson,0.42857142857142855,0.07142857142857142,0.11518376482906356
22.0,crank_nicolson,0.42857142857142855,0.14285714285714285,0.2383857048001848
22.0,crank_nicolson,0.42857142857142855,0.21428571428571427,0.3582405194834301
22.0,crank_nicolson,0.42857142857142855,0.2857142857142857,0.47738977217804546
22.0,crank_nicolson,0.42857142857142855,0.3571428571428571,0.5943947812637168
22.0,crank_nicolson,0.42857142857142855,0.42857142857142855,0.6989152037248357
22.0,crank_nicolson,0.42857142857142855,0.5,0.7533139777291354
22.0,crank_nicolson,0.42857142857142855,0.5714285714285714,0.6989152037248363
22.0,crank_nicolson,0.42857142857142855,0.6428571428571428,0.5943947812637173
22.0,crank_nicolson,0.42857142857142855,0.7142857142857142,0.47738977217804635
22.0,crank_nicolson,0.42857142857142855,0.7857142857142857,0.35824051948343033
22.0,crank_nicolson,0.42857142857142855,0.8571428571428571,0.23838570480018495
22.0,crank_nicolson,0.42857142857142855,0.9285714285714285,0.11518376482906323
22.0,crank_nicolson,0.42857142857142855,1.0,-0.19596701238797756
22.0,crank_nicolson,0.5,0.0,-0.19596701238797756
22.0,crank_nicolson,0.5,0.07142857142857142,0.1244793662022275
22.0,crank_nicolson,0.5,0.14285714285714285,0.25697675488620125
22.0,crank_nicolson,0.5,0.21428571428571427,0.3861248582653565
22.0,crank_nicolson,0.5,0.2857142857142857,0.5145462397125748
22.0,crank_nicolson,0.5,0.3571428571428571,0.640658469339688
22.0,crank_nicolson,0.5,0.42857142857142855,0.7533139777291387
22.0,crank_nicolson,0.5,0.5,0.8119462633997903
22.0,crank_nicolson,0.5,0.5714285714285714,0.7533139777291349
22.0,crank_nicolson,0.5,0.6428571428571428,0.640658469339687
22.0,crank_nicolson,0.5,0.7142857142857142,0.5145462397125774
22.0,crank_nicolson,0.5,0.7857142857142857,0.3861248582653579
22.0,crank_nicolson,0.5,0.8571428571428571,0.2569767548862015
22.0,crank_nicolson,0.5,0.9285714285714285,0.1244793662022276
22.0,crank_nicolson,0.5,1.0,-0.19596701238797756
22.0,crank_nicolson,0.5714285714285714,0.0,-0.19596701238797756
22.0,crank_nicolson,0.5714285714285714,0.07142857142857142,0.11518376482906373
22.0,crank_nicolson,0.5714285714285714,0.14285714285714285,0.23838570480018526
22.0,crank_nicolson,0.5714285714285714,0.21428571428571427,0.35824051948342744
22.0,crank_nicolson,0.5714285714285714,0.2857142857142857,0.47738977217804235
22.0,crank_nicolson,0.5714285714285714,0.3571428571428571,0.5943947812637148
22.0,crank_nicolson,0.5714285714285714,0.42857142857142855,0.6989152037248367
22.0,crank_nicolson,0.5714285714285714,0.5,0.7533139777291369
22.0,crank_nicolson,0.5714285714285714,0.5714285714285714,0.6989152037248374
22.0,crank_nicolson,0.5714285714285714,0.6428571428571428,0.5943947812637176
22.0,crank_nicolson,0.5714285714285714,0.7142857142857142,0.47738977217804424
22.0,crank_nicolson,0.5714285714285714,0.7857142857142857,0.3582405194834301
22.0,crank_nicolson,0.5714285714285714,0.8571428571428571,0.2383857048001866
22.0,crank_nicolson,0.5714285714285714,0.9285714285714285,0.11518376482906402
22.0,crank_nicolson,0.5714285714285714,1.0,-0.19596701238797756
22.0,crank_nicolson,0.6428571428571428,0.0,-0.19596701238797756
22.0,crank_nicolson,0.6428571428571428,0.07142857142857142,0.0973237862650415
22.0,crank_nicolson,0.6428571428571428,0.14285714285714285,0.20266588001213573
22.0,crank_nicolson,0.6428571428571428,0.21428571428571427,0.3046648239990026
22.0,crank_nicolson,0.6428571428571428,0.2857142857142857,0.40599879772532416
22.0,crank_nicolson,0.6428571428571428,0.3571428571428571,0.5055053194635054
22.0,crank_nicolson,0.6428571428571428,0.42857142857142855,0.5943947812637175
22.0,crank_nicolson,0.6428571428571428,0.5,0.6406584693396877
22.0,crank_nicolson,0.6428571428571428,0.5714285714285714,0.5943947812637168
22.0,crank_nicolson,0.6428571428571428,0.6428571428571428,0.5055053194635083
22.0,crank_nicolson,0.6428571428571428,0.7142857142857142,0.40599879772532543
22.0,crank_nicolson,0.6428571428571428,0.7857142857142857,0.30466482399900313
22.0,crank_nicolson,0.6428571428571428,0.8571428571428571,0.20266588001213673
22.0,crank_nicolson,0.6428571428571428,0.9285714285714285,0.09732378626504166
22.0,crank_nicolson,0.6428571428571428,1.0,-0.19596701238797756
22.0,crank_nicolson,0.7142857142857142,0.0,-0.19596701238797756
22.0,crank_nicolson,0.7142857142857142,0.07142857142857142,0.07733069938977351
22.0,crank_nicolson,0.7142857142857142,0.14285714285714285,0.16268058965104604
22.0,crank_nicolson,0.7142857142857142,0.21428571428571427,0.24469096045764055
22.0,crank_nicolson,0.7142857142857142,0.2857142857142857,0.32608133992665606
22.0,crank_nicolson,0.7142857142857142,0.3571428571428571,0.4059987977253242
22.0,crank_nicolson,0.7142857142857142,0.42857142857142855,0.4773897721780449
22.0,crank_nicolson,0.7142857142857142,0.5,0.5145462397125797
22.0,crank_nicolson,0.7142857142857142,0.5714285714285714,0.477389772178046
22.0,crank_nicolson,0.7142857142857142,0.6428571428571428,0.40599879772532566
22.0,crank_nicolson,0.7142857142857142,0.7142857142857142,0.32608133992665633
22.0,crank_nicolson,0.7142857142857142,0.7857142857142857,0.24469096045764077
22.0,crank_nicolson,0.7142857142857142,0.8571428571428571,0.16268058965104626
22.0,crank_nicolson,0.7142857142857142,0.9285714285714285,0.07733069938977356
22.0,crank_nicolson,0.7142857142857142,1.0,-0.19596701238797756
22.0,crank_nicolson,0.7857142857142857,0.0,-0.19596701238797756
22.0,crank_nicolson,0.7857142857142857,0.07142857142857142,0.05694750121376225
22.0,crank_nicolson,0.7857142857142857,0.14285714285714285,0.12194223571160308
22.0,crank_nicolson,0.7857142857142857,0.21428571428571427,0.18360450373819803
22.0,crank_nicolson,0.7857142857142857,0.2857142857142857,0.24469096045764108
22.0,crank_nicolson,0.7857142857142857,0.3571428571428571,0.30466482399900313
22.0,crank_nicolson,0.7857142857142857,0.42857142857142855,0.3582405194834287
22.0,crank_nicolson,0.7857142857142857,0.5,0.3861248582653574
22.0,crank_nicolson,0.7857142857142857,0.5714285714285714,0.3582405194834298
22.0,crank_nicolson,0.7857142857142857,0.6428571428571428,0.3046648239990039
22.0,crank_nicolson,0.7857142857142857,0.7142857142857142,0.24469096045764127
22.0,crank_nicolson,0.7857142857142857,0.7857142857142857,0.18360450373819814
22.0,crank_nicolson,0.7857142857142857,0.8571428571428571,0.12194223571160313
22.0,crank_nicolson,0.7857142857142857,0.9285714285714285,0.056947501213762325
22.0,crank_nicolson,0.7857142857142857,1.0,-0.19596701238797756
22.0,crank_nicolson,0.8571428571428571,0.0,-0.19596701238797756
22.0,crank_nicolson,0.8571428571428571,0.07142857142857142,0.03617003307278712
22.0,crank_nicolson,0.8571428571428571,0.14285714285714285,0.08067754958742411
22.0,crank_nicolson,0.8571428571428571,0.21428571428571427,0.12194223571160295
22.0,crank_nicolson,0.8571428571428571,0.2857142857142857,0.16268058965104634
22.0,crank_nicolson,0.8571428571428571,0.3571428571428571,0.20266588001213584
22.0,crank_nicolson,0.8571428571428571,0.42857142857142855,0.2383857048001848
22.0,crank_nicolson,0.8571428571428571,0.5,0.2569767548862015
22.0,crank_nicolson,0.8571428571428571,0.5714285714285714,0.23838570480018695
22.0,crank_nicolson,0.8571428571428571,0.6428571428571428,0.20266588001213728
22.0,crank_nicolson,0.8571428571428571,0.7142857142857142,0.1626805896510466
22.0,crank_nicolson,0.8571428571428571,0.7857142857142857,0.12194223571160304
22.0,crank_nicolson,0.8571428571428571,0.8571428571428571,0.08067754958742417
22.0,crank_nicolson,0.8571428571428571,0.9285714285714285,0.03617003307278717
22.0,crank_nicolson,0.8571428571428571,1.0,-0.19596701238797756
22.0,crank_nicolson,0.9285714285714285,0.0,-0.19596701238797756
22.0,crank_nicolson,0.9285714285714285,0.07142857142857142,0.012761992175650617
22.0,crank_nicolson,0.9285714285714285,0.14285714285714285,0.036170033072787086
22.0,crank_nicolson,0.9285714285714285,0.21428571428571427,0.05694750121376221
22.0,crank_nicolson,0.9285714285714285,0.2857142857142857,0.0773306993897732
22.0,crank_nicolson,0.9285714285714285,0.3571428571428571,0.09732378626504164
22.0,crank_nicolson,0.9285714285714285,0.42857142857142855,0.1151837648290631
22.0,crank_nicolson,0.9285714285714285,0.5,0.12447936620222756
22.0,crank_nicolson,0.9285714285714285,0.5714285714285714,0.11518376482906405
22.0,crank_nicolson,0.9285714285714285,0.6428571428571428,0.09732378626504185
22.0,crank_nicolson,0.9285714285714285,0.7142857142857142,0.07733069938977323
22.0,crank_nicolson,0.9285714285714285,0.7857142857142857,0.056947501213762235
22.0,crank_nicolson,0.9285714285714285,0.8571428571428571,0.03617003307278715
22.0,crank_nicolson,0.9285714285714285,0.9285714285714285,0.012761992175650634
22.0,crank_nicolson,0.9285714285714285,1.0,-0.19596701238797756
22.0,crank_nicolson,1.0,0.0,-0.19596701238797756
22.0,crank_nicolson,1.0,0.07142857142857142,-0.19596701238797756
22.0,crank_nicolson,1.0,0.14285714285714285,-0.19596701238797756
22.0,crank_nicolson,1.0,0.21428571428571427,-0.19596701238797756
22.0,crank_nicolson,1.0,0.2857142857142857,-0.19596701238797756
22.0,crank_nicolson,1.0,0.3571428571428571,-0.19596701238797756
22.0,crank_nicolson,1.0,0.42857142857142855,-0.19596701238797756
22.0,crank_nicolson,1.0,0.5,-0.19596701238797756
22.0,crank_nicolson,1.0,0.5714285714285714,-0.19596701238797756
22.0,crank_nicolson,1.0,0.6428571428571428,-0.19596701238797756
22.0,crank_nicolson,1.0,0.7142857142857142,-0.19596701238797756
22.0,crank_nicolson,1.0,0.7857142857142857,-0.19596701238797756
22.0,crank_nicolson,1.0,0.8571428571428571,-0.19596701238797756
22.0,crank_nicolson,1.0,0.9285714285714285,-0.19596701238797756
22.0,crank_nicolson,1.0,1.0,-0.19596701238797756
23.0,crank_nicolson,0.0,0.0,-0.13281860488984307
23.0,crank_nicolson,0.0,0.07142857142857142,-0.13281860488984307
23.0,crank_nicolson,0.0,0.14285714285714285,-0.13281860488984307
23.0,crank_nicolson,0.0,0.21428571428571427,-0.13281860488984307
23.0,crank_nicolson,0.0,0.2857142857142857,-0.13281860488984307
23.0,crank_nicolson,0.0,0.3571428571428571,-0.13281860488984307
23.0,crank_nicolson,0.0,0.42857142857142855,-0.13281860488984307
23.0,crank_nicolson,0.0,0.5,-0.13281860488984307
23.0,crank_nicolson,0.0,0.5714285714285714,-0.13281860488984307
23.0,crank_nicolson,0.0,0.6428571428571428,-0.13281860488984307
23.0,crank_nicolson,0.0,0.7142857142857142,-0.13281860488984307
23.0,crank_nicolson,0.0,0.7857142857142857,-0.13281860488984307
23.0,crank_nicolson,0.0,0.8571428571428571,-0.13281860488984307
23.0,crank_nicolson,0.0,0.9285714285714285,-0.13281860488984307
23.0,crank_nicolson,0.0,1.0,-0.13281860488984307
23.0,crank_nicolson,0.07142857142857142,0.0,-0.13281860488984307
23.0,crank_nicolson,0.07142857142857142,0.07142857142857142,0.011264534889920226
23.0,crank_nicolson,0.07142857142857142,0.14285714285714285,0.03534504469745397
23.0,crank_nicolson,0.07142857142857142,0.21428571428571427,0.05615319858911379
23.0,crank_nicolson,0.07142857142857142,0.2857142857142857,0.07653610044112849
23.0,crank_nicolson,0.07142857142857142,0.3571428571428571,0.09650503158288742
23.0,crank_nicolson,0.07142857142857142,0.42857142857142855,0.11427705611958709
23.0,crank_nicolson,0.07142857142857142,0.5,0.12343752785252586
23.0,crank_nicolson,0.07142857142857142,0.5714285714285714,0.11427705611958688
23.0,crank_nicolson,0.07142857142857142,0.6428571428571428,0.09650503158288723
23.0,crank_nicolson,0.07142857142857142,0.7142857142857142,0.07653610044112849
23.0,crank_nicolson,0.07142857142857142,0.7857142857142857,0.05615319858911378
23.0,crank_nicolson,0.07142857142857142,0.8571428571428571,0.035345044697453976
23.0,crank_nicolson,0.07142857142857142,0.9285714285714285,0.011264534889920234
23.0,crank_nicolson,0.07142857142857142,1.0,-0.13281860488984307
23.0,crank_nicolson,0.14285714285714285,0.0,-0.13281860488984307
23.0,crank_nicolson,0.14285714285714285,0.07142857142857142,0.03534504469745391
23.0,crank_nicolson,0.14285714285714285,0.14285714285714285,0.08057933921879946
23.0,crank_nicolson,0.14285714285714285,0.21428571428571427,0.12188433958421065
23.0,crank_nicolson,0.14285714285714285,0.2857142857142857,0.162619465702479
23.0,crank_nicolson,0.14285714285714285,0.3571428571428571,0.2025560457374772
23.0,crank_nicolson,0.14285714285714285,0.42857142857142855,0.23809989702827006
23.0,crank_nicolson,0.14285714285714285,0.5,0.256420665803875
23.0,crank_nicolson,0.14285714285714285,0.5714285714285714,0.23809989702826942
23.0,crank_nicolson,0.14285714285714285,0.6428571428571428,0.20255604573747724
23.0,crank_nicolson,0.14285714285714285,0.7142857142857142,0.1626194657024791
23.0,crank_nicolson,0.14285714285714285,0.7857142857142857,0.12188433958421072
23.0,crank_nicolson,0.14285714285714285,0.8571428571428571,0.08057933921879952
23.0,crank_nicolson,0.14285714285714285,0.9285714285714285,0.035345044697453934
23.0,crank_nicolson,0.14285714285714285,1.0,-0.13281860488984307
23.0,crank_nicolson,0.21428571428571427,0.0,-0.13281860488984307
23.0,crank_nicolson,0.21428571428571427,0.07142857142857142,0.05615319858911367
23.0,crank_nicolson,0.21428571428571427,0.14285714285714285,0.12188433958421056
23.0,crank_nicolson,0.21428571428571427,0.21428571428571427,0.183588055776517
23.0,crank_nicolson,0.21428571428571427,0.2857142857142857,0.2446664185582047
23.0,crank_nicolson,0.21428571428571427,0.3571428571428571,0.30456640945621516
23.0,crank_nicolson,0.21428571428571427,0.42857142857142855,0.35787767721709707
23.0,crank_nicolson,0.21428571428571427,0.5,0.38535637880605217
23.0,crank_nicolson,0.21428571428571427,0.5714285714285714,0.3578776772170963
23.0,crank_nicolson,0.21428571428571427,0.6428571428571428,0.30456640945621516
23.0,crank_nicolson,0.21428571428571427,0.7142857142857142,0.24466641855820467
23.0,crank_nicolson,0.21428571428571427,0.7857142857142857,0.183588055776517
23.0,crank_nicolson,0.21428571428571427,0.8571428571428571,0.1218843395842106
23.0,crank_nicolson,0.21428571428571427,0.9285714285714285,0.056153198589113745
23.0,crank_nicolson,0.21428571428571427,1.0,-0.13281860488984307
23.0,crank_nicolson,0.2857142857142857,0.0,-0.13281860488984307
23.0,crank_nicolson,0.2857142857142857,0.07142857142857142,0.07653610044112813
23.0,crank_nicolson,0.2857142857142857,0.14285714285714285,0.16261946570247932
23.0,crank_nicolson,0.2857142857142857,0.21428571428571427,0.24466641855820517
23.0,crank_nicolson,0.2857142857142857,0.2857142857142857,0.32603982727987424
23.0,crank_nicolson,0.2857142857142857,0.3571428571428571,0.4058545646014096
23.0,crank_nicolson,0.2857142857142857,0.42857142857142855,0.4768895210874365
23.0,crank_nicolson,0.2857142857142857,0.5,0.5135035808475998
23.0,crank_nicolson,0.2857142857142857,0.5714285714285714,0.47688952108743665
23.0,crank_nicolson,0.2857142857142857,0.6428571428571428,0.4058545646014094
23.0,crank_nicolson,0.2857142857142857,0.7142857142857142,0.32603982727987413
23.0,crank_nicolson,0.2857142857142857,0.7857142857142857,0.24466641855820512
23.0,crank_nicolson,0.2857142857142857,0.8571428571428571,0.16261946570247934
23.0,crank_nicolson,0.2857142857142857,0.9285714285714285,0.07653610044112823
23.0,crank_nicolson,0.2857142857142857,1.0,-0.13281860488984307
23.0,crank_nicolson,0.3571428571428571,0.0,-0.13281860488984307
23.0,crank_nicolson,0.3571428571428571,0.07142857142857142,0.09650503158288722
23.0,crank_nicolson,0.3571428571428571,0.14285714285714285,0.20255604573747735
23.0,crank_nicolson,0.3571428571428571,0.21428571428571427,0.30456640945621594
23.0,crank_nicolson,0.3571428571428571,0.2857142857142857,0.4058545646014105
23.0,crank_nicolson,0.3571428571428571,0.3571428571428571,0.5052102706441732
23.0,crank_nicolson,0.3571428571428571,0.42857142857142855,0.5936361581316795
23.0,crank_nicolson,0.3571428571428571,0.5,0.6392140293015612
23.0,crank_nicolson,0.3571428571428571,0.5714285714285714,0.5936361581316806
23.0,crank_nicolson,0.3571428571428571,0.6428571428571428,0.5052102706441725
23.0,crank_nicolson,0.3571428571428571,0.7142857142857142,0.4058545646014107
23.0,crank_nicolson,0.3571428571428571,0.7857142857142857,0.30456640945621594
23.0,crank_nicolson,0.3571428571428571,0.8571428571428571,0.20255604573747765
23.0,crank_nicolson,0.3571428571428571,0.9285714285714285,0.09650503158288724
23.0,crank_nicolson,0.3571428571428571,1.0,-0.13281860488984307
23.0,crank_nicolson,0.42857142857142855,0.0,-0.13281860488984307
23.0,crank_nicolson,0.42857142857142855,0.07142857142857142,0.11427705611958684
23.0,crank_nicolson,0.42857142857142855,0.14285714285714285,0.23809989702826975
23.0,crank_nicolson,0.42857142857142855,0.21428571428571427,0.3578776772170983
23.0,crank_nicolson,0.42857142857142855,0.2857142857142857,0.476889521087438
23.0,crank_nicolson,0.42857142857142855,0.3571428571428571,0.5936361581316804
23.0,crank_nicolson,0.42857142857142855,0.42857142857142855,0.6975394375053439
23.0,crank_nicolson,0.42857142857142855,0.5,0.7510946612597508
23.0,crank_nicolson,0.42857142857142855,0.5714285714285714,0.6975394375053444
23.0,crank_nicolson,0.42857142857142855,0.6428571428571428,0.5936361581316809
23.0,crank_nicolson,0.42857142857142855,0.7142857142857142,0.47688952108743904
23.0,crank_nicolson,0.42857142857142855,0.7857142857142857,0.35787767721709846
23.0,crank_nicolson,0.42857142857142855,0.8571428571428571,0.2380998970282699
23.0,crank_nicolson,0.42857142857142855,0.9285714285714285,0.11427705611958651
23.0,crank_nicolson,0.42857142857142855,1.0,-0.13281860488984307
23.0,crank_nicolson,0.5,0.0,-0.13281860488984307
23.0,crank_nicolson,0.5,0.07142857142857142,0.12343752785252582
23.0,crank_nicolson,0.5,0.14285714285714285,0.2564206658038751
23.0,crank_nicolson,0.5,0.21428571428571427,0.38535637880605306
23.0,crank_nicolson,0.5,0.2857142857142857,0.5135035808475977
23.0,crank_nicolson,0.5,0.3571428571428571,0.6392140293015616
23.0,crank_nicolson,0.5,0.42857142857142855,0.7510946612597539
23.0,crank_nicolson,0.5,0.5,0.8087612231469635
23.0,crank_nicolson,0.5,0.5714285714285714,0.7510946612597502
23.0,crank_nicolson,0.5,0.6428571428571428,0.6392140293015607
23.0,crank_nicolson,0.5,0.7142857142857142,0.5135035808476001
23.0,crank_nicolson,0.5,0.7857142857142857,0.38535637880605456
23.0,crank_nicolson,0.5,0.8571428571428571,0.25642066580387535
23.0,crank_nicolson,0.5,0.9285714285714285,0.12343752785252592
23.0,crank_nicolson,0.5,1.0,-0.13281860488984307
23.0,crank_nicolson,0.5714285714285714,0.0,-0.13281860488984307
23.0,crank_nicolson,0.5714285714285714,0.07142857142857142,0.11427705611958701
23.0,crank_nicolson,0.5714285714285714,0.14285714285714285,0.23809989702827017
23.0,crank_nicolson,0.5714285714285714,0.21428571428571427,0.35787767721709546
23.0,crank_nicolson,0.5714285714285714,0.2857142857142857,0.4768895210874348
23.0,crank_nicolson,0.5714285714285714,0.3571428571428571,0.5936361581316782
23.0,crank_nicolson,0.5714285714285714,0.42857142857142855,0.6975394375053448
23.0,crank_nicolson,0.5714285714285714,0.5,0.7510946612597522
23.0,crank_nicolson,0.5714285714285714,0.5714285714285714,0.6975394375053454
23.0,crank_nicolson,0.5714285714285714,0.6428571428571428,0.5936361581316814
23.0,crank_nicolson,0.5714285714285714,0.7142857142857142,0.47688952108743693
23.0,crank_nicolson,0.5714285714285714,0.7857142857142857,0.35787767721709834
23.0,crank_nicolson,0.5714285714285714,0.8571428571428571,0.2380998970282715
23.0,crank_nicolson,0.5714285714285714,0.9285714285714285,0.11427705611958731
23.0,crank_nicolson,0.5714285714285714,1.0,-0.13281860488984307
23.0,crank_nicolson,0.6428571428571428,0.0,-0.13281860488984307
23.0,crank_nicolson,0.6428571428571428,0.07142857142857142,0.09650503158288705
23.0,crank_nicolson,0.6428571428571428,0.14285714285714285,0.2025560457374772
23.0,crank_nicolson,0.6428571428571428,0.21428571428571427,0.3045664094562148
23.0,crank_nicolson,0.6428571428571428,0.2857142857142857,0.4058545646014088
23.0,crank_nicolson,0.6428571428571428,0.3571428571428571,0.5052102706441717
23.0,crank_nicolson,0.6428571428571428,0.42857142857142855,0.5936361581316809
23.0,crank_nicolson,0.6428571428571428,0.5,0.6392140293015615
23.0,crank_nicolson,0.6428571428571428,0.5714285714285714,0.5936361581316806
23.0,crank_nicolson,0.6428571428571428,0.6428571428571428,0.5052102706441746
23.0,crank_nicolson,0.6428571428571428,0.7142857142857142,0.40585456460141
23.0,crank_nicolson,0.6428571428571428,0.7857142857142857,0.30456640945621544
23.0,crank_nicolson,0.6428571428571428,0.8571428571428571,0.20255604573747815
23.0,crank_nicolson,0.6428571428571428,0.9285714285714285,0.09650503158288723
23.0,crank_nicolson,0.6428571428571428,1.0,-0.13281860488984307
23.0,crank_nicolson,0.7142857142857142,0.0,-0.13281860488984307
23.0,crank_nicolson,0.7142857142857142,0.07142857142857142,0.07653610044112848
23.0,crank_nicolson,0.7142857142857142,0.14285714285714285,0.16261946570247904
23.0,crank_nicolson,0.7142857142857142,0.21428571428571427,0.24466641855820456
23.0,crank_nicolson,0.7142857142857142,0.2857142857142857,0.32603982727987396
23.0,crank_nicolson,0.7142857142857142,0.3571428571428571,0.40585456460140873
23.0,crank_nicolson,0.7142857142857142,0.42857142857142855,0.4768895210874375
23.0,crank_nicolson,0.7142857142857142,0.5,0.5135035808476026
23.0,crank_nicolson,0.7142857142857142,0.5714285714285714,0.4768895210874387
23.0,crank_nicolson,0.7142857142857142,0.6428571428571428,0.40585456460141045
23.0,crank_nicolson,0.7142857142857142,0.7142857142857142,0.3260398272798743
23.0,crank_nicolson,0.7142857142857142,0.7857142857142857,0.2446664185582048
23.0,crank_nicolson,0.7142857142857142,0.8571428571428571,0.16261946570247926
23.0,crank_nicolson,0.7142857142857142,0.9285714285714285,0.07653610044112855
23.0,crank_nicolson,0.7142857142857142,1.0,-0.13281860488984307
23.0,crank_nicolson,0.7857142857142857,0.0,-0.13281860488984307
23.0,crank_nicolson,0.7857142857142857,0.07142857142857142,0.05615319858911378
23.0,crank_nicolson,0.7857142857142857,0.14285714285714285,0.12188433958421072
23.0,crank_nicolson,0.7857142857142857,0.21428571428571427,0.18358805577651696
23.0,crank_nicolson,0.7857142857142857,0.2857142857142857,0.24466641855820506
23.0,crank_nicolson,0.7857142857142857,0.3571428571428571,0.30456640945621527
23.0,crank_nicolson,0.7857142857142857,0.42857142857142855,0.3578776772170968
23.0,crank_nicolson,0.7857142857142857,0.5,0.3853563788060541
23.0,crank_nicolson,0.7857142857142857,0.5714285714285714,0.35787767721709784
23.0,crank_nicolson,0.7857142857142857,0.6428571428571428,0.3045664094562161
23.0,crank_nicolson,0.7857142857142857,0.7142857142857142,0.24466641855820526
23.0,crank_nicolson,0.7857142857142857,0.7857142857142857,0.18358805577651707
23.0,crank_nicolson,0.7857142857142857,0.8571428571428571,0.12188433958421077
23.0,crank_nicolson,0.7857142857142857,0.9285714285714285,0.056153198589113856
23.0,crank_nicolson,0.7857142857142857,1.0,-0.13281860488984307
23.0,crank_nicolson,0.8571428571428571,0.0,-0.13281860488984307
23.0,crank_nicolson,0.8571428571428571,0.07142857142857142,0.03534504469745397
23.0,crank_nicolson,0.8571428571428571,0.14285714285714285,0.08057933921879952
23.0,crank_nicolson,0.8571428571428571,0.21428571428571427,0.1218843395842106
23.0,crank_nicolson,0.8571428571428571,0.2857142857142857,0.16261946570247932
23.0,crank_nicolson,0.8571428571428571,0.3571428571428571,0.20255604573747735
23.0,crank_nicolson,0.8571428571428571,0.42857142857142855,0.23809989702826975
23.0,crank_nicolson,0.8571428571428571,0.5,0.2564206658038754
23.0,crank_nicolson,0.8571428571428571,0.5714285714285714,0.2380998970282719
23.0,crank_nicolson,0.8571428571428571,0.6428571428571428,0.20255604573747882
23.0,crank_nicolson,0.8571428571428571,0.7142857142857142,0.16261946570247962
23.0,crank_nicolson,0.8571428571428571,0.7857142857142857,0.12188433958421069
23.0,crank_nicolson,0.8571428571428571,0.8571428571428571,0.08057933921879958
23.0,crank_nicolson,0.8571428571428571,0.9285714285714285,0.03534504469745402
23.0,crank_nicolson,0.8571428571428571,1.0,-0.13281860488984307
23.0,crank_nicolson,0.9285714285714285,0.0,-0.13281860488984307
23.0,crank_nicolson,0.9285714285714285,0.07142857142857142,0.011264534889920231
23.0,crank_nicolson,0.9285714285714285,0.14285714285714285,0.035345044697453934
23.0,crank_nicolson,0.9285714285714285,0.21428571428571427,0.05615319858911373
23.0,crank_nicolson,0.9285714285714285,0.2857142857142857,0.07653610044112819
23.0,crank_nicolson,0.9285714285714285,0.3571428571428571,0.09650503158288715
23.0,crank_nicolson,0.9285714285714285,0.42857142857142855,0.11427705611958637
23.0,crank_nicolson,0.9285714285714285,0.5,0.12343752785252587
23.0,crank_nicolson,0.9285714285714285,0.5714285714285714,0.11427705611958734
23.0,crank_nicolson,0.9285714285714285,0.6428571428571428,0.09650503158288735
23.0,crank_nicolson,0.9285714285714285,0.7142857142857142,0.07653610044112824
23.0,crank_nicolson,0.9285714285714285,0.7857142857142857,0.056153198589113766
23.0,crank_nicolson,0.9285714285714285,0.8571428571428571,0.035345044697453996
23.0,crank_nicolson,0.9285714285714285,0.9285714285714285,0.011264534889920252
23.0,crank_nicolson,0.9285714285714285,1.0,-0.13281860488984307
23.0,crank_nicolson,1.0,0.0,-0.13281860488984307
23.0,crank_nicolson,1.0,0.07142857142857142,-0.13281860488984307
23.0,crank_nicolson,1.0,0.14285714285714285,-0.13281860488984307
23.0,crank_nicolson,1.0,0.21428571428571427,-0.13281860488984307
23.0,crank_nicolson,1.0,0.2857142857142857,-0.13281860488984307
23.0,crank_nicolson,1.0,0.3571428571428571,-0.13281860488984307
23.0,crank_nicolson,1.0,0.42857142857142855,-0.13281860488984307
23.0,crank_nicolson,1.0,0.5,-0.13281860488984307
23.0,crank_nicolson,1.0,0.5714285714285714,-0.13281860488984307
23.0,crank_nicolson,1.0,0.6428571428571428,-0.13281860488984307
23.0,crank_nicolson,1.0,0.7142857142857142,-0.13281860488984307
23.0,crank_nicolson,1.0,0.7857142857142857,-0.13281860488984307
23.0,crank_nicolson,1.0,0.8571428571428571,-0.13281860488984307
23.0,crank_nicolson,1.0,0.9285714285714285,-0.13281860488984307
23.0,crank_nicolson,1.0,1.0,-0.13281860488984307
24.0,crank_nicolson,0.0,0.0,0.07384665799954104
24.0,crank_nicolson,0.0,0.07142857142857142,0.07384665799954104
24.0,crank_nicolson,0.0,0.14285714285714285,0.07384665799954104
24.0,crank_nicolson,0.0,0.21428571428571427,0.07384665799954104
24.0,crank_nicolson,0.0,0.2857142857142857,0.07384665799954104
24.0,crank_nicolson,0.0,0.3571428571428571,0.07384665799954104
24.0,crank_nicolson,0.0,0.42857142857142855,0.07384665799954104
24.0,crank_nicolson,0.0,0.5,0.07384665799954104
24.0,crank_nicolson,0.0,0.5714285714285714,0.07384665799954104
24.0,crank_nicolson,0.0,0.6428571428571428,0.07384665799954104
24.0,crank_nicolson,0.0,0.7142857142857142,0.07384665799954104
24.0,crank_nicolson,0.0,0.7857142857142857,0.07384665799954104
24.0,crank_nicolson,0.0,0.8571428571428571,0.07384665799954104
24.0,crank_nicolson,0.0,0.9285714285714285,0.07384665799954104
24.0,crank_nicolson,0.0,1.0,0.07384665799954104
24.0,crank_nicolson,0.07142857142857142,0.0,0.07384665799954104
24.0,crank_nicolson,0.07142857142857142,0.07142857142857142,0.01317891847338335
24.0,crank_nicolson,0.07142857142857142,0.14285714285714285,0.03616020076970471
24.0,crank_nicolson,0.07142857142857142,0.21428571428571427,0.05702289862981169
24.0,crank_nicolson,0.07142857142857142,0.2857142857142857,0.07740532961790261
24.0,crank_nicolson,0.07142857142857142,0.3571428571428571,0.09732433877430442
24.0,crank_nicolson,0.07142857142857142,0.42857142857142855,0.11492124377650538
24.0,crank_nicolson,0.07142857142857142,0.5,0.12382407016953419
24.0,crank_nicolson,0.07142857142857142,0.5714285714285714,0.11492124377650516
24.0,crank_nicolson,0.07142857142857142,0.6428571428571428,0.09732433877430423
24.0,crank_nicolson,0.07142857142857142,0.7142857142857142,0.07740532961790261
24.0,crank_nicolson,0.07142857142857142,0.7857142857142857,0.057022898629811684
24.0,crank_nicolson,0.07142857142857142,0.8571428571428571,0.03616020076970472
24.0,crank_nicolson,0.07142857142857142,0.9285714285714285,0.013178918473383358
24.0,crank_nicolson,0.07142857142857142,1.0,0.07384665799954104
24.0,crank_nicolson,0.14285714285714285,0.0,0.07384665799954104
24.0,crank_nicolson,0.14285714285714285,0.07142857142857142,0.036160200769704665
24.0,crank_nicolson,0.14285714285714285,0.14285714285714285,0.08038901934050305
24.0,crank_nicolson,0.14285714285714285,0.21428571428571427,0.121769456588241
24.0,crank_nicolson,0.14285714285714285,0.2857142857142857,0.1624979147826212
24.0,crank_nicolson,0.14285714285714285,0.3571428571428571,0.20233377843573463
24.0,crank_nicolson,0.14285714285714285,0.42857142857142855,0.23752723450979407
24.0,crank_nicolson,0.14285714285714285,0.5,0.2553326616915137
24.0,crank_nicolson,0.14285714285714285,0.5714285714285714,0.23752723450979343
24.0,crank_nicolson,0.14285714285714285,0.6428571428571428,0.20233377843573458
24.0,crank_nicolson,0.14285714285714285,0.7142857142857142,0.16249791478262132
24.0,crank_nicolson,0.14285714285714285,0.7857142857142857,0.12176945658824107
24.0,crank_nicolson,0.14285714285714285,0.8571428571428571,0.0803890193405031
24.0,crank_nicolson,0.14285714285714285,0.9285714285714285,0.036160200769704685
24.0,crank_nicolson,0.14285714285714285,1.0,0.07384665799954104
24.0,crank_nicolson,0.21428571428571427,0.0,0.07384665799954104
24.0,crank_nicolson,0.21428571428571427,0.07142857142857142,0.057022898629811546
24.0,crank_nicolson,0.21428571428571427,0.14285714285714285,0.12176945658824088
24.0,crank_nicolson,0.21428571428571427,0.21428571428571427,0.18355109615599
24.0,crank_nicolson,0.21428571428571427,0.2857142857142857,0.24461237953554885
24.0,crank_nicolson,0.21428571428571427,0.3571428571428571,0.30435947504011096
24.0,crank_nicolson,0.21428571428571427,0.42857142857142855,0.35714410653903034
24.0,crank_nicolson,0.21428571428571427,0.5,0.38384932643571656
24.0,crank_nicolson,0.21428571428571427,0.5714285714285714,0.3571441065390296
24.0,crank_nicolson,0.21428571428571427,0.6428571428571428,0.30435947504011096
24.0,crank_nicolson,0.21428571428571427,0.7142857142857142,0.24461237953554882
24.0,crank_nicolson,0.21428571428571427,0.7857142857142857,0.18355109615599
24.0,crank_nicolson,0.21428571428571427,0.8571428571428571,0.12176945658824094
24.0,crank_nicolson,0.21428571428571427,0.9285714285714285,0.057022898629811636
24.0,crank_nicolson,0.21428571428571427,1.0,0.07384665799954104
24.0,crank_nicolson,0.2857142857142857,0.0,0.07384665799954104
24.0,crank_nicolson,0.2857142857142857,0.07142857142857142,0.07740532961790224
24.0,crank_nicolson,0.2857142857142857,0.14285714285714285,0.16249791478262154
24.0,crank_nicolson,0.2857142857142857,0.21428571428571427,0.24461237953554932
24.0,crank_nicolson,0.2857142857142857,0.2857142857142857,0.3259496347050236
24.0,crank_nicolson,0.2857142857142857,0.3571428571428571,0.40555142270133243
24.0,crank_nicolson,0.2857142857142857,0.42857142857142855,0.47587686560085035
24.0,crank_nicolson,0.2857142857142857,0.5,0.5114563577640203
24.0,crank_nicolson,0.2857142857142857,0.5714285714285714,0.4758768656008505
24.0,crank_nicolson,0.2857142857142857,0.6428571428571428,0.4055514227013322
24.0,crank_nicolson,0.2857142857142857,0.7142857142857142,0.32594963470502347
24.0,crank_nicolson,0.2857142857142857,0.7857142857142857,0.24461237953554926
24.0,crank_nicolson,0.2857142857142857,0.8571428571428571,0.16249791478262157
24.0,crank_nicolson,0.2857142857142857,0.9285714285714285,0.07740532961790232
24.0,crank_nicolson,0.2857142857142857,1.0,0.07384665799954104
24.0,crank_nicolson,0.3571428571428571,0.0,0.07384665799954104
24.0,crank_nicolson,0.3571428571428571,0.07142857142857142,0.09732433877430417
24.0,crank_nicolson,0.3571428571428571,0.14285714285714285,0.20233377843573486
24.0,crank_nicolson,0.3571428571428571,0.21428571428571427,0.30435947504011157
24.0,crank_nicolson,0.3571428571428571,0.2857142857142857,0.40555142270133343
24.0,crank_nicolson,0.3571428571428571,0.3571428571428571,0.5045947753863442
24.0,crank_nicolson,0.3571428571428571,0.42857142857142855,0.5920959291922612
24.0,crank_nicolson,0.3571428571428571,0.5,0.6363649455428011
24.0,crank_nicolson,0.3571428571428571,0.5714285714285714,0.5920959291922622
24.0,crank_nicolson,0.3571428571428571,0.6428571428571428,0.5045947753863435
24.0,crank_nicolson,0.3571428571428571,0.7142857142857142,0.4055514227013336
24.0,crank_nicolson,0.3571428571428571,0.7857142857142857,0.3043594750401117
24.0,crank_nicolson,0.3571428571428571,0.8571428571428571,0.2023337784357351
24.0,crank_nicolson,0.3571428571428571,0.9285714285714285,0.09732433877430423
24.0,crank_nicolson,0.3571428571428571,1.0,0.07384665799954104
24.0,crank_nicolson,0.42857142857142855,0.0,0.07384665799954104
24.0,crank_nicolson,0.42857142857142855,0.07142857142857142,0.11492124377650512
24.0,crank_nicolson,0.42857142857142855,0.14285714285714285,0.23752723450979388
24.0,crank_nicolson,0.42857142857142855,0.21428571428571427,0.3571441065390318
24.0,crank_nicolson,0.42857142857142855,0.2857142857142857,0.4758768656008519
24.0,crank_nicolson,0.42857142857142855,0.3571428571428571,0.5920959291922622
24.0,crank_nicolson,0.42857142857142855,0.42857142857142855,0.6947709464084927
24.0,crank_nicolson,0.42857142857142855,0.5,0.7467165576215636
24.0,crank_nicolson,0.42857142857142855,0.5714285714285714,0.6947709464084932
24.0,crank_nicolson,0.42857142857142855,0.6428571428571428,0.5920959291922626
24.0,crank_nicolson,0.42857142857142855,0.7142857142857142,0.47587686560085274
24.0,crank_nicolson,0.42857142857142855,0.7857142857142857,0.3571441065390321
24.0,crank_nicolson,0.42857142857142855,0.8571428571428571,0.237527234509794
24.0,crank_nicolson,0.42857142857142855,0.9285714285714285,0.11492124377650474
24.0,crank_nicolson,0.42857142857142855,1.0,0.07384665799954104
24.0,crank_nicolson,0.5,0.0,0.07384665799954104
24.0,crank_nicolson,0.5,0.07142857142857142,0.12382407016953416
24.0,crank_nicolson,0.5,0.14285714285714285,0.2553326616915138
24.0,crank_nicolson,0.5,0.21428571428571427,0.3838493264357174
24.0,crank_nicolson,0.5,0.2857142857142857,0.5114563577640184
24.0,crank_nicolson,0.5,0.3571428571428571,0.6363649455428014
24.0,crank_nicolson,0.5,0.42857142857142855,0.7467165576215671
24.0,crank_nicolson,0.5,0.5,0.8025455224719886
24.0,crank_nicolson,0.5,0.5714285714285714,0.7467165576215633
24.0,crank_nicolson,0.5,0.6428571428571428,0.6363649455428002
24.0,crank_nicolson,0.5,0.7142857142857142,0.5114563577640205
24.0,crank_nicolson,0.5,0.7857142857142857,0.38384932643571873
24.0,crank_nicolson,0.5,0.8571428571428571,0.2553326616915141
24.0,crank_nicolson,0.5,0.9285714285714285,0.12382407016953424
24.0,crank_nicolson,0.5,1.0,0.07384665799954104
24.0,crank_nicolson,0.5714285714285714,0.0,0.07384665799954104
24.0,crank_nicolson,0.5714285714285714,0.07142857142857142,0.11492124377650532
24.0,crank_nicolson,0.5714285714285714,0.14285714285714285,0.23752723450979424
24.0,crank_nicolson,0.5714285714285714,0.21428571428571427,0.3571441065390287
24.0,crank_nicolson,0.5714285714285714,0.2857142857142857,0.47587686560084846
24.0,crank_nicolson,0.5714285714285714,0.3571428571428571,0.59209592919226
24.0,crank_nicolson,0.5714285714285714,0.42857142857142855,0.6947709464084936
24.0,crank_nicolson,0.5714285714285714,0.5,0.746716557621565
24.0,crank_nicolson,0.5714285714285714,0.5714285714285714,0.6947709464084942
24.0,crank_nicolson,0.5714285714285714,0.6428571428571428,0.5920959291922632
24.0,crank_nicolson,0.5714285714285714,0.7142857142857142,0.47587686560085063
24.0,crank_nicolson,0.5714285714285714,0.7857142857142857,0.3571441065390318
24.0,crank_nicolson,0.5714285714285714,0.8571428571428571,0.23752723450979563
24.0,crank_nicolson,0.5714285714285714,0.9285714285714285,0.11492124377650563
24.0,crank_nicolson,0.5714285714285714,1.0,0.07384665799954104
24.0,crank_nicolson,0.6428571428571428,0.0,0.07384665799954104
24.0,crank_nicolson,0.6428571428571428,0.07142857142857142,0.09732433877430405
24.0,crank_nicolson,0.6428571428571428,0.14285714285714285,0.2023337784357346
24.0,crank_nicolson,0.6428571428571428,0.21428571428571427,0.3043594750401106
24.0,crank_nicolson,0.6428571428571428,0.2857142857142857,0.4055514227013317
24.0,crank_nicolson,0.6428571428571428,0.3571428571428571,0.5045947753863427
24.0,crank_nicolson,0.6428571428571428,0.42857142857142855,0.5920959291922626
24.0,crank_nicolson,0.6428571428571428,0.5,0.6363649455428015
24.0,crank_nicolson,0.6428571428571428,0.5714285714285714,0.5920959291922626
24.0,crank_nicolson,0.6428571428571428,0.6428571428571428,0.5045947753863458
24.0,crank_nicolson,0.6428571428571428,0.7142857142857142,0.4055514227013328
24.0,crank_nicolson,0.6428571428571428,0.7857142857142857,0.3043594750401113
24.0,crank_nicolson,0.6428571428571428,0.8571428571428571,0.20233377843573558
24.0,crank_nicolson,0.6428571428571428,0.9285714285714285,0.09732433877430423
24.0,crank_nicolson,0.6428571428571428,1.0,0.07384665799954104
24.0,crank_nicolson,0.7142857142857142,0.0,0.07384665799954104
24.0,crank_nicolson,0.7142857142857142,0.07142857142857142,0.07740532961790257
24.0,crank_nicolson,0.7142857142857142,0.14285714285714285,0.16249791478262127
24.0,crank_nicolson,0.7142857142857142,0.21428571428571427,0.2446123795355487
24.0,crank_nicolson,0.7142857142857142,0.2857142857142857,0.3259496347050233
24.0,crank_nicolson,0.7142857142857142,0.3571428571428571,0.40555142270133165
24.0,crank_nicolson,0.7142857142857142,0.42857142857142855,0.47587686560085124
24.0,crank_nicolson,0.7142857142857142,0.5,0.5114563577640232
24.0,crank_nicolson,0.7142857142857142,0.5714285714285714,0.4758768656008525
24.0,crank_nicolson,0.7142857142857142,0.6428571428571428,0.40555142270133343
24.0,crank_nicolson,0.7142857142857142,0.7142857142857142,0.3259496347050237
24.0,crank_nicolson,0.7142857142857142,0.7857142857142857,0.24461237953554896
24.0,crank_nicolson,0.7142857142857142,0.8571428571428571,0.1624979147826215
24.0,crank_nicolson,0.7142857142857142,0.9285714285714285,0.07740532961790264
24.0,crank_nicolson,0.7142857142857142,1.0,0.07384665799954104
24.0,crank_nicolson,0.7857142857142857,0.0,0.07384665799954104
24.0,crank_nicolson,0.7857142857142857,0.07142857142857142,0.057022898629811684
24.0,crank_nicolson,0.7857142857142857,0.14285714285714285,0.12176945658824107
24.0,crank_nicolson,0.7857142857142857,0.21428571428571427,0.18355109615598997
24.0,crank_nicolson,0.7857142857142857,0.2857142857142857,0.24461237953554918
24.0,crank_nicolson,0.7857142857142857,0.3571428571428571,0.304359475040111
24.0,crank_nicolson,0.7857142857142857,0.42857142857142855,0.35714410653903034
24.0,crank_nicolson,0.7857142857142857,0.5,0.3838493264357184
24.0,crank_nicolson,0.7857142857142857,0.5714285714285714,0.3571441065390313
24.0,crank_nicolson,0.7857142857142857,0.6428571428571428,0.3043594750401119
24.0,crank_nicolson,0.7857142857142857,0.7142857142857142,0.2446123795355494
24.0,crank_nicolson,0.7857142857142857,0.7857142857142857,0.18355109615599008
24.0,crank_nicolson,0.7857142857142857,0.8571428571428571,0.1217694565882411
24.0,crank_nicolson,0.7857142857142857,0.9285714285714285,0.057022898629811754
24.0,crank_nicolson,0.7857142857142857,1.0,0.07384665799954104
24.0,crank_nicolson,0.8571428571428571,0.0,0.07384665799954104
24.0,crank_nicolson,0.8571428571428571,0.07142857142857142,0.03616020076970471
24.0,crank_nicolson,0.8571428571428571,0.14285714285714285,0.0803890193405031
24.0,crank_nicolson,0.8571428571428571,0.21428571428571427,0.12176945658824093
24.0,crank_nicolson,0.8571428571428571,0.2857142857142857,0.16249791478262154
24.0,crank_nicolson,0.8571428571428571,0.3571428571428571,0.2023337784357348
24.0,crank_nicolson,0.8571428571428571,0.42857142857142855,0.23752723450979385
24.0,crank_nicolson,0.8571428571428571,0.5,0.2553326616915141
24.0,crank_nicolson,0.8571428571428571,0.5714285714285714,0.237527234509796
24.0,crank_nicolson,0.8571428571428571,0.6428571428571428,0.2023337784357362
24.0,crank_nicolson,0.8571428571428571,0.7142857142857142,0.16249791478262185
24.0,crank_nicolson,0.8571428571428571,0.7857142857142857,0.12176945658824101
24.0,crank_nicolson,0.8571428571428571,0.8571428571428571,0.08038901934050317
24.0,crank_nicolson,0.8571428571428571,0.9285714285714285,0.03616020076970476
24.0,crank_nicolson,0.8571428571428571,1.0,0.07384665799954104
24.0,crank_nicolson,0.9285714285714285,0.0,0.07384665799954104
24.0,crank_nicolson,0.9285714285714285,0.07142857142857142,0.013178918473383355
24.0,crank_nicolson,0.9285714285714285,0.14285714285714285,0.036160200769704685
24.0,crank_nicolson,0.9285714285714285,0.21428571428571427,0.057022898629811615
24.0,crank_nicolson,0.9285714285714285,0.2857142857142857,0.07740532961790227
24.0,crank_nicolson,0.9285714285714285,0.3571428571428571,0.09732433877430413
24.0,crank_nicolson,0.9285714285714285,0.42857142857142855,0.11492124377650464
24.0,crank_nicolson,0.9285714285714285,0.5,0.1238240701695342
24.0,crank_nicolson,0.9285714285714285,0.5714285714285714,0.11492124377650566
24.0,crank_nicolson,0.9285714285714285,0.6428571428571428,0.09732433877430434
24.0,crank_nicolson,0.9285714285714285,0.7142857142857142,0.07740532961790236
24.0,crank_nicolson,0.9285714285714285,0.7857142857142857,0.05702289862981166
24.0,crank_nicolson,0.9285714285714285,0.8571428571428571,0.03616020076970475
24.0,crank_nicolson,0.9285714285714285,0.9285714285714285,0.013178918473383379
24.0,crank_nicolson,0.9285714285714285,1.0,0.07384665799954104
24.0,crank_nicolson,1.0,0.0,0.07384665799954104
24.0,crank_nicolson,1.0,0.07142857142857142,0.07384665799954104
24.0,crank_nicolson,1.0,0.14285714285714285,0.07384665799954104
24.0,crank_nicolson,1.0,0.21428571428571427,0.07384665799954104
24.0,crank_nicolson,1.0,0.2857142857142857,0.07384665799954104
24.0,crank_nicolson,1.0,0.3571428571428571,0.07384665799954104
24.0,crank_nicolson,1.0,0.42857142857142855,0.07384665799954104
24.0,crank_nicolson,1.0,0.5,0.07384665799954104
24.0,crank_nicolson,1.0,0.5714285714285714,0.07384665799954104
24.0,crank_nicolson,1.0,0.6428571428571428,0.07384665799954104
24.0,crank_nicolson,1.0,0.7142857142857142,0.07384665799954104
24.0,crank_nicolson,1.0,0.7857142857142857,0.07384665799954104
24.0,crank_nicolson,1.0,0.8571428571428571,0.07384665799954104
24.0,crank_nicolson,1.0,0.9285714285714285,0.07384665799954104
24.0,crank_nicolson,1.0,1.0,0.07384665799954104
25.0,crank_nicolson,0.0,0.0,-0.011564828238824054
25.0,crank_nicolson,0.0,0.07142857142857142,-0.011564828238824054
25.0,crank_nicolson,0.0,0.14285714285714285,-0.011564828238824054
25.0,crank_nicolson,0.0,0.21428571428571427,-0.011564828238824054
25.0,crank_nicolson,0.0,0.2857142857142857,-0.011564828238824054
25.0,crank_nicolson,0.0,0.3571428571428571,-0.011564828238824054
25.0,crank_nicolson,0.0,0.42857142857142855,-0.011564828238824054
25.0,crank_nicolson,0.0,0.5,-0.011564828238824054
25.0,crank_nicolson,0.0,0.5714285714285714,-0.011564828238824054
25.0,crank_nicolson,0.0,0.6428571428571428,-0.011564828238824054
25.0,crank_nicolson,0.0,0.7142857142857142,-0.011564828238824054
25.0,crank_nicolson,0.0,0.7857142857142857,-0.011564828238824054
25.0,crank_nicolson,0.0,0.8571428571428571,-0.011564828238824054
25.0,crank_nicolson,0.0,0.9285714285714285,-0.011564828238824054
25.0,crank_nicolson,0.0,1.0,-0.011564828238824054
25.0,crank_nicolson,0.07142857142857142,0.0,-0.011564828238824054
25.0,crank_nicolson,0.07142857142857142,0.07142857142857142,0.013757441899570212
25.0,crank_nicolson,0.07142857142857142,0.14285714285714285,0.03635822928170314
25.0,crank_nicolson,0.07142857142857142,0.21428571428571427,0.05724878349551629
25.0,crank_nicolson,0.07142857142857142,0.2857142857142857,0.07763031578999005
25.0,crank_nicolson,0.07142857142857142,0.3571428571428571,0.09749737226182092
25.0,crank_nicolson,0.07142857142857142,0.42857142857142855,0.11492047611706917
25.0,crank_nicolson,0.07142857142857142,0.5,0.12358139252734328
25.0,crank_nicolson,0.07142857142857142,0.5714285714285714,0.11492047611706897
25.0,crank_nicolson,0.07142857142857142,0.6428571428571428,0.09749737226182074
25.0,crank_nicolson,0.07142857142857142,0.7142857142857142,0.07763031578999006
25.0,crank_nicolson,0.07142857142857142,0.7857142857142857,0.057248783495516285
25.0,crank_nicolson,0.07142857142857142,0.8571428571428571,0.036358229281703146
25.0,crank_nicolson,0.07142857142857142,0.9285714285714285,0.01375744189957022
25.0,crank_nicolson,0.07142857142857142,1.0,-0.011564828238824054
25.0,crank_nicolson,0.14285714285714285,0.0,-0.011564828238824054
25.0,crank_nicolson,0.14285714285714285,0.07142857142857142,0.03635822928170309
25.0,crank_nicolson,0.14285714285714285,0.14285714285714285,0.08024649662069111
25.0,crank_nicolson,0.14285714285714285,0.21428571428571427,0.12167609661630886
25.0,crank_nicolson,0.14285714285714285,0.2857142857142857,0.16239700837176588
25.0,crank_nicolson,0.14285714285714285,0.3571428571428571,0.20212799120433514
25.0,crank_nicolson,0.14285714285714285,0.42857142857142855,0.23697365279911772
25.0,crank_nicolson,0.14285714285714285,0.5,0.25429519916416254
25.0,crank_nicolson,0.14285714285714285,0.5714285714285714,0.2369736527991171
25.0,crank_nicolson,0.14285714285714285,0.6428571428571428,0.2021279912043351
25.0,crank_nicolson,0.14285714285714285,0.7142857142857142,0.16239700837176602
25.0,crank_nicolson,0.14285714285714285,0.7857142857142857,0.12167609661630895
25.0,crank_nicolson,0.14285714285714285,0.8571428571428571,0.08024649662069115
25.0,crank_nicolson,0.14285714285714285,0.9285714285714285,0.03635822928170312
25.0,crank_nicolson,0.14285714285714285,1.0,-0.011564828238824054
25.0,crank_nicolson,0.21428571428571427,0.0,-0.011564828238824054
25.0,crank_nicolson,0.21428571428571427,0.07142857142857142,0.05724878349551613
25.0,crank_nicolson,0.21428571428571427,0.14285714285714285,0.12167609661630877
25.0,crank_nicolson,0.21428571428571427,0.21428571428571427,0.18350966528191825
25.0,crank_nicolson,0.21428571428571427,0.2857142857142857,0.2445520694267762
25.0,crank_nicolson,0.21428571428571427,0.3571428571428571,0.30413973555537277
25.0,crank_nicolson,0.21428571428571427,0.42857142857142855,0.35640147994154675
25.0,crank_nicolson,0.21428571428571427,0.5,0.38238035592605024
25.0,crank_nicolson,0.21428571428571427,0.5714285714285714,0.35640147994154614
25.0,crank_nicolson,0.21428571428571427,0.6428571428571428,0.30413973555537277
25.0,crank_nicolson,0.21428571428571427,0.7142857142857142,0.24455206942677624
25.0,crank_nicolson,0.21428571428571427,0.7857142857142857,0.18350966528191825
25.0,crank_nicolson,0.21428571428571427,0.8571428571428571,0.12167609661630883
25.0,crank_nicolson,0.21428571428571427,0.9285714285714285,0.057248783495516216
25.0,crank_nicolson,0.21428571428571427,1.0,-0.011564828238824054
25.0,crank_nicolson,0.2857142857142857,0.0,-0.011564828238824054
25.0,crank_nicolson,0.2857142857142857,0.07142857142857142,0.07763031578998969
25.0,crank_nicolson,0.2857142857142857,0.14285714285714285,0.1623970083717662
25.0,crank_nicolson,0.2857142857142857,0.21428571428571427,0.24455206942677668
25.0,crank_nicolson,0.2857142857142857,0.2857142857142857,0.3258495896580611
25.0,crank_nicolson,0.2857142857142857,0.3571428571428571,0.4052288541362455
25.0,crank_nicolson,0.2857142857142857,0.42857142857142855,0.4748492064566597
25.0,crank_nicolson,0.2857142857142857,0.5,0.5094567985329506
25.0,crank_nicolson,0.2857142857142857,0.5714285714285714,0.4748492064566599
25.0,crank_nicolson,0.2857142857142857,0.6428571428571428,0.4052288541362453
25.0,crank_nicolson,0.2857142857142857,0.7142857142857142,0.32584958965806093
25.0,crank_nicolson,0.2857142857142857,0.7857142857142857,0.24455206942677665
25.0,crank_nicolson,0.2857142857142857,0.8571428571428571,0.1623970083717662
25.0,crank_nicolson,0.2857142857142857,0.9285714285714285,0.07763031578998977
25.0,crank_nicolson,0.2857142857142857,1.0,-0.011564828238824054
25.0,crank_nicolson,0.3571428571428571,0.0,-0.011564828238824054
25.0,crank_nicolson,0.3571428571428571,0.07142857142857142,0.0974973722618207
25.0,crank_nicolson,0.3571428571428571,0.14285714285714285,0.2021279912043354
25.0,crank_nicolson,0.3571428571428571,0.21428571428571427,0.3041397355553733
25.0,crank_nicolson,0.3571428571428571,0.2857142857142857,0.40522885413624665
25.0,crank_nicolson,0.3571428571428571,0.3571428571428571,0.5039462360474867
25.0,crank_nicolson,0.3571428571428571,0.42857142857142855,0.5905273301338867
25.0,crank_nicolson,0.3571428571428571,0.5,0.6335658259682836
25.0,crank_nicolson,0.3571428571428571,0.5714285714285714,0.5905273301338876
25.0,crank_nicolson,0.3571428571428571,0.6428571428571428,0.503946236047486
25.0,crank_nicolson,0.3571428571428571,0.7142857142857142,0.4052288541362468
25.0,crank_nicolson,0.3571428571428571,0.7857142857142857,0.3041397355553734
25.0,crank_nicolson,0.3571428571428571,0.8571428571428571,0.20212799120433558
25.0,crank_nicolson,0.3571428571428571,0.9285714285714285,0.09749737226182073
25.0,crank_nicolson,0.3571428571428571,1.0,-0.011564828238824054
25.0,crank_nicolson,0.42857142857142855,0.0,-0.011564828238824054
25.0,crank_nicolson,0.42857142857142855,0.07142857142857142,0.11492047611706888
25.0,crank_nicolson,0.42857142857142855,0.14285714285714285,0.2369736527991176
25.0,crank_nicolson,0.42857142857142855,0.21428571428571427,0.35640147994154825
25.0,crank_nicolson,0.42857142857142855,0.2857142857142857,0.4748492064566613
25.0,crank_nicolson,0.42857142857142855,0.3571428571428571,0.5905273301338876
25.0,crank_nicolson,0.42857142857142855,0.42857142857142855,0.6919839792463696
25.0,crank_nicolson,0.42857142857142855,0.5,0.7424167184733511
25.0,crank_nicolson,0.42857142857142855,0.5714285714285714,0.6919839792463702
25.0,crank_nicolson,0.42857142857142855,0.6428571428571428,0.5905273301338885
25.0,crank_nicolson,0.42857142857142855,0.7142857142857142,0.4748492064566621
25.0,crank_nicolson,0.42857142857142855,0.7857142857142857,0.3564014799415486
25.0,crank_nicolson,0.42857142857142855,0.8571428571428571,0.23697365279911767
25.0,crank_nicolson,0.42857142857142855,0.9285714285714285,0.11492047611706853
25.0,crank_nicolson,0.42857142857142855,1.0,-0.011564828238824054
25.0,crank_nicolson,0.5,0.0,-0.011564828238824054
25.0,crank_nicolson,0.5,0.07142857142857142,0.12358139252734326
25.0,crank_nicolson,0.5,0.14285714285714285,0.2542951991641627
25.0,crank_nicolson,0.5,0.21428571428571427,0.38238035592605096
25.0,crank_nicolson,0.5,0.2857142857142857,0.509456798532949
25.0,crank_nicolson,0.5,0.3571428571428571,0.6335658259682838
25.0,crank_nicolson,0.5,0.42857142857142855,0.7424167184733547
25.0,crank_nicolson,0.5,0.5,0.7965246711218461
25.0,crank_nicolson,0.5,0.5714285714285714,0.7424167184733509
25.0,crank_nicolson,0.5,0.6428571428571428,0.6335658259682828
25.0,crank_nicolson,0.5,0.7142857142857142,0.5094567985329503
25.0,crank_nicolson,0.5,0.7857142857142857,0.3823803559260522
25.0,crank_nicolson,0.5,0.8571428571428571,0.25429519916416293
25.0,crank_nicolson,0.5,0.9285714285714285,0.12358139252734338
25.0,crank_nicolson,0.5,1.0,-0.011564828238824054
25.0,crank_nicolson,0.5714285714285714,0.0,-0.011564828238824054
25.0,crank_nicolson,0.5714285714285714,0.07142857142857142,0.11492047611706913
25.0,crank_nicolson,0.5714285714285714,0.14285714285714285,0.2369736527991178
25.0,crank_nicolson,0.5714285714285714,0.21428571428571427,0.3564014799415452
25.0,crank_nicolson,0.5714285714285714,0.2857142857142857,0.47484920645665796
25.0,crank_nicolson,0.5714285714285714,0.3571428571428571,0.5905273301338854
25.0,crank_nicolson,0.5714285714285714,0.42857142857142855,0.6919839792463707
25.0,crank_nicolson,0.5714285714285714,0.5,0.7424167184733526
25.0,crank_nicolson,0.5714285714285714,0.5714285714285714,0.6919839792463712
25.0,crank_nicolson,0.5714285714285714,0.6428571428571428,0.5905273301338885
25.0,crank_nicolson,0.5714285714285714,0.7142857142857142,0.47484920645665996
25.0,crank_nicolson,0.5714285714285714,0.7857142857142857,0.35640147994154836
25.0,crank_nicolson,0.5714285714285714,0.8571428571428571,0.23697365279911928
25.0,crank_nicolson,0.5714285714285714,0.9285714285714285,0.11492047611706944
25.0,crank_nicolson,0.5714285714285714,1.0,-0.011564828238824054
25.0,crank_nicolson,0.6428571428571428,0.0,-0.011564828238824054
25.0,crank_nicolson,0.6428571428571428,0.07142857142857142,0.09749737226182056
25.0,crank_nicolson,0.6428571428571428,0.14285714285714285,0.2021279912043351
25.0,crank_nicolson,0.6428571428571428,0.21428571428571427,0.3041397355553723
25.0,crank_nicolson,0.6428571428571428,0.2857142857142857,0.4052288541362448
25.0,crank_nicolson,0.6428571428571428,0.3571428571428571,0.5039462360474849
25.0,crank_nicolson,0.6428571428571428,0.42857142857142855,0.5905273301338881
25.0,crank_nicolson,0.6428571428571428,0.5,0.6335658259682841
25.0,crank_nicolson,0.6428571428571428,0.5714285714285714,0.5905273301338884
25.0,crank_nicolson,0.6428571428571428,0.6428571428571428,0.5039462360474882
25.0,crank_nicolson,0.6428571428571428,0.7142857142857142,0.4052288541362461
25.0,crank_nicolson,0.6428571428571428,0.7857142857142857,0.30413973555537305
25.0,crank_nicolson,0.6428571428571428,0.8571428571428571,0.20212799120433617
25.0,crank_nicolson,0.6428571428571428,0.9285714285714285,0.09749737226182077
25.0,crank_nicolson,0.6428571428571428,1.0,-0.011564828238824054
25.0,crank_nicolson,0.7142857142857142,0.0,-0.011564828238824054
25.0,crank_nicolson,0.7142857142857142,0.07142857142857142,0.07763031578999004
25.0,crank_nicolson,0.7142857142857142,0.14285714285714285,0.16239700837176593
25.0,crank_nicolson,0.7142857142857142,0.21428571428571427,0.2445520694267761
25.0,crank_nicolson,0.7142857142857142,0.2857142857142857,0.32584958965806077
25.0,crank_nicolson,0.7142857142857142,0.3571428571428571,0.4052288541362449
25.0,crank_nicolson,0.7142857142857142,0.42857142857142855,0.4748492064566605
25.0,crank_nicolson,0.7142857142857142,0.5,0.5094567985329532
25.0,crank_nicolson,0.7142857142857142,0.5714285714285714,0.4748492064566619
25.0,crank_nicolson,0.7142857142857142,0.6428571428571428,0.40522885413624676
25.0,crank_nicolson,0.7142857142857142,0.7142857142857142,0.3258495896580611
25.0,crank_nicolson,0.7142857142857142,0.7857142857142857,0.24455206942677632
25.0,crank_nicolson,0.7142857142857142,0.8571428571428571,0.16239700837176618
25.0,crank_nicolson,0.7142857142857142,0.9285714285714285,0.07763031578999012
25.0,crank_nicolson,0.7142857142857142,1.0,-0.011564828238824054
25.0,crank_nicolson,0.7857142857142857,0.0,-0.011564828238824054
25.0,crank_nicolson,0.7857142857142857,0.07142857142857142,0.057248783495516285
25.0,crank_nicolson,0.7857142857142857,0.14285714285714285,0.12167609661630893
25.0,crank_nicolson,0.7857142857142857,0.21428571428571427,0.18350966528191823
25.0,crank_nicolson,0.7857142857142857,0.2857142857142857,0.24455206942677654
25.0,crank_nicolson,0.7857142857142857,0.3571428571428571,0.3041397355553727
25.0,crank_nicolson,0.7857142857142857,0.42857142857142855,0.3564014799415468
25.0,crank_nicolson,0.7857142857142857,0.5,0.3823803559260517
25.0,crank_nicolson,0.7857142857142857,0.5714285714285714,0.35640147994154786
25.0,crank_nicolson,0.7857142857142857,0.6428571428571428,0.30413973555537366
25.0,crank_nicolson,0.7857142857142857,0.7142857142857142,0.2445520694267768
25.0,crank_nicolson,0.7857142857142857,0.7857142857142857,0.1835096652819183
25.0,crank_nicolson,0.7857142857142857,0.8571428571428571,0.121676096616309
25.0,crank_nicolson,0.7857142857142857,0.9285714285714285,0.057248783495516355
25.0,crank_nicolson,0.7857142857142857,1.0,-0.011564828238824054
25.0,crank_nicolson,0.8571428571428571,0.0,-0.011564828238824054
25.0,crank_nicolson,0.8571428571428571,0.07142857142857142,0.03635822928170314
25.0,crank_nicolson,0.8571428571428571,0.14285714285714285,0.08024649662069115
25.0,crank_nicolson,0.8571428571428571,0.21428571428571427,0.12167609661630881
25.0,crank_nicolson,0.8571428571428571,0.2857142857142857,0.1623970083717662
25.0,crank_nicolson,0.8571428571428571,0.3571428571428571,0.2021279912043353
25.0,crank_nicolson,0.8571428571428571,0.42857142857142855,0.23697365279911758
25.0,crank_nicolson,0.8571428571428571,0.5,0.25429519916416293
25.0,crank_nicolson,0.8571428571428571,0.5714285714285714,0.23697365279911958
25.0,crank_nicolson,0.8571428571428571,0.6428571428571428,0.20212799120433672
25.0,crank_nicolson,0.8571428571428571,0.7142857142857142,0.16239700837176652
25.0,crank_nicolson,0.8571428571428571,0.7857142857142857,0.12167609661630889
25.0,crank_nicolson,0.8571428571428571,0.8571428571428571,0.08024649662069122
25.0,crank_nicolson,0.8571428571428571,0.9285714285714285,0.03635822928170319
25.0,crank_nicolson,0.8571428571428571,1.0,-0.011564828238824054
25.0,crank_nicolson,0.9285714285714285,0.0,-0.011564828238824054
25.0,crank_nicolson,0.9285714285714285,0.07142857142857142,0.013757441899570217
25.0,crank_nicolson,0.9285714285714285,0.14285714285714285,0.03635822928170312
25.0,crank_nicolson,0.9285714285714285,0.21428571428571427,0.057248783495516195
25.0,crank_nicolson,0.9285714285714285,0.2857142857142857,0.07763031578998972
25.0,crank_nicolson,0.9285714285714285,0.3571428571428571,0.09749737226182063
25.0,crank_nicolson,0.9285714285714285,0.42857142857142855,0.11492047611706842
25.0,crank_nicolson,0.9285714285714285,0.5,0.12358139252734333
25.0,crank_nicolson,0.9285714285714285,0.5714285714285714,0.11492047611706949
25.0,crank_nicolson,0.9285714285714285,0.6428571428571428,0.09749737226182086
25.0,crank_nicolson,0.9285714285714285,0.7142857142857142,0.07763031578998986
25.0,crank_nicolson,0.9285714285714285,0.7857142857142857,0.05724878349551624
25.0,crank_nicolson,0.9285714285714285,0.8571428571428571,0.036358229281703174
25.0,crank_nicolson,0.9285714285714285,0.9285714285714285,0.013757441899570245
25.0,crank_nicolson,0.9285714285714285,1.0,-0.011564828238824054
25.0,crank_nicolson,1.0,0.0,-0.011564828238824054
25.0,crank_nicolson,1.0,0.07142857142857142,-0.011564828238824054
25.0,crank_nicolson,1.0,0.14285714285714285,-0.011564828238824054
25.0,crank_nicolson,1.0,0.21428571428571427,-0.011564828238824054
25.0,crank_nicolson,1.0,0.2857142857142857,-0.011564828238824054
25.0,crank_nicolson,1.0,0.3571428571428571,-0.011564828238824054
25.0,crank_nicolson,1.0,0.42857142857142855,-0.011564828238824054
25.0,crank_nicolson,1.0,0.5,-0.011564828238824054
25.0,crank_nicolson,1.0,0.5714285714285714,-0.011564828238824054
25.0,crank_nicolson,1.0,0.6428571428571428,-0.011564828238824054
25.0,crank_nicolson,1.0,0.7142857142857142,-0.011564828238824054
25.0,crank_nicolson,1.0,0.7857142857142857,-0.011564828238824054
25.0,crank_nicolson,1.0,0.8571428571428571,-0.011564828238824054
25.0,crank_nicolson,1.0,0.9285714285714285,-0.011564828238824054
25.0,crank_nicolson,1.0,1.0,-0.011564828238824054
26.0,crank_nicolson,0.0,0.0,-0.03011036955892888
26.0,crank_nicolson,0.0,0.07142857142857142,-0.03011036955892888
26.0,crank_nicolson,0.0,0.14285714285714285,-0.03011036955892888
26.0,crank_nicolson,0.0,0.21428571428571427,-0.03011036955892888
26.0,crank_nicolson,0.0,0.2857142857142857,-0.03011036955892888
26.0,crank_nicolson,0.0,0.3571428571428571,-0.03011036955892888
26.0,crank_nicolson,0.0,0.42857142857142855,-0.03011036955892888
26.0,crank_nicolson,0.0,0.5,-0.03011036955892888
26.0,crank_nicolson,0.0,0.5714285714285714,-0.03011036955892888
26.0,crank_nicolson,0.0,0.6428571428571428,-0.03011036955892888
26.0,crank_nicolson,0.0,0.7142857142857142,-0.03011036955892888
26.0,crank_nicolson,0.0,0.7857142857142857,-0.03011036955892888
26.0,crank_nicolson,0.0,0.8571428571428571,-0.03011036955892888
26.0,crank_nicolson,0.0,0.9285714285714285,-0.03011036955892888
26.0,crank_nicolson,0.0,1.0,-0.03011036955892888
26.0,crank_nicolson,0.07142857142857142,0.0,-0.03011036955892888
26.0,crank_nicolson,0.07142857142857142,0.07142857142857142,0.013590183480868339
26.0,crank_nicolson,0.07142857142857142,0.14285714285714285,0.03623281301378146
26.0,crank_nicolson,0.07142857142857142,0.21428571428571427,0.0571351134795718
26.0,crank_nicolson,0.07142857142857142,0.2857142857142857,0.07751588314218434
26.0,crank_nicolson,0.07142857142857142,0.3571428571428571,0.09735624155533283
26.0,crank_nicolson,0.07142857142857142,0.42857142857142855,0.11469302825020504
26.0,crank_nicolson,0.07142857142857142,0.5,0.12323851037033187
26.0,crank_nicolson,0.07142857142857142,0.5714285714285714,0.11469302825020482
26.0,crank_nicolson,0.07142857142857142,0.6428571428571428,0.09735624155533265
26.0,crank_nicolson,0.07142857142857142,0.7142857142857142,0.07751588314218434
26.0,crank_nicolson,0.07142857142857142,0.7857142857142857,0.05713511347957179
26.0,crank_nicolson,0.07142857142857142,0.8571428571428571,0.036232813013781465
26.0,crank_nicolson,0.07142857142857142,0.9285714285714285,0.013590183480868349
26.0,crank_nicolson,0.07142857142857142,1.0,-0.03011036955892888
26.0,crank_nicolson,0.14285714285714285,0.0,-0.03011036955892888
26.0,crank_nicolson,0.14285714285714285,0.07142857142857142,0.036232813013781416
26.0,crank_nicolson,0.14285714285714285,0.14285714285714285,0.08017867601199326
26.0,crank_nicolson,0.14285714285714285,0.21428571428571427,0.12163039068649971
26.0,crank_nicolson,0.14285714285714285,0.2857142857142857,0.1623470299600692
26.0,crank_nicolson,0.14285714285714285,0.3571428571428571,0.20202409285269132
26.0,crank_nicolson,0.14285714285714285,0.42857142857142855,0.23669700967235244
26.0,crank_nicolson,0.14285714285714285,0.5,0.25378765300981343
26.0,crank_nicolson,0.14285714285714285,0.5714285714285714,0.23669700967235185
26.0,crank_nicolson,0.14285714285714285,0.6428571428571428,0.2020240928526913
26.0,crank_nicolson,0.14285714285714285,0.7142857142857142,0.1623470299600693
26.0,crank_nicolson,0.14285714285714285,0.7857142857142857,0.12163039068649978
26.0,crank_nicolson,0.14285714285714285,0.8571428571428571,0.08017867601199329
26.0,crank_nicolson,0.14285714285714285,0.9285714285714285,0.036232813013781444
26.0,crank_nicolson,0.14285714285714285,1.0,-0.03011036955892888
26.0,crank_nicolson,0.21428571428571427,0.0,-0.03011036955892888
26.0,crank_nicolson,0.21428571428571427,0.07142857142857142,0.05713511347957165
26.0,crank_nicolson,0.21428571428571427,0.14285714285714285,0.12163039068649963
26.0,crank_nicolson,0.21428571428571427,0.21428571428571427,0.1834875341875095
26.0,crank_nicolson,0.21428571428571427,0.2857142857142857,0.24451964864773282
26.0,crank_nicolson,0.21428571428571427,0.3571428571428571,0.3040252708560142
26.0,crank_nicolson,0.21428571428571427,0.42857142857142855,0.35602724084518145
26.0,crank_nicolson,0.21428571428571427,0.5,0.38165948038387354
26.0,crank_nicolson,0.21428571428571427,0.5714285714285714,0.3560272408451809
26.0,crank_nicolson,0.21428571428571427,0.6428571428571428,0.3040252708560143
26.0,crank_nicolson,0.21428571428571427,0.7142857142857142,0.24451964864773285
26.0,crank_nicolson,0.21428571428571427,0.7857142857142857,0.1834875341875095
26.0,crank_nicolson,0.21428571428571427,0.8571428571428571,0.12163039068649967
26.0,crank_nicolson,0.21428571428571427,0.9285714285714285,0.057135113479571724
26.0,crank_nicolson,0.21428571428571427,1.0,-0.03011036955892888
26.0,crank_nicolson,0.2857142857142857,0.0,-0.03011036955892888
26.0,crank_nicolson,0.2857142857142857,0.07142857142857142,0.07751588314218397
26.0,crank_nicolson,0.2857142857142857,0.14285714285714285,0.16234702996006956
26.0,crank_nicolson,0.2857142857142857,0.21428571428571427,0.24451964864773332
26.0,crank_nicolson,0.2857142857142857,0.2857142857142857,0.32579577740658994
26.0,crank_nicolson,0.2857142857142857,0.3571428571428571,0.405060351094312
26.0,crank_nicolson,0.2857142857142857,0.42857142857142855,0.4743301707897823
26.0,crank_nicolson,0.2857142857142857,0.5,0.5084737942487791
26.0,crank_nicolson,0.2857142857142857,0.5714285714285714,0.4743301707897824
26.0,crank_nicolson,0.2857142857142857,0.6428571428571428,0.4050603510943118
26.0,crank_nicolson,0.2857142857142857,0.7142857142857142,0.3257957774065899
26.0,crank_nicolson,0.2857142857142857,0.7857142857142857,0.24451964864773332
26.0,crank_nicolson,0.2857142857142857,0.8571428571428571,0.16234702996006958
26.0,crank_nicolson,0.2857142857142857,0.9285714285714285,0.07751588314218404
26.0,crank_nicolson,0.2857142857142857,1.0,-0.03011036955892888
26.0,crank_nicolson,0.3571428571428571,0.0,-0.03011036955892888
26.0,crank_nicolson,0.3571428571428571,0.07142857142857142,0.09735624155533264
26.0,crank_nicolson,0.3571428571428571,0.14285714285714285,0.20202409285269157
26.0,crank_nicolson,0.3571428571428571,0.21428571428571427,0.30402527085601494
26.0,crank_nicolson,0.3571428571428571,0.2857142857142857,0.4050603510943133
26.0,crank_nicolson,0.3571428571428571,0.3571428571428571,0.5036098929630995
26.0,crank_nicolson,0.3571428571428571,0.42857142857142855,0.5897331991133806
26.0,crank_nicolson,0.3571428571428571,0.5,0.6321839253719463
26.0,crank_nicolson,0.3571428571428571,0.5714285714285714,0.5897331991133815
26.0,crank_nicolson,0.3571428571428571,0.6428571428571428,0.503609892963099
26.0,crank_nicolson,0.3571428571428571,0.7142857142857142,0.4050603510943135
26.0,crank_nicolson,0.3571428571428571,0.7857142857142857,0.30402527085601494
26.0,crank_nicolson,0.3571428571428571,0.8571428571428571,0.20202409285269174
26.0,crank_nicolson,0.3571428571428571,0.9285714285714285,0.09735624155533266
26.0,crank_nicolson,0.3571428571428571,1.0,-0.03011036955892888
26.0,crank_nicolson,0.42857142857142855,0.0,-0.03011036955892888
26.0,crank_nicolson,0.42857142857142855,0.07142857142857142,0.11469302825020475
26.0,crank_nicolson,0.42857142857142855,0.14285714285714285,0.23669700967235235
26.0,crank_nicolson,0.42857142857142855,0.21428571428571427,0.3560272408451829
26.0,crank_nicolson,0.42857142857142855,0.2857142857142857,0.4743301707897839
26.0,crank_nicolson,0.42857142857142855,0.3571428571428571,0.5897331991133815
26.0,crank_nicolson,0.42857142857142855,0.42857142857142855,0.6905849928176727
26.0,crank_nicolson,0.42857142857142855,0.5,0.7402952626976954
26.0,crank_nicolson,0.42857142857142855,0.5714285714285714,0.6905849928176732
26.0,crank_nicolson,0.42857142857142855,0.6428571428571428,0.5897331991133823
26.0,crank_nicolson,0.42857142857142855,0.7142857142857142,0.4743301707897846
26.0,crank_nicolson,0.42857142857142855,0.7857142857142857,0.3560272408451832
26.0,crank_nicolson,0.42857142857142855,0.8571428571428571,0.23669700967235244
26.0,crank_nicolson,0.42857142857142855,0.9285714285714285,0.11469302825020442
26.0,crank_nicolson,0.42857142857142855,1.0,-0.03011036955892888
26.0,crank_nicolson,0.5,0.0,-0.03011036955892888
26.0,crank_nicolson,0.5,0.07142857142857142,0.12323851037033186
26.0,crank_nicolson,0.5,0.14285714285714285,0.2537876530098136
26.0,crank_nicolson,0.5,0.21428571428571427,0.38165948038387437
26.0,crank_nicolson,0.5,0.2857142857142857,0.508473794248778
26.0,crank_nicolson,0.5,0.3571428571428571,0.6321839253719467
26.0,crank_nicolson,0.5,0.42857142857142855,0.7402952626976992
26.0,crank_nicolson,0.5,0.5,0.7935834466367184
26.0,crank_nicolson,0.5,0.5714285714285714,0.7402952626976954
26.0,crank_nicolson,0.5,0.6428571428571428,0.6321839253719458
26.0,crank_nicolson,0.5,0.7142857142857142,0.508473794248779
26.0,crank_nicolson,0.5,0.7857142857142857,0.38165948038387554
26.0,crank_nicolson,0.5,0.8571428571428571,0.25378765300981393
26.0,crank_nicolson,0.5,0.9285714285714285,0.12323851037033197
26.0,crank_nicolson,0.5,1.0,-0.03011036955892888
26.0,crank_nicolson,0.5714285714285714,0.0,-0.03011036955892888
26.0,crank_nicolson,0.5714285714285714,0.07142857142857142,0.11469302825020501
26.0,crank_nicolson,0.5714285714285714,0.14285714285714285,0.23669700967235255
26.0,crank_nicolson,0.5714285714285714,0.21428571428571427,0.3560272408451798
26.0,crank_nicolson,0.5714285714285714,0.2857142857142857,0.4743301707897805
26.0,crank_nicolson,0.5714285714285714,0.3571428571428571,0.5897331991133792
26.0,crank_nicolson,0.5714285714285714,0.42857142857142855,0.6905849928176736
26.0,crank_nicolson,0.5714285714285714,0.5,0.7402952626976973
26.0,crank_nicolson,0.5714285714285714,0.5714285714285714,0.6905849928176743
26.0,crank_nicolson,0.5714285714285714,0.6428571428571428,0.5897331991133823
26.0,crank_nicolson,0.5714285714285714,0.7142857142857142,0.4743301707897825
26.0,crank_nicolson,0.5714285714285714,0.7857142857142857,0.3560272408451831
26.0,crank_nicolson,0.5714285714285714,0.8571428571428571,0.23669700967235405
26.0,crank_nicolson,0.5714285714285714,0.9285714285714285,0.11469302825020532
26.0,crank_nicolson,0.5714285714285714,1.0,-0.03011036955892888
26.0,crank_nicolson,0.6428571428571428,0.0,-0.03011036955892888
26.0,crank_nicolson,0.6428571428571428,0.07142857142857142,0.09735624155533247
26.0,crank_nicolson,0.6428571428571428,0.14285714285714285,0.20202409285269124
26.0,crank_nicolson,0.6428571428571428,0.21428571428571427,0.3040252708560138
26.0,crank_nicolson,0.6428571428571428,0.2857142857142857,0.40506035109431127
26.0,crank_nicolson,0.6428571428571428,0.3571428571428571,0.5036098929630979
26.0,crank_nicolson,0.6428571428571428,0.42857142857142855,0.589733199113382
26.0,crank_nicolson,0.6428571428571428,0.5,0.632183925371947
26.0,crank_nicolson,0.6428571428571428,0.5714285714285714,0.5897331991133823
26.0,crank_nicolson,0.6428571428571428,0.6428571428571428,0.5036098929631013
26.0,crank_nicolson,0.6428571428571428,0.7142857142857142,0.4050603510943126
26.0,crank_nicolson,0.6428571428571428,0.7857142857142857,0.3040252708560146
26.0,crank_nicolson,0.6428571428571428,0.8571428571428571,0.2020240928526924
26.0,crank_nicolson,0.6428571428571428,0.9285714285714285,0.09735624155533265
26.0,crank_nicolson,0.6428571428571428,1.0,-0.03011036955892888
26.0,crank_nicolson,0.7142857142857142,0.0,-0.03011036955892888
26.0,crank_nicolson,0.7142857142857142,0.07142857142857142,0.07751588314218431
26.0,crank_nicolson,0.7142857142857142,0.14285714285714285,0.16234702996006925
26.0,crank_nicolson,0.7142857142857142,0.21428571428571427,0.2445196486477327
26.0,crank_nicolson,0.7142857142857142,0.2857142857142857,0.32579577740658966
26.0,crank_nicolson,0.7142857142857142,0.3571428571428571,0.4050603510943115
26.0,crank_nicolson,0.7142857142857142,0.42857142857142855,0.4743301707897831
26.0,crank_nicolson,0.7142857142857142,0.5,0.5084737942487823
26.0,crank_nicolson,0.7142857142857142,0.5714285714285714,0.47433017078978457
26.0,crank_nicolson,0.7142857142857142,0.6428571428571428,0.40506035109431326
26.0,crank_nicolson,0.7142857142857142,0.7142857142857142,0.32579577740659
26.0,crank_nicolson,0.7142857142857142,0.7857142857142857,0.24451964864773293
26.0,crank_nicolson,0.7142857142857142,0.8571428571428571,0.1623470299600695
26.0,crank_nicolson,0.7142857142857142,0.9285714285714285,0.07751588314218441
26.0,crank_nicolson,0.7142857142857142,1.0,-0.03011036955892888
26.0,crank_nicolson,0.7857142857142857,0.0,-0.03011036955892888
26.0,crank_nicolson,0.7857142857142857,0.07142857142857142,0.05713511347957179
26.0,crank_nicolson,0.7857142857142857,0.14285714285714285,0.12163039068649976
26.0,crank_nicolson,0.7857142857142857,0.21428571428571427,0.1834875341875095
26.0,crank_nicolson,0.7857142857142857,0.2857142857142857,0.2445196486477332
26.0,crank_nicolson,0.7857142857142857,0.3571428571428571,0.3040252708560143
26.0,crank_nicolson,0.7857142857142857,0.42857142857142855,0.3560272408451815
26.0,crank_nicolson,0.7857142857142857,0.5,0.38165948038387504
26.0,crank_nicolson,0.7857142857142857,0.5714285714285714,0.35602724084518256
26.0,crank_nicolson,0.7857142857142857,0.6428571428571428,0.30402527085601516
26.0,crank_nicolson,0.7857142857142857,0.7142857142857142,0.24451964864773343
26.0,crank_nicolson,0.7857142857142857,0.7857142857142857,0.18348753418750952
26.0,crank_nicolson,0.7857142857142857,0.8571428571428571,0.12163039068649983
26.0,crank_nicolson,0.7857142857142857,0.9285714285714285,0.057135113479571856
26.0,crank_nicolson,0.7857142857142857,1.0,-0.03011036955892888
26.0,crank_nicolson,0.8571428571428571,0.0,-0.03011036955892888
26.0,crank_nicolson,0.8571428571428571,0.07142857142857142,0.03623281301378146
26.0,crank_nicolson,0.8571428571428571,0.14285714285714285,0.08017867601199329
26.0,crank_nicolson,0.8571428571428571,0.21428571428571427,0.12163039068649965
26.0,crank_nicolson,0.8571428571428571,0.2857142857142857,0.16234702996006953
26.0,crank_nicolson,0.8571428571428571,0.3571428571428571,0.2020240928526915
26.0,crank_nicolson,0.8571428571428571,0.42857142857142855,0.2366970096723523
26.0,crank_nicolson,0.8571428571428571,0.5,0.25378765300981393
26.0,crank_nicolson,0.8571428571428571,0.5714285714285714,0.23669700967235435
26.0,crank_nicolson,0.8571428571428571,0.6428571428571428,0.20202409285269293
26.0,crank_nicolson,0.8571428571428571,0.7142857142857142,0.16234702996006986
26.0,crank_nicolson,0.8571428571428571,0.7857142857142857,0.12163039068649972
26.0,crank_nicolson,0.8571428571428571,0.8571428571428571,0.08017867601199336
26.0,crank_nicolson,0.8571428571428571,0.9285714285714285,0.036232813013781506
26.0,crank_nicolson,0.8571428571428571,1.0,-0.03011036955892888
26.0,crank_nicolson,0.9285714285714285,0.0,-0.03011036955892888
26.0,crank_nicolson,0.9285714285714285,0.07142857142857142,0.013590183480868346
26.0,crank_nicolson,0.9285714285714285,0.14285714285714285,0.036232813013781444
26.0,crank_nicolson,0.9285714285714285,0.21428571428571427,0.0571351134795717
26.0,crank_nicolson,0.9285714285714285,0.2857142857142857,0.077515883142184
26.0,crank_nicolson,0.9285714285714285,0.3571428571428571,0.09735624155533257
26.0,crank_nicolson,0.9285714285714285,0.42857142857142855,0.1146930282502043
26.0,crank_nicolson,0.9285714285714285,0.5,0.12323851037033193
26.0,crank_nicolson,0.9285714285714285,0.5714285714285714,0.11469302825020539
26.0,crank_nicolson,0.9285714285714285,0.6428571428571428,0.09735624155533282
26.0,crank_nicolson,0.9285714285714285,0.7142857142857142,0.07751588314218413
26.0,crank_nicolson,0.9285714285714285,0.7857142857142857,0.057135113479571745
26.0,crank_nicolson,0.9285714285714285,0.8571428571428571,0.03623281301378149
26.0,crank_nicolson,0.9285714285714285,0.9285714285714285,0.013590183480868372
26.0,crank_nicolson,0.9285714285714285,1.0,-0.03011036955892888
26.0,crank_nicolson,1.0,0.0,-0.03011036955892888
26.0,crank_nicolson,1.0,0.07142857142857142,-0.03011036955892888
26.0,crank_nicolson,1.0,0.14285714285714285,-0.03011036955892888
26.0,crank_nicolson,1.0,0.21428571428571427,-0.03011036955892888
26.0,crank_nicolson,1.0,0.2857142857142857,-0.03011036955892888
26.0,crank_nicolson,1.0,0.3571428571428571,-0.03011036955892888
26.0,crank_nicolson,1.0,0.42857142857142855,-0.03011036955892888
26.0,crank_nicolson,1.0,0.5,-0.03011036955892888
26.0,crank_nicolson,1.0,0.5714285714285714,-0.03011036955892888
26.0,crank_nicolson,1.0,0.6428571428571428,-0.03011036955892888
26.0,crank_nicolson,1.0,0.7142857142857142,-0.03011036955892888
26.0,crank_nicolson,1.0,0.7857142857142857,-0.03011036955892888
26.0,crank_nicolson,1.0,0.8571428571428571,-0.03011036955892888
26.0,crank_nicolson,1.0,0.9285714285714285,-0.03011036955892888
26.0,crank_nicolson,1.0,1.0,-0.03011036955892888
27.0,crank_nicolson,0.0,0.0,-0.07198442083947086
27.0,crank_nicolson,0.0,0.07142857142857142,-0.07198442083947086
27.0,crank_nicolson,0.0,0.14285714285714285,-0.07198442083947086
27.0,crank_nicolson,0.0,0.21428571428571427,-0.07198442083947086
27.0,crank_nicolson,0.0,0.2857142857142857,-0.07198442083947086
27.0,crank_nicolson,0.0,0.3571428571428571,-0.07198442083947086
27.0,crank_nicolson,0.0,0.42857142857142855,-0.07198442083947086
27.0,crank_nicolson,0.0,0.5,-0.07198442083947086
27.0,crank_nicolson,0.0,0.5714285714285714,-0.07198442083947086
27.0,crank_nicolson,0.0,0.6428571428571428,-0.07198442083947086
27.0,crank_nicolson,0.0,0.7142857142857142,-0.07198442083947086
27.0,crank_nicolson,0.0,0.7857142857142857,-0.07198442083947086
27.0,crank_nicolson,0.0,0.8571428571428571,-0.07198442083947086
27.0,crank_nicolson,0.0,0.9285714285714285,-0.07198442083947086
27.0,crank_nicolson,0.0,1.0,-0.07198442083947086
27.0,crank_nicolson,0.07142857142857142,0.0,-0.07198442083947086
27.0,crank_nicolson,0.07142857142857142,0.07142857142857142,0.011193395371131606
27.0,crank_nicolson,0.07142857142857142,0.14285714285714285,0.034914251729713595
27.0,crank_nicolson,0.07142857142857142,0.21428571428571427,0.05585755453301647
27.0,crank_nicolson,0.07142857142857142,0.2857142857142857,0.07623632564366425
27.0,crank_nicolson,0.07142857142857142,0.3571428571428571,0.09602192242184865
27.0,crank_nicolson,0.07142857142857142,0.42857142857142855,0.11318739596887191
27.0,crank_nicolson,0.07142857142857142,0.5,0.12151234741937214
27.0,crank_nicolson,0.07142857142857142,0.5714285714285714,0.11318739596887174
27.0,crank_nicolson,0.07142857142857142,0.6428571428571428,0.09602192242184848
27.0,crank_nicolson,0.07142857142857142,0.7142857142857142,0.07623632564366425
27.0,crank_nicolson,0.07142857142857142,0.7857142857142857,0.055857554533016454
27.0,crank_nicolson,0.07142857142857142,0.8571428571428571,0.034914251729713595
27.0,crank_nicolson,0.07142857142857142,0.9285714285714285,0.011193395371131617
27.0,crank_nicolson,0.07142857142857142,1.0,-0.07198442083947086
27.0,crank_nicolson,0.14285714285714285,0.0,-0.07198442083947086
27.0,crank_nicolson,0.14285714285714285,0.07142857142857142,0.03491425172971353
27.0,crank_nicolson,0.14285714285714285,0.14285714285714285,0.08000485833408852
27.0,crank_nicolson,0.14285714285714285,0.21428571428571427,0.1215182411006275
27.0,crank_nicolson,0.14285714285714285,0.2857142857142857,0.16222545431163982
27.0,crank_nicolson,0.14285714285714285,0.3571428571428571,0.2017918795959642
27.0,crank_nicolson,0.14285714285714285,0.42857142857142855,0.23612191897599577
27.0,crank_nicolson,0.14285714285714285,0.5,0.25277142345965103
27.0,crank_nicolson,0.14285714285714285,0.5714285714285714,0.23612191897599527
27.0,crank_nicolson,0.14285714285714285,0.6428571428571428,0.20179187959596412
27.0,crank_nicolson,0.14285714285714285,0.7142857142857142,0.16222545431163987
27.0,crank_nicolson,0.14285714285714285,0.7857142857142857,0.12151824110062755
27.0,crank_nicolson,0.14285714285714285,0.8571428571428571,0.08000485833408855
27.0,crank_nicolson,0.14285714285714285,0.9285714285714285,0.03491425172971356
27.0,crank_nicolson,0.14285714285714285,1.0,-0.07198442083947086
27.0,crank_nicolson,0.21428571428571427,0.0,-0.07198442083947086
27.0,crank_nicolson,0.21428571428571427,0.07142857142857142,0.055857554533016315
27.0,crank_nicolson,0.21428571428571427,0.14285714285714285,0.1215182411006274
27.0,crank_nicolson,0.21428571428571427,0.21428571428571427,0.1834400660878312
27.0,crank_nicolson,0.21428571428571427,0.2857142857142857,0.2444500081178875
27.0,crank_nicolson,0.21428571428571427,0.3571428571428571,0.30378712321682144
27.0,crank_nicolson,0.21428571428571427,0.42857142857142855,0.3552733389133294
27.0,crank_nicolson,0.21428571428571427,0.5,0.3802432642863483
27.0,crank_nicolson,0.21428571428571427,0.5714285714285714,0.35527333891332863
27.0,crank_nicolson,0.21428571428571427,0.6428571428571428,0.3037871232168215
27.0,crank_nicolson,0.21428571428571427,0.7142857142857142,0.2444500081178875
27.0,crank_nicolson,0.21428571428571427,0.7857142857142857,0.18344006608783114
27.0,crank_nicolson,0.21428571428571427,0.8571428571428571,0.12151824110062742
27.0,crank_nicolson,0.21428571428571427,0.9285714285714285,0.05585755453301639
27.0,crank_nicolson,0.21428571428571427,1.0,-0.07198442083947086
27.0,crank_nicolson,0.2857142857142857,0.0,-0.07198442083947086
27.0,crank_nicolson,0.2857142857142857,0.07142857142857142,0.0762363256436639
27.0,crank_nicolson,0.2857142857142857,0.14285714285714285,0.1622254543116401
27.0,crank_nicolson,0.2857142857142857,0.21428571428571427,0.24445000811788792
27.0,crank_nicolson,0.2857142857142857,0.2857142857142857,0.3256804056231287
27.0,crank_nicolson,0.2857142857142857,0.3571428571428571,0.40470906165401094
27.0,crank_nicolson,0.2857142857142857,0.42857142857142855,0.47328245737583263
27.0,crank_nicolson,0.2857142857142857,0.5,0.5065392954850546
27.0,crank_nicolson,0.2857142857142857,0.5714285714285714,0.47328245737583263
27.0,crank_nicolson,0.2857142857142857,0.6428571428571428,0.4047090616540108
27.0,crank_nicolson,0.2857142857142857,0.7142857142857142,0.3256804056231287
27.0,crank_nicolson,0.2857142857142857,0.7857142857142857,0.24445000811788792
27.0,crank_nicolson,0.2857142857142857,0.8571428571428571,0.1622254543116401
27.0,crank_nicolson,0.2857142857142857,0.9285714285714285,0.07623632564366396
27.0,crank_nicolson,0.2857142857142857,1.0,-0.07198442083947086
27.0,crank_nicolson,0.3571428571428571,0.0,-0.07198442083947086
27.0,crank_nicolson,0.3571428571428571,0.07142857142857142,0.09602192242184852
27.0,crank_nicolson,0.3571428571428571,0.14285714285714285,0.20179187959596437
27.0,crank_nicolson,0.3571428571428571,0.21428571428571427,0.3037871232168222
27.0,crank_nicolson,0.3571428571428571,0.2857142857142857,0.40470906165401216
27.0,crank_nicolson,0.3571428571428571,0.3571428571428571,0.5029137161862721
27.0,crank_nicolson,0.3571428571428571,0.42857142857142855,0.5881267890695416
27.0,crank_nicolson,0.3571428571428571,0.5,0.6294534684592393
27.0,crank_nicolson,0.3571428571428571,0.5714285714285714,0.588126789069542
27.0,crank_nicolson,0.3571428571428571,0.6428571428571428,0.5029137161862715
27.0,crank_nicolson,0.3571428571428571,0.7142857142857142,0.4047090616540124
27.0,crank_nicolson,0.3571428571428571,0.7857142857142857,0.3037871232168222
27.0,crank_nicolson,0.3571428571428571,0.8571428571428571,0.20179187959596454
27.0,crank_nicolson,0.3571428571428571,0.9285714285714285,0.09602192242184854
27.0,crank_nicolson,0.3571428571428571,1.0,-0.07198442083947086
27.0,crank_nicolson,0.42857142857142855,0.0,-0.07198442083947086
27.0,crank_nicolson,0.42857142857142855,0.07142857142857142,0.11318739596887166
27.0,crank_nicolson,0.42857142857142855,0.14285714285714285,0.23612191897599574
27.0,crank_nicolson,0.42857142857142855,0.21428571428571427,0.3552733389133308
27.0,crank_nicolson,0.42857142857142855,0.2857142857142857,0.4732824573758341
27.0,crank_nicolson,0.42857142857142855,0.3571428571428571,0.5881267890695425
27.0,crank_nicolson,0.42857142857142855,0.42857142857142855,0.6877785967269704
27.0,crank_nicolson,0.42857142857142855,0.5,0.7361075764351739
27.0,crank_nicolson,0.42857142857142855,0.5714285714285714,0.687778596726971
27.0,crank_nicolson,0.42857142857142855,0.6428571428571428,0.5881267890695432
27.0,crank_nicolson,0.42857142857142855,0.7142857142857142,0.473282457375835
27.0,crank_nicolson,0.42857142857142855,0.7857142857142857,0.3552733389133312
27.0,crank_nicolson,0.42857142857142855,0.8571428571428571,0.2361219189759959
27.0,crank_nicolson,0.42857142857142855,0.9285714285714285,0.11318739596887131
27.0,crank_nicolson,0.42857142857142855,1.0,-0.07198442083947086
27.0,crank_nicolson,0.5,0.0,-0.07198442083947086
27.0,crank_nicolson,0.5,0.07142857142857142,0.12151234741937213
27.0,crank_nicolson,0.5,0.14285714285714285,0.2527714234596512
27.0,crank_nicolson,0.5,0.21428571428571427,0.38024326428634914
27.0,crank_nicolson,0.5,0.2857142857142857,0.5065392954850533
27.0,crank_nicolson,0.5,0.3571428571428571,0.6294534684592396
27.0,crank_nicolson,0.5,0.42857142857142855,0.7361075764351777
27.0,crank_nicolson,0.5,0.5,0.7878322144903536
27.0,crank_nicolson,0.5,0.5714285714285714,0.7361075764351738
27.0,crank_nicolson,0.5,0.6428571428571428,0.6294534684592387
27.0,crank_nicolson,0.5,0.7142857142857142,0.5065392954850546
27.0,crank_nicolson,0.5,0.7857142857142857,0.38024326428635036
27.0,crank_nicolson,0.5,0.8571428571428571,0.2527714234596515
27.0,crank_nicolson,0.5,0.9285714285714285,0.12151234741937222
27.0,crank_nicolson,0.5,1.0,-0.07198442083947086
27.0,crank_nicolson,0.5714285714285714,0.0,-0.07198442083947086
27.0,crank_nicolson,0.5714285714285714,0.07142857142857142,0.11318739596887191
27.0,crank_nicolson,0.5714285714285714,0.14285714285714285,0.2361219189759959
27.0,crank_nicolson,0.5714285714285714,0.21428571428571427,0.35527333891332774
27.0,crank_nicolson,0.5714285714285714,0.2857142857142857,0.47328245737583063
27.0,crank_nicolson,0.5714285714285714,0.3571428571428571,0.5881267890695397
27.0,crank_nicolson,0.5714285714285714,0.42857142857142855,0.6877785967269714
27.0,crank_nicolson,0.5714285714285714,0.5,0.7361075764351758
27.0,crank_nicolson,0.5714285714285714,0.5714285714285714,0.6877785967269722
27.0,crank_nicolson,0.5714285714285714,0.6428571428571428,0.5881267890695433
27.0,crank_nicolson,0.5714285714285714,0.7142857142857142,0.4732824573758328
27.0,crank_nicolson,0.5714285714285714,0.7857142857142857,0.35527333891333124
27.0,crank_nicolson,0.5714285714285714,0.8571428571428571,0.2361219189759975
27.0,crank_nicolson,0.5714285714285714,0.9285714285714285,0.11318739596887223
27.0,crank_nicolson,0.5714285714285714,1.0,-0.07198442083947086
27.0,crank_nicolson,0.6428571428571428,0.0,-0.07198442083947086
27.0,crank_nicolson,0.6428571428571428,0.07142857142857142,0.09602192242184827
27.0,crank_nicolson,0.6428571428571428,0.14285714285714285,0.20179187959596404
27.0,crank_nicolson,0.6428571428571428,0.21428571428571427,0.3037871232168211
27.0,crank_nicolson,0.6428571428571428,0.2857142857142857,0.4047090616540102
27.0,crank_nicolson,0.6428571428571428,0.3571428571428571,0.5029137161862699
27.0,crank_nicolson,0.6428571428571428,0.42857142857142855,0.5881267890695427
27.0,crank_nicolson,0.6428571428571428,0.5,0.6294534684592401
27.0,crank_nicolson,0.6428571428571428,0.5714285714285714,0.5881267890695432
27.0,crank_nicolson,0.6428571428571428,0.6428571428571428,0.5029137161862735
27.0,crank_nicolson,0.6428571428571428,0.7142857142857142,0.4047090616540116
27.0,crank_nicolson,0.6428571428571428,0.7857142857142857,0.303787123216822
27.0,crank_nicolson,0.6428571428571428,0.8571428571428571,0.2017918795959652
27.0,crank_nicolson,0.6428571428571428,0.9285714285714285,0.0960219224218485
27.0,crank_nicolson,0.6428571428571428,1.0,-0.07198442083947086
27.0,crank_nicolson,0.7142857142857142,0.0,-0.07198442083947086
27.0,crank_nicolson,0.7142857142857142,0.07142857142857142,0.07623632564366423
27.0,crank_nicolson,0.7142857142857142,0.14285714285714285,0.16222545431163984
27.0,crank_nicolson,0.7142857142857142,0.21428571428571427,0.24445000811788736
27.0,crank_nicolson,0.7142857142857142,0.2857142857142857,0.32568040562312844
27.0,crank_nicolson,0.7142857142857142,0.3571428571428571,0.40470906165401027
27.0,crank_nicolson,0.7142857142857142,0.42857142857142855,0.47328245737583324
27.0,crank_nicolson,0.7142857142857142,0.5,0.5065392954850576
27.0,crank_nicolson,0.7142857142857142,0.5714285714285714,0.4732824573758349
27.0,crank_nicolson,0.7142857142857142,0.6428571428571428,0.40470906165401227
27.0,crank_nicolson,0.7142857142857142,0.7142857142857142,0.32568040562312883
27.0,crank_nicolson,0.7142857142857142,0.7857142857142857,0.24445000811788758
27.0,crank_nicolson,0.7142857142857142,0.8571428571428571,0.16222545431163998
27.0,crank_nicolson,0.7142857142857142,0.9285714285714285,0.07623632564366432
27.0,crank_nicolson,0.7142857142857142,1.0,-0.07198442083947086
27.0,crank_nicolson,0.7857142857142857,0.0,-0.07198442083947086
27.0,crank_nicolson,0.7857142857142857,0.07142857142857142,0.055857554533016454
27.0,crank_nicolson,0.7857142857142857,0.14285714285714285,0.12151824110062755
27.0,crank_nicolson,0.7857142857142857,0.21428571428571427,0.18344006608783114
27.0,crank_nicolson,0.7857142857142857,0.2857142857142857,0.2444500081178878
27.0,crank_nicolson,0.7857142857142857,0.3571428571428571,0.30378712321682155
27.0,crank_nicolson,0.7857142857142857,0.42857142857142855,0.35527333891332946
27.0,crank_nicolson,0.7857142857142857,0.5,0.3802432642863498
27.0,crank_nicolson,0.7857142857142857,0.5714285714285714,0.3552733389133304
27.0,crank_nicolson,0.7857142857142857,0.6428571428571428,0.30378712321682244
27.0,crank_nicolson,0.7857142857142857,0.7142857142857142,0.2444500081178881
27.0,crank_nicolson,0.7857142857142857,0.7857142857142857,0.18344006608783114
27.0,crank_nicolson,0.7857142857142857,0.8571428571428571,0.12151824110062763
27.0,crank_nicolson,0.7857142857142857,0.9285714285714285,0.05585755453301653
27.0,crank_nicolson,0.7857142857142857,1.0,-0.07198442083947086
27.0,crank_nicolson,0.8571428571428571,0.0,-0.07198442083947086
27.0,crank_nicolson,0.8571428571428571,0.07142857142857142,0.034914251729713595
27.0,crank_nicolson,0.8571428571428571,0.14285714285714285,0.08000485833408855
27.0,crank_nicolson,0.8571428571428571,0.21428571428571427,0.12151824110062741
27.0,crank_nicolson,0.8571428571428571,0.2857142857142857,0.16222545431164004
27.0,crank_nicolson,0.8571428571428571,0.3571428571428571,0.2017918795959642
27.0,crank_nicolson,0.8571428571428571,0.42857142857142855,0.2361219189759956
27.0,crank_nicolson,0.8571428571428571,0.5,0.2527714234596515
27.0,crank_nicolson,0.8571428571428571,0.5714285714285714,0.2361219189759977
27.0,crank_nicolson,0.8571428571428571,0.6428571428571428,0.2017918795959657
27.0,crank_nicolson,0.8571428571428571,0.7142857142857142,0.1622254543116404
27.0,crank_nicolson,0.8571428571428571,0.7857142857142857,0.12151824110062748
27.0,crank_nicolson,0.8571428571428571,0.8571428571428571,0.08000485833408862
27.0,crank_nicolson,0.8571428571428571,0.9285714285714285,0.03491425172971362
27.0,crank_nicolson,0.8571428571428571,1.0,-0.07198442083947086
27.0,crank_nicolson,0.9285714285714285,0.0,-0.07198442083947086
27.0,crank_nicolson,0.9285714285714285,0.07142857142857142,0.011193395371131613
27.0,crank_nicolson,0.9285714285714285,0.14285714285714285,0.03491425172971356
27.0,crank_nicolson,0.9285714285714285,0.21428571428571427,0.055857554533016364
27.0,crank_nicolson,0.9285714285714285,0.2857142857142857,0.07623632564366392
27.0,crank_nicolson,0.9285714285714285,0.3571428571428571,0.09602192242184843
27.0,crank_nicolson,0.9285714285714285,0.42857142857142855,0.1131873959688712
27.0,crank_nicolson,0.9285714285714285,0.5,0.12151234741937218
27.0,crank_nicolson,0.9285714285714285,0.5714285714285714,0.11318739596887228
27.0,crank_nicolson,0.9285714285714285,0.6428571428571428,0.09602192242184872
27.0,crank_nicolson,0.9285714285714285,0.7142857142857142,0.07623632564366406
27.0,crank_nicolson,0.9285714285714285,0.7857142857142857,0.055857554533016406
27.0,crank_nicolson,0.9285714285714285,0.8571428571428571,0.034914251729713595
27.0,crank_nicolson,0.9285714285714285,0.9285714285714285,0.011193395371131636
27.0,crank_nicolson,0.9285714285714285,1.0,-0.07198442083947086
27.0,crank_nicolson,1.0,0.0,-0.07198442083947086
27.0,crank_nicolson,1.0,0.07142857142857142,-0.07198442083947086
27.0,crank_nicolson,1.0,0.14285714285714285,-0.07198442083947086
27.0,crank_nicolson,1.0,0.21428571428571427,-0.07198442083947086
27.0,crank_nicolson,1.0,0.2857142857142857,-0.07198442083947086
27.0,crank_nicolson,1.0,0.3571428571428571,-0.07198442083947086
27.0,crank_nicolson,1.0,0.42857142857142855,-0.07198442083947086
27.0,crank_nicolson,1.0,0.5,-0.07198442083947086
27.0,crank_nicolson,1.0,0.5714285714285714,-0.07198442083947086
27.0,crank_nicolson,1.0,0.6428571428571428,-0.07198442083947086
27.0,crank_nicolson,1.0,0.7142857142857142,-0.07198442083947086
27.0,crank_nicolson,1.0,0.7857142857142857,-0.07198442083947086
27.0,crank_nicolson,1.0,0.8571428571428571,-0.07198442083947086
27.0,crank_nicolson,1.0,0.9285714285714285,-0.07198442083947086
27.0,crank_nicolson,1.0,1.0,-0.07198442083947086
28.0,crank_nicolson,0.0,0.0,0.10571222262189157
28.0,crank_nicolson,0.0,0.07142857142857142,0.10571222262189157
28.0,crank_nicolson,0.0,0.14285714285714285,0.10571222262189157
28.0,crank_nicolson,0.0,0.21428571428571427,0.10571222262189157
28.0,crank_nicolson,0.0,0.2857142857142857,0.10571222262189157
28.0,crank_nicolson,0.0,0.3571428571428571,0.10571222262189157
28.0,crank_nicolson,0.0,0.42857142857142855,0.10571222262189157
28.0,crank_nicolson,0.0,0.5,0.10571222262189157
28.0,crank_nicolson,0.0,0.5714285714285714,0.10571222262189157
28.0,crank_nicolson,0.0,0.6428571428571428,0.10571222262189157
28.0,crank_nicolson,0.0,0.7142857142857142,0.10571222262189157
28.0,crank_nicolson,0.0,0.7857142857142857,0.10571222262189157
28.0,crank_nicolson,0.0,0.8571428571428571,0.10571222262189157
28.0,crank_nicolson,0.0,0.9285714285714285,0.10571222262189157
28.0,crank_nicolson,0.0,1.0,0.10571222262189157
28.0,crank_nicolson,0.07142857142857142,0.0,0.10571222262189157
28.0,crank_nicolson,0.07142857142857142,0.07142857142857142,0.012673861803204584
28.0,crank_nicolson,0.07142857142857142,0.14285714285714285,0.035525706038308284
28.0,crank_nicolson,0.07142857142857142,0.21428571428571427,0.05651274152217673
28.0,crank_nicolson,0.07142857142857142,0.2857142857142857,0.07688920858089611
28.0,crank_nicolson,0.07142857142857142,0.3571428571428571,0.09661833426532623
28.0,crank_nicolson,0.07142857142857142,0.42857142857142855,0.11361443378315361
28.0,crank_nicolson,0.07142857142857142,0.5,0.12173176986205533
28.0,crank_nicolson,0.07142857142857142,0.5714285714285714,0.11361443378315343
28.0,crank_nicolson,0.07142857142857142,0.6428571428571428,0.09661833426532605
28.0,crank_nicolson,0.07142857142857142,0.7142857142857142,0.07688920858089608
28.0,crank_nicolson,0.07142857142857142,0.7857142857142857,0.05651274152217672
28.0,crank_nicolson,0.07142857142857142,0.8571428571428571,0.035525706038308284
28.0,crank_nicolson,0.07142857142857142,0.9285714285714285,0.012673861803204593
28.0,crank_nicolson,0.07142857142857142,1.0,0.10571222262189157
28.0,crank_nicolson,0.14285714285714285,0.0,0.10571222262189157
28.0,crank_nicolson,0.14285714285714285,0.07142857142857142,0.03552570603830822
28.0,crank_nicolson,0.14285714285714285,0.14285714285714285,0.07981862410792998
28.0,crank_nicolson,0.14285714285714285,0.21428571428571427,0.12139728936059796
28.0,crank_nicolson,0.14285714285714285,0.2857142857142857,0.1620942166108854
28.0,crank_nicolson,0.14285714285714285,0.3571428571428571,0.20154649476474956
28.0,crank_nicolson,0.14285714285714285,0.42857142857142855,0.23553749273044183
28.0,crank_nicolson,0.14285714285714285,0.5,0.2517716767189655
28.0,crank_nicolson,0.14285714285714285,0.5714285714285714,0.23553749273044125
28.0,crank_nicolson,0.14285714285714285,0.6428571428571428,0.2015464947647495
28.0,crank_nicolson,0.14285714285714285,0.7142857142857142,0.1620942166108855
28.0,crank_nicolson,0.14285714285714285,0.7857142857142857,0.12139728936059799
28.0,crank_nicolson,0.14285714285714285,0.8571428571428571,0.07981862410793
28.0,crank_nicolson,0.14285714285714285,0.9285714285714285,0.03552570603830825
28.0,crank_nicolson,0.14285714285714285,1.0,0.10571222262189157
28.0,crank_nicolson,0.21428571428571427,0.0,0.10571222262189157
28.0,crank_nicolson,0.21428571428571427,0.07142857142857142,0.05651274152217656
28.0,crank_nicolson,0.21428571428571427,0.14285714285714285,0.12139728936059783
28.0,crank_nicolson,0.21428571428571427,0.21428571428571427,0.1833875061303014
28.0,crank_nicolson,0.21428571428571427,0.2857142857142857,0.24437345433178506
28.0,crank_nicolson,0.21428571428571427,0.3571428571428571,0.3035364940566223
28.0,crank_nicolson,0.21428571428571427,0.42857142857142855,0.35451253914564257
28.0,crank_nicolson,0.21428571428571427,0.5,0.378858820686282
28.0,crank_nicolson,0.21428571428571427,0.5714285714285714,0.3545125391456419
28.0,crank_nicolson,0.21428571428571427,0.6428571428571428,0.30353649405662236
28.0,crank_nicolson,0.21428571428571427,0.7142857142857142,0.24437345433178506
28.0,crank_nicolson,0.21428571428571427,0.7857142857142857,0.1833875061303014
28.0,crank_nicolson,0.21428571428571427,0.8571428571428571,0.12139728936059786
28.0,crank_nicolson,0.21428571428571427,0.9285714285714285,0.056512741522176634
28.0,crank_nicolson,0.21428571428571427,1.0,0.10571222262189157
28.0,crank_nicolson,0.2857142857142857,0.0,0.10571222262189157
28.0,crank_nicolson,0.2857142857142857,0.07142857142857142,0.07688920858089576
28.0,crank_nicolson,0.2857142857142857,0.14285714285714285,0.16209421661088566
28.0,crank_nicolson,0.2857142857142857,0.21428571428571427,0.24437345433178548
28.0,crank_nicolson,0.2857142857142857,0.2857142857142857,0.3255544877458633
28.0,crank_nicolson,0.2857142857142857,0.3571428571428571,0.4043389479562365
28.0,crank_nicolson,0.2857142857142857,0.42857142857142855,0.47222281929584864
28.0,crank_nicolson,0.2857142857142857,0.5,0.5046442712727688
28.0,crank_nicolson,0.2857142857142857,0.5714285714285714,0.47222281929584875
28.0,crank_nicolson,0.2857142857142857,0.6428571428571428,0.40433894795623637
28.0,crank_nicolson,0.2857142857142857,0.7142857142857142,0.3255544877458633
28.0,crank_nicolson,0.2857142857142857,0.7857142857142857,0.24437345433178548
28.0,crank_nicolson,0.2857142857142857,0.8571428571428571,0.1620942166108857
28.0,crank_nicolson,0.2857142857142857,0.9285714285714285,0.07688920858089582
28.0,crank_nicolson,0.2857142857142857,1.0,0.10571222262189157
28.0,crank_nicolson,0.3571428571428571,0.0,0.10571222262189157
28.0,crank_nicolson,0.3571428571428571,0.07142857142857142,0.09661833426532605
28.0,crank_nicolson,0.3571428571428571,0.14285714285714285,0.2015464947647497
28.0,crank_nicolson,0.3571428571428571,0.21428571428571427,0.30353649405662314
28.0,crank_nicolson,0.3571428571428571,0.2857142857142857,0.4043389479562378
28.0,crank_nicolson,0.3571428571428571,0.3571428571428571,0.5021871126600744
28.0,crank_nicolson,0.3571428571428571,0.42857142857142855,0.5864980769569914
28.0,crank_nicolson,0.3571428571428571,0.5,0.6267650573416762
28.0,crank_nicolson,0.3571428571428571,0.5714285714285714,0.5864980769569921
28.0,crank_nicolson,0.3571428571428571,0.6428571428571428,0.5021871126600737
28.0,crank_nicolson,0.3571428571428571,0.7142857142857142,0.40433894795623804
28.0,crank_nicolson,0.3571428571428571,0.7857142857142857,0.30353649405662314
28.0,crank_nicolson,0.3571428571428571,0.8571428571428571,0.20154649476474992
28.0,crank_nicolson,0.3571428571428571,0.9285714285714285,0.09661833426532604
28.0,crank_nicolson,0.3571428571428571,1.0,0.10571222262189157
28.0,crank_nicolson,0.42857142857142855,0.0,0.10571222262189157
28.0,crank_nicolson,0.42857142857142855,0.07142857142857142,0.11361443378315339
28.0,crank_nicolson,0.42857142857142855,0.14285714285714285,0.23553749273044186
28.0,crank_nicolson,0.42857142857142855,0.21428571428571427,0.3545125391456441
28.0,crank_nicolson,0.42857142857142855,0.2857142857142857,0.47222281929585025
28.0,crank_nicolson,0.42857142857142855,0.3571428571428571,0.5864980769569926
28.0,crank_nicolson,0.42857142857142855,0.42857142857142855,0.6849640862671333
28.0,crank_nicolson,0.42857142857142855,0.5,0.7319913426428553
28.0,crank_nicolson,0.42857142857142855,0.5714285714285714,0.684964086267134
28.0,crank_nicolson,0.42857142857142855,0.6428571428571428,0.586498076956993
28.0,crank_nicolson,0.42857142857142855,0.7142857142857142,0.4722228192958511
28.0,crank_nicolson,0.42857142857142855,0.7857142857142857,0.35451253914564457
28.0,crank_nicolson,0.42857142857142855,0.8571428571428571,0.23553749273044192
28.0,crank_nicolson,0.42857142857142855,0.9285714285714285,0.11361443378315303
28.0,crank_nicolson,0.42857142857142855,1.0,0.10571222262189157
28.0,crank_nicolson,0.5,0.0,0.10571222262189157
28.0,crank_nicolson,0.5,0.07142857142857142,0.12173176986205532
28.0,crank_nicolson,0.5,0.14285714285714285,0.25177167671896566
28.0,crank_nicolson,0.5,0.21428571428571427,0.37885882068628296
28.0,crank_nicolson,0.5,0.2857142857142857,0.5046442712727672
28.0,crank_nicolson,0.5,0.3571428571428571,0.6267650573416764
28.0,crank_nicolson,0.5,0.42857142857142855,0.731991342642859
28.0,crank_nicolson,0.5,0.5,0.7822470291338862
28.0,crank_nicolson,0.5,0.5714285714285714,0.7319913426428553
28.0,crank_nicolson,0.5,0.6428571428571428,0.6267650573416754
28.0,crank_nicolson,0.5,0.7142857142857142,0.5046442712727687
28.0,crank_nicolson,0.5,0.7857142857142857,0.3788588206862842
28.0,crank_nicolson,0.5,0.8571428571428571,0.251771676718966
28.0,crank_nicolson,0.5,0.9285714285714285,0.12173176986205542
28.0,crank_nicolson,0.5,1.0,0.10571222262189157
28.0,crank_nicolson,0.5714285714285714,0.0,0.10571222262189157
28.0,crank_nicolson,0.5714285714285714,0.07142857142857142,0.11361443378315357
28.0,crank_nicolson,0.5714285714285714,0.14285714285714285,0.23553749273044194
28.0,crank_nicolson,0.5714285714285714,0.21428571428571427,0.35451253914564107
28.0,crank_nicolson,0.5714285714285714,0.2857142857142857,0.4722228192958466
28.0,crank_nicolson,0.5714285714285714,0.3571428571428571,0.5864980769569893
28.0,crank_nicolson,0.5714285714285714,0.42857142857142855,0.6849640862671343
28.0,crank_nicolson,0.5714285714285714,0.5,0.7319913426428574
28.0,crank_nicolson,0.5714285714285714,0.5714285714285714,0.6849640862671351
28.0,crank_nicolson,0.5714285714285714,0.6428571428571428,0.5864980769569929
28.0,crank_nicolson,0.5714285714285714,0.7142857142857142,0.4722228192958491
28.0,crank_nicolson,0.5714285714285714,0.7857142857142857,0.35451253914564446
28.0,crank_nicolson,0.5714285714285714,0.8571428571428571,0.2355374927304436
28.0,crank_nicolson,0.5714285714285714,0.9285714285714285,0.11361443378315396
28.0,crank_nicolson,0.5714285714285714,1.0,0.10571222262189157
28.0,crank_nicolson,0.6428571428571428,0.0,0.10571222262189157
28.0,crank_nicolson,0.6428571428571428,0.07142857142857142,0.09661833426532587
28.0,crank_nicolson,0.6428571428571428,0.14285714285714285,0.20154649476474934
28.0,crank_nicolson,0.6428571428571428,0.21428571428571427,0.303536494056622
28.0,crank_nicolson,0.6428571428571428,0.2857142857142857,0.4043389479562357
28.0,crank_nicolson,0.6428571428571428,0.3571428571428571,0.5021871126600721
28.0,crank_nicolson,0.6428571428571428,0.42857142857142855,0.5864980769569923
28.0,crank_nicolson,0.6428571428571428,0.5,0.6267650573416772
28.0,crank_nicolson,0.6428571428571428,0.5714285714285714,0.5864980769569931
28.0,crank_nicolson,0.6428571428571428,0.6428571428571428,0.5021871126600755
28.0,crank_nicolson,0.6428571428571428,0.7142857142857142,0.40433894795623715
28.0,crank_nicolson,0.6428571428571428,0.7857142857142857,0.30353649405662286
28.0,crank_nicolson,0.6428571428571428,0.8571428571428571,0.20154649476475064
28.0,crank_nicolson,0.6428571428571428,0.9285714285714285,0.0966183342653261
28.0,crank_nicolson,0.6428571428571428,1.0,0.10571222262189157
28.0,crank_nicolson,0.7142857142857142,0.0,0.10571222262189157
28.0,crank_nicolson,0.7142857142857142,0.07142857142857142,0.07688920858089604
28.0,crank_nicolson,0.7142857142857142,0.14285714285714285,0.16209421661088544
28.0,crank_nicolson,0.7142857142857142,0.21428571428571427,0.24437345433178492
28.0,crank_nicolson,0.7142857142857142,0.2857142857142857,0.325554487745863
28.0,crank_nicolson,0.7142857142857142,0.3571428571428571,0.4043389479562359
28.0,crank_nicolson,0.7142857142857142,0.42857142857142855,0.47222281929584936
28.0,crank_nicolson,0.7142857142857142,0.5,0.5046442712727713
28.0,crank_nicolson,0.7142857142857142,0.5714285714285714,0.47222281929585114
28.0,crank_nicolson,0.7142857142857142,0.6428571428571428,0.40433894795623804
28.0,crank_nicolson,0.7142857142857142,0.7142857142857142,0.32555448774586343
28.0,crank_nicolson,0.7142857142857142,0.7857142857142857,0.24437345433178514
28.0,crank_nicolson,0.7142857142857142,0.8571428571428571,0.16209421661088566
28.0,crank_nicolson,0.7142857142857142,0.9285714285714285,0.07688920858089617
28.0,crank_nicolson,0.7142857142857142,1.0,0.10571222262189157
28.0,crank_nicolson,0.7857142857142857,0.0,0.10571222262189157
28.0,crank_nicolson,0.7857142857142857,0.07142857142857142,0.05651274152217672
28.0,crank_nicolson,0.7857142857142857,0.14285714285714285,0.12139728936059799
28.0,crank_nicolson,0.7857142857142857,0.21428571428571427,0.1833875061303014
28.0,crank_nicolson,0.7857142857142857,0.2857142857142857,0.24437345433178537
28.0,crank_nicolson,0.7857142857142857,0.3571428571428571,0.3035364940566223
28.0,crank_nicolson,0.7857142857142857,0.42857142857142855,0.3545125391456427
28.0,crank_nicolson,0.7857142857142857,0.5,0.3788588206862835
28.0,crank_nicolson,0.7857142857142857,0.5714285714285714,0.3545125391456437
28.0,crank_nicolson,0.7857142857142857,0.6428571428571428,0.3035364940566233
28.0,crank_nicolson,0.7857142857142857,0.7142857142857142,0.24437345433178567
28.0,crank_nicolson,0.7857142857142857,0.7857142857142857,0.1833875061303014
28.0,crank_nicolson,0.7857142857142857,0.8571428571428571,0.12139728936059808
28.0,crank_nicolson,0.7857142857142857,0.9285714285714285,0.05651274152217679
28.0,crank_nicolson,0.7857142857142857,1.0,0.10571222262189157
28.0,crank_nicolson,0.8571428571428571,0.0,0.10571222262189157
28.0,crank_nicolson,0.8571428571428571,0.07142857142857142,0.035525706038308284
28.0,crank_nicolson,0.8571428571428571,0.14285714285714285,0.07981862410793
28.0,crank_nicolson,0.8571428571428571,0.21428571428571427,0.12139728936059783
28.0,crank_nicolson,0.8571428571428571,0.2857142857142857,0.16209421661088563
28.0,crank_nicolson,0.8571428571428571,0.3571428571428571,0.2015464947647496
28.0,crank_nicolson,0.8571428571428571,0.42857142857142855,0.2355374927304416
28.0,crank_nicolson,0.8571428571428571,0.5,0.25177167671896605
28.0,crank_nicolson,0.8571428571428571,0.5714285714285714,0.23553749273044375
28.0,crank_nicolson,0.8571428571428571,0.6428571428571428,0.20154649476475103
28.0,crank_nicolson,0.8571428571428571,0.7142857142857142,0.16209421661088602
28.0,crank_nicolson,0.8571428571428571,0.7857142857142857,0.1213972893605979
28.0,crank_nicolson,0.8571428571428571,0.8571428571428571,0.07981862410793009
28.0,crank_nicolson,0.8571428571428571,0.9285714285714285,0.03552570603830832
28.0,crank_nicolson,0.8571428571428571,1.0,0.10571222262189157
28.0,crank_nicolson,0.9285714285714285,0.0,0.10571222262189157
28.0,crank_nicolson,0.9285714285714285,0.07142857142857142,0.012673861803204591
28.0,crank_nicolson,0.9285714285714285,0.14285714285714285,0.03552570603830825
28.0,crank_nicolson,0.9285714285714285,0.21428571428571427,0.0565127415221766
28.0,crank_nicolson,0.9285714285714285,0.2857142857142857,0.07688920858089576
28.0,crank_nicolson,0.9285714285714285,0.3571428571428571,0.09661833426532593
28.0,crank_nicolson,0.9285714285714285,0.42857142857142855,0.11361443378315293
28.0,crank_nicolson,0.9285714285714285,0.5,0.12173176986205538
28.0,crank_nicolson,0.9285714285714285,0.5714285714285714,0.11361443378315401
28.0,crank_nicolson,0.9285714285714285,0.6428571428571428,0.09661833426532626
28.0,crank_nicolson,0.9285714285714285,0.7142857142857142,0.07688920858089592
28.0,crank_nicolson,0.9285714285714285,0.7857142857142857,0.056512741522176654
28.0,crank_nicolson,0.9285714285714285,0.8571428571428571,0.035525706038308284
28.0,crank_nicolson,0.9285714285714285,0.9285714285714285,0.012673861803204614
28.0,crank_nicolson,0.9285714285714285,1.0,0.10571222262189157
28.0,crank_nicolson,1.0,0.0,0.10571222262189157
28.0,crank_nicolson,1.0,0.07142857142857142,0.10571222262189157
28.0,crank_nicolson,1.0,0.14285714285714285,0.10571222262189157
28.0,crank_nicolson,1.0,0.21428571428571427,0.10571222262189157
28.0,crank_nicolson,1.0,0.2857142857142857,0.10571222262189157
28.0,crank_nicolson,1.0,0.3571428571428571,0.10571222262189157
28.0,crank_nicolson,1.0,0.42857142857142855,0.10571222262189157
28.0,crank_nicolson,1.0,0.5,0.10571222262189157
28.0,crank_nicolson,1.0,0.5714285714285714,0.10571222262189157
28.0,crank_nicolson,1.0,0.6428571428571428,0.10571222262189157
28.0,crank_nicolson,1.0,0.7142857142857142,0.10571222262189157
28.0,crank_nicolson,1.0,0.7857142857142857,0.10571222262189157
28.0,crank_nicolson,1.0,0.8571428571428571,0.10571222262189157
28.0,crank_nicolson,1.0,0.9285714285714285,0.10571222262189157
28.0,crank_nicolson,1.0,1.0,0.10571222262189157
29.0,crank_nicolson,0.0,0.0,0.03436182895684614
29.0,crank_nicolson,0.0,0.07142857142857142,0.03436182895684614
29.0,crank_nicolson,0.0,0.14285714285714285,0.03436182895684614
29.0,crank_nicolson,0.0,0.21428571428571427,0.03436182895684614
29.0,crank_nicolson,0.0,0.2857142857142857,0.03436182895684614
29.0,crank_nicolson,0.0,0.3571428571428571,0.03436182895684614
29.0,crank_nicolson,0.0,0.42857142857142855,0.03436182895684614
29.0,crank_nicolson,0.0,0.5,0.03436182895684614
29.0,crank_nicolson,0.0,0.5714285714285714,0.03436182895684614
29.0,crank_nicolson,0.0,0.6428571428571428,0.03436182895684614
29.0,crank_nicolson,0.0,0.7142857142857142,0.03436182895684614
29.0,crank_nicolson,0.0,0.7857142857142857,0.03436182895684614
29.0,crank_nicolson,0.0,0.8571428571428571,0.03436182895684614
29.0,crank_nicolson,0.0,0.9285714285714285,0.03436182895684614
29.0,crank_nicolson,0.0,1.0,0.03436182895684614
29.0,crank_nicolson,0.07142857142857142,0.0,0.03436182895684614
29.0,crank_nicolson,0.07142857142857142,0.07142857142857142,0.013407525582574572
29.0,crank_nicolson,0.07142857142857142,0.14285714285714285,0.035853370828248445
29.0,crank_nicolson,0.07142857142857142,0.21428571428571427,0.05684926837414876
29.0,crank_nicolson,0.07142857142857142,0.2857142857142857,0.07722432834717195
29.0,crank_nicolson,0.07142857142857142,0.3571428571428571,0.09692461865038011
29.0,crank_nicolson,0.07142857142857142,0.42857142857142855,0.1138368167091241
29.0,crank_nicolson,0.07142857142857142,0.5,0.12185488332490295
29.0,crank_nicolson,0.07142857142857142,0.5714285714285714,0.1138368167091239
29.0,crank_nicolson,0.07142857142857142,0.6428571428571428,0.09692461865037992
29.0,crank_nicolson,0.07142857142857142,0.7142857142857142,0.07722432834717192
29.0,crank_nicolson,0.07142857142857142,0.7857142857142857,0.05684926837414875
29.0,crank_nicolson,0.07142857142857142,0.8571428571428571,0.035853370828248445
29.0,crank_nicolson,0.07142857142857142,0.9285714285714285,0.01340752558257458
29.0,crank_nicolson,0.07142857142857142,1.0,0.03436182895684614
29.0,crank_nicolson,0.14285714285714285,0.0,0.03436182895684614
29.0,crank_nicolson,0.14285714285714285,0.07142857142857142,0.035853370828248375
29.0,crank_nicolson,0.14285714285714285,0.14285714285714285,0.07974998409597853
29.0,crank_nicolson,0.14285714285714285,0.21428571428571427,0.12134819498471903
29.0,crank_nicolson,0.14285714285714285,0.2857142857142857,0.1620395130270353
29.0,crank_nicolson,0.14285714285714285,0.3571428571428571,0.20143348335462552
29.0,crank_nicolson,0.14285714285714285,0.42857142857142855,0.23525651518326307
29.0,crank_nicolson,0.14285714285714285,0.5,0.25129211050999717
29.0,crank_nicolson,0.14285714285714285,0.5714285714285714,0.23525651518326243
29.0,crank_nicolson,0.14285714285714285,0.6428571428571428,0.20143348335462544
29.0,crank_nicolson,0.14285714285714285,0.7142857142857142,0.16203951302703534
29.0,crank_nicolson,0.14285714285714285,0.7857142857142857,0.12134819498471906
29.0,crank_nicolson,0.14285714285714285,0.8571428571428571,0.07974998409597855
29.0,crank_nicolson,0.14285714285714285,0.9285714285714285,0.0358533708282484
29.0,crank_nicolson,0.14285714285714285,1.0,0.03436182895684614
29.0,crank_nicolson,0.21428571428571427,0.0,0.03436182895684614
29.0,crank_nicolson,0.21428571428571427,0.07142857142857142,0.056849268374148595
29.0,crank_nicolson,0.21428571428571427,0.14285714285714285,0.1213481949847189
29.0,crank_nicolson,0.21428571428571427,0.21428571428571427,0.18335953760687507
29.0,crank_nicolson,0.21428571428571427,0.2857142857142857,0.24433265841460694
29.0,crank_nicolson,0.21428571428571427,0.3571428571428571,0.30340669259446207
29.0,crank_nicolson,0.21428571428571427,0.42857142857142855,0.3541299184933197
29.0,crank_nicolson,0.21428571428571427,0.5,0.3781779636842443
29.0,crank_nicolson,0.21428571428571427,0.5714285714285714,0.354129918493319
29.0,crank_nicolson,0.21428571428571427,0.6428571428571428,0.3034066925944621
29.0,crank_nicolson,0.21428571428571427,0.7142857142857142,0.24433265841460694
29.0,crank_nicolson,0.21428571428571427,0.7857142857142857,0.1833595376068751
29.0,crank_nicolson,0.21428571428571427,0.8571428571428571,0.12134819498471892
29.0,crank_nicolson,0.21428571428571427,0.9285714285714285,0.05684926837414867
29.0,crank_nicolson,0.21428571428571427,1.0,0.03436182895684614
29.0,crank_nicolson,0.2857142857142857,0.0,0.03436182895684614
29.0,crank_nicolson,0.2857142857142857,0.07142857142857142,0.07722432834717162
29.0,crank_nicolson,0.2857142857142857,0.14285714285714285,0.16203951302703554
29.0,crank_nicolson,0.2857142857142857,0.21428571428571427,0.24433265841460738
29.0,crank_nicolson,0.2857142857142857,0.2857142857142857,0.32548749999062504
29.0,crank_nicolson,0.2857142857142857,0.3571428571428571,0.4041469208762012
29.0,crank_nicolson,0.2857142857142857,0.42857142857142855,0.4716888520509806
29.0,crank_nicolson,0.2857142857142857,0.5,0.5037106673530095
29.0,crank_nicolson,0.2857142857142857,0.5714285714285714,0.47168885205098077
29.0,crank_nicolson,0.2857142857142857,0.6428571428571428,0.4041469208762011
29.0,crank_nicolson,0.2857142857142857,0.7142857142857142,0.3254874999906251
29.0,crank_nicolson,0.2857142857142857,0.7857142857142857,0.24433265841460736
29.0,crank_nicolson,0.2857142857142857,0.8571428571428571,0.16203951302703556
29.0,crank_nicolson,0.2857142857142857,0.9285714285714285,0.07722432834717168
29.0,crank_nicolson,0.2857142857142857,1.0,0.03436182895684614
29.0,crank_nicolson,0.3571428571428571,0.0,0.03436182895684614
29.0,crank_nicolson,0.3571428571428571,0.07142857142857142,0.09692461865037996
29.0,crank_nicolson,0.3571428571428571,0.14285714285714285,0.20143348335462566
29.0,crank_nicolson,0.3571428571428571,0.21428571428571427,0.3034066925944628
29.0,crank_nicolson,0.3571428571428571,0.2857142857142857,0.40414692087620274
29.0,crank_nicolson,0.3571428571428571,0.3571428571428571,0.5018127403356107
29.0,crank_nicolson,0.3571428571428571,0.42857142857142855,0.5856760304424391
29.0,crank_nicolson,0.3571428571428571,0.5,0.625435778591036
29.0,crank_nicolson,0.3571428571428571,0.5714285714285714,0.5856760304424398
29.0,crank_nicolson,0.3571428571428571,0.6428571428571428,0.5018127403356099
29.0,crank_nicolson,0.3571428571428571,0.7142857142857142,0.404146920876203
29.0,crank_nicolson,0.3571428571428571,0.7857142857142857,0.3034066925944628
29.0,crank_nicolson,0.3571428571428571,0.8571428571428571,0.20143348335462585
29.0,crank_nicolson,0.3571428571428571,0.9285714285714285,0.09692461865037992
29.0,crank_nicolson,0.3571428571428571,1.0,0.03436182895684614
29.0,crank_nicolson,0.42857142857142855,0.0,0.03436182895684614
29.0,crank_nicolson,0.42857142857142855,0.07142857142857142,0.11383681670912388
29.0,crank_nicolson,0.42857142857142855,0.14285714285714285,0.2352565151832631
29.0,crank_nicolson,0.42857142857142855,0.21428571428571427,0.35412991849332126
29.0,crank_nicolson,0.42857142857142855,0.2857142857142857,0.4716888520509823
29.0,crank_nicolson,0.42857142857142855,0.3571428571428571,0.5856760304424403
29.0,crank_nicolson,0.42857142857142855,0.42857142857142855,0.6835548602405989
29.0,crank_nicolson,0.42857142857142855,0.5,0.729959230062247
29.0,crank_nicolson,0.42857142857142855,0.5714285714285714,0.6835548602405995
29.0,crank_nicolson,0.42857142857142855,0.6428571428571428,0.5856760304424404
29.0,crank_nicolson,0.42857142857142855,0.7142857142857142,0.4716888520509831
29.0,crank_nicolson,0.42857142857142855,0.7857142857142857,0.3541299184933217
29.0,crank_nicolson,0.42857142857142855,0.8571428571428571,0.23525651518326315
29.0,crank_nicolson,0.42857142857142855,0.9285714285714285,0.1138368167091235
29.0,crank_nicolson,0.42857142857142855,1.0,0.03436182895684614
29.0,crank_nicolson,0.5,0.0,0.03436182895684614
29.0,crank_nicolson,0.5,0.07142857142857142,0.12185488332490294
29.0,crank_nicolson,0.5,0.14285714285714285,0.2512921105099973
29.0,crank_nicolson,0.5,0.21428571428571427,0.37817796368424506
29.0,crank_nicolson,0.5,0.2857142857142857,0.503710667353008
29.0,crank_nicolson,0.5,0.3571428571428571,0.625435778591036
29.0,crank_nicolson,0.5,0.42857142857142855,0.7299592300622507
29.0,crank_nicolson,0.5,0.5,0.7795135632652521
29.0,crank_nicolson,0.5,0.5714285714285714,0.729959230062247
29.0,crank_nicolson,0.5,0.6428571428571428,0.6254357785910352
29.0,crank_nicolson,0.5,0.7142857142857142,0.5037106673530094
29.0,crank_nicolson,0.5,0.7857142857142857,0.37817796368424633
29.0,crank_nicolson,0.5,0.8571428571428571,0.2512921105099977
29.0,crank_nicolson,0.5,0.9285714285714285,0.12185488332490305
29.0,crank_nicolson,0.5,1.0,0.03436182895684614
29.0,crank_nicolson,0.5714285714285714,0.0,0.03436182895684614
29.0,crank_nicolson,0.5714285714285714,0.07142857142857142,0.11383681670912407
29.0,crank_nicolson,0.5714285714285714,0.14285714285714285,0.23525651518326318
29.0,crank_nicolson,0.5714285714285714,0.21428571428571427,0.3541299184933182
29.0,crank_nicolson,0.5714285714285714,0.2857142857142857,0.4716888520509786
29.0,crank_nicolson,0.5714285714285714,0.3571428571428571,0.5856760304424371
29.0,crank_nicolson,0.5714285714285714,0.42857142857142855,0.6835548602405996
29.0,crank_nicolson,0.5714285714285714,0.5,0.7299592300622492
29.0,crank_nicolson,0.5714285714285714,0.5714285714285714,0.6835548602406006
29.0,crank_nicolson,0.5714285714285714,0.6428571428571428,0.5856760304424405
29.0,crank_nicolson,0.5714285714285714,0.7142857142857142,0.47168885205098093
29.0,crank_nicolson,0.5714285714285714,0.7857142857142857,0.3541299184933215
29.0,crank_nicolson,0.5714285714285714,0.8571428571428571,0.23525651518326482
29.0,crank_nicolson,0.5714285714285714,0.9285714285714285,0.11383681670912445
29.0,crank_nicolson,0.5714285714285714,1.0,0.03436182895684614
29.0,crank_nicolson,0.6428571428571428,0.0,0.03436182895684614
29.0,crank_nicolson,0.6428571428571428,0.07142857142857142,0.0969246186503797
29.0,crank_nicolson,0.6428571428571428,0.14285714285714285,0.20143348335462527
29.0,crank_nicolson,0.6428571428571428,0.21428571428571427,0.30340669259446174
29.0,crank_nicolson,0.6428571428571428,0.2857142857142857,0.40414692087620047
29.0,crank_nicolson,0.6428571428571428,0.3571428571428571,0.5018127403356084
29.0,crank_nicolson,0.6428571428571428,0.42857142857142855,0.58567603044244
29.0,crank_nicolson,0.6428571428571428,0.5,0.6254357785910372
29.0,crank_nicolson,0.6428571428571428,0.5714285714285714,0.5856760304424409
29.0,crank_nicolson,0.6428571428571428,0.6428571428571428,0.5018127403356117
29.0,crank_nicolson,0.6428571428571428,0.7142857142857142,0.40414692087620196
29.0,crank_nicolson,0.6428571428571428,0.7857142857142857,0.3034066925944626
29.0,crank_nicolson,0.6428571428571428,0.8571428571428571,0.20143348335462663
29.0,crank_nicolson,0.6428571428571428,0.9285714285714285,0.09692461865037998
29.0,crank_nicolson,0.6428571428571428,1.0,0.03436182895684614
29.0,crank_nicolson,0.7142857142857142,0.0,0.03436182895684614
29.0,crank_nicolson,0.7142857142857142,0.07142857142857142,0.07722432834717188
29.0,crank_nicolson,0.7142857142857142,0.14285714285714285,0.1620395130270353
29.0,crank_nicolson,0.7142857142857142,0.21428571428571427,0.24433265841460675
29.0,crank_nicolson,0.7142857142857142,0.2857142857142857,0.32548749999062476
29.0,crank_nicolson,0.7142857142857142,0.3571428571428571,0.40414692087620085
29.0,crank_nicolson,0.7142857142857142,0.42857142857142855,0.4716888520509811
29.0,crank_nicolson,0.7142857142857142,0.5,0.5037106673530118
29.0,crank_nicolson,0.7142857142857142,0.5714285714285714,0.47168885205098315
29.0,crank_nicolson,0.7142857142857142,0.6428571428571428,0.4041469208762029
29.0,crank_nicolson,0.7142857142857142,0.7142857142857142,0.32548749999062526
29.0,crank_nicolson,0.7142857142857142,0.7857142857142857,0.244332658414607
29.0,crank_nicolson,0.7142857142857142,0.8571428571428571,0.16203951302703556
29.0,crank_nicolson,0.7142857142857142,0.9285714285714285,0.07722432834717201
29.0,crank_nicolson,0.7142857142857142,1.0,0.03436182895684614
29.0,crank_nicolson,0.7857142857142857,0.0,0.03436182895684614
29.0,crank_nicolson,0.7857142857142857,0.07142857142857142,0.05684926837414875
29.0,crank_nicolson,0.7857142857142857,0.14285714285714285,0.12134819498471906
29.0,crank_nicolson,0.7857142857142857,0.21428571428571427,0.1833595376068751
29.0,crank_nicolson,0.7857142857142857,0.2857142857142857,0.24433265841460722
29.0,crank_nicolson,0.7857142857142857,0.3571428571428571,0.30340669259446207
29.0,crank_nicolson,0.7857142857142857,0.42857142857142855,0.35412991849331976
29.0,crank_nicolson,0.7857142857142857,0.5,0.37817796368424567
29.0,crank_nicolson,0.7857142857142857,0.5714285714285714,0.35412991849332076
29.0,crank_nicolson,0.7857142857142857,0.6428571428571428,0.303406692594463
29.0,crank_nicolson,0.7857142857142857,0.7142857142857142,0.24433265841460758
29.0,crank_nicolson,0.7857142857142857,0.7857142857142857,0.1833595376068751
29.0,crank_nicolson,0.7857142857142857,0.8571428571428571,0.12134819498471916
29.0,crank_nicolson,0.7857142857142857,0.9285714285714285,0.05684926837414884
29.0,crank_nicolson,0.7857142857142857,1.0,0.03436182895684614
29.0,crank_nicolson,0.8571428571428571,0.0,0.03436182895684614
29.0,crank_nicolson,0.8571428571428571,0.07142857142857142,0.035853370828248445
29.0,crank_nicolson,0.8571428571428571,0.14285714285714285,0.07974998409597855
29.0,crank_nicolson,0.8571428571428571,0.21428571428571427,0.1213481949847189
29.0,crank_nicolson,0.8571428571428571,0.2857142857142857,0.1620395130270355
29.0,crank_nicolson,0.8571428571428571,0.3571428571428571,0.2014334833546255
29.0,crank_nicolson,0.8571428571428571,0.42857142857142855,0.23525651518326285
29.0,crank_nicolson,0.8571428571428571,0.5,0.2512921105099977
29.0,crank_nicolson,0.8571428571428571,0.5714285714285714,0.23525651518326499
29.0,crank_nicolson,0.8571428571428571,0.6428571428571428,0.20143348335462694
29.0,crank_nicolson,0.8571428571428571,0.7142857142857142,0.1620395130270359
29.0,crank_nicolson,0.8571428571428571,0.7857142857142857,0.12134819498471898
29.0,crank_nicolson,0.8571428571428571,0.8571428571428571,0.07974998409597862
29.0,crank_nicolson,0.8571428571428571,0.9285714285714285,0.03585337082824848
29.0,crank_nicolson,0.8571428571428571,1.0,0.03436182895684614
29.0,crank_nicolson,0.9285714285714285,0.0,0.03436182895684614
29.0,crank_nicolson,0.9285714285714285,0.07142857142857142,0.013407525582574579
29.0,crank_nicolson,0.9285714285714285,0.14285714285714285,0.0358533708282484
29.0,crank_nicolson,0.9285714285714285,0.21428571428571427,0.05684926837414864
29.0,crank_nicolson,0.9285714285714285,0.2857142857142857,0.0772243283471716
29.0,crank_nicolson,0.9285714285714285,0.3571428571428571,0.0969246186503798
29.0,crank_nicolson,0.9285714285714285,0.42857142857142855,0.11383681670912339
29.0,crank_nicolson,0.9285714285714285,0.5,0.121854883324903
29.0,crank_nicolson,0.9285714285714285,0.5714285714285714,0.11383681670912452
29.0,crank_nicolson,0.9285714285714285,0.6428571428571428,0.09692461865038016
29.0,crank_nicolson,0.9285714285714285,0.7142857142857142,0.07722432834717177
29.0,crank_nicolson,0.9285714285714285,0.7857142857142857,0.05684926837414869
29.0,crank_nicolson,0.9285714285714285,0.8571428571428571,0.03585337082824844
29.0,crank_nicolson,0.9285714285714285,0.9285714285714285,0.013407525582574603
29.0,crank_nicolson,0.9285714285714285,1.0,0.03436182895684614
29.0,crank_nicolson,1.0,0.0,0.03436182895684614
29.0,crank_nicolson,1.0,0.07142857142857142,0.03436182895684614
29.0,crank_nicolson,1.0,0.14285714285714285,0.03436182895684614
29.0,crank_nicolson,1.0,0.21428571428571427,0.03436182895684614
29.0,crank_nicolson,1.0,0.2857142857142857,0.03436182895684614
29.0,crank_nicolson,1.0,0.3571428571428571,0.03436182895684614
29.0,crank_nicolson,1.0,0.42857142857142855,0.03436182895684614
29.0,crank_nicolson,1.0,0.5,0.03436182895684614
29.0,crank_nicolson,1.0,0.5714285714285714,0.03436182895684614
29.0,crank_nicolson,1.0,0.6428571428571428,0.03436182895684614
29.0,crank_nicolson,1.0,0.7142857142857142,0.03436182895684614
29.0,crank_nicolson,1.0,0.7857142857142857,0.03436182895684614
29.0,crank_nicolson,1.0,0.8571428571428571,0.03436182895684614
29.0,crank_nicolson,1.0,0.9285714285714285,0.03436182895684614
29.0,crank_nicolson,1.0,1.0,0.03436182895684614
30.0,crank_nicolson,0.0,0.0,0.0324083969394795
30.0,crank_nicolson,0.0,0.07142857142857142,0.0324083969394795
30.0,crank_nicolson,0.0,0.14285714285714285,0.0324083969394795
30.0,crank_nicolson,0.0,0.21428571428571427,0.0324083969394795
30.0,crank_nicolson,0.0,0.2857142857142857,0.0324083969394795
30.0,crank_nicolson,0.0,0.3571428571428571,0.0324083969394795
30.0,crank_nicolson,0.0,0.42857142857142855,0.0324083969394795
30.0,crank_nicolson,0.0,0.5,0.0324083969394795
30.0,crank_nicolson,0.0,0.5714285714285714,0.0324083969394795
30.0,crank_nicolson,0.0,0.6428571428571428,0.0324083969394795
30.0,crank_nicolson,0.0,0.7142857142857142,0.0324083969394795
30.0,crank_nicolson,0.0,0.7857142857142857,0.0324083969394795
30.0,crank_nicolson,0.0,0.8571428571428571,0.0324083969394795
30.0,crank_nicolson,0.0,0.9285714285714285,0.0324083969394795
30.0,crank_nicolson,0.0,1.0,0.0324083969394795
30.0,crank_nicolson,0.07142857142857142,0.0,0.0324083969394795
30.0,crank_nicolson,0.07142857142857142,0.07142857142857142,0.012044720297844144
30.0,crank_nicolson,0.07142857142857142,0.14285714285714285,0.03507018310254781
30.0,crank_nicolson,0.07142857142857142,0.21428571428571427,0.05609499257240309
30.0,crank_nicolson,0.07142857142857142,0.2857142857142857,0.07646655402560382
30.0,crank_nicolson,0.07142857142857142,0.3571428571428571,0.09610804805201759
30.0,crank_nicolson,0.07142857142857142,0.42857142857142855,0.11285411364226747
30.0,crank_nicolson,0.07142857142857142,0.5,0.12068215260440739
30.0,crank_nicolson,0.07142857142857142,0.5714285714285714,0.11285411364226729
30.0,crank_nicolson,0.07142857142857142,0.6428571428571428,0.09610804805201734
30.0,crank_nicolson,0.07142857142857142,0.7142857142857142,0.07646655402560382
30.0,crank_nicolson,0.07142857142857142,0.7857142857142857,0.05609499257240308
30.0,crank_nicolson,0.07142857142857142,0.8571428571428571,0.03507018310254781
30.0,crank_nicolson,0.07142857142857142,0.9285714285714285,0.012044720297844154
30.0,crank_nicolson,0.07142857142857142,1.0,0.0324083969394795
30.0,crank_nicolson,0.14285714285714285,0.0,0.0324083969394795
30.0,crank_nicolson,0.14285714285714285,0.07142857142857142,0.035070183102547746
30.0,crank_nicolson,0.14285714285714285,0.14285714285714285,0.07958862035009237
30.0,crank_nicolson,0.14285714285714285,0.21428571428571427,0.12123643148321453
30.0,crank_nicolson,0.14285714285714285,0.2857142857142857,0.16191539312088746
30.0,crank_nicolson,0.14285714285714285,0.3571428571428571,0.20119043273766077
30.0,crank_nicolson,0.14285714285714285,0.42857142857142855,0.23468083878699575
30.0,crank_nicolson,0.14285714285714285,0.5,0.2503362690961097
30.0,crank_nicolson,0.14285714285714285,0.5714285714285714,0.23468083878699517
30.0,crank_nicolson,0.14285714285714285,0.6428571428571428,0.20119043273766068
30.0,crank_nicolson,0.14285714285714285,0.7142857142857142,0.16191539312088754
30.0,crank_nicolson,0.14285714285714285,0.7857142857142857,0.12123643148321456
30.0,crank_nicolson,0.14285714285714285,0.8571428571428571,0.0795886203500924
30.0,crank_nicolson,0.14285714285714285,0.9285714285714285,0.035070183102547774
30.0,crank_nicolson,0.14285714285714285,1.0,0.0324083969394795
30.0,crank_nicolson,0.21428571428571427,0.0,0.0324083969394795
30.0,crank_nicolson,0.21428571428571427,0.07142857142857142,0.05609499257240292
30.0,crank_nicolson,0.21428571428571427,0.14285714285714285,0.12123643148321439
30.0,crank_nicolson,0.21428571428571427,0.21428571428571427,0.18330052628491514
30.0,crank_nicolson,0.21428571428571427,0.2857142857142857,0.2442461195385764
30.0,crank_nicolson,0.21428571428571427,0.3571428571428571,0.30313843622593223
30.0,crank_nicolson,0.21428571428571427,0.42857142857142855,0.35336084877506646
30.0,crank_nicolson,0.21428571428571427,0.5,0.3768378955016512
30.0,crank_nicolson,0.21428571428571427,0.5714285714285714,0.35336084877506574
30.0,crank_nicolson,0.21428571428571427,0.6428571428571428,0.3031384362259323
30.0,crank_nicolson,0.21428571428571427,0.7142857142857142,0.2442461195385764
30.0,crank_nicolson,0.21428571428571427,0.7857142857142857,0.18330052628491514
30.0,crank_nicolson,0.21428571428571427,0.8571428571428571,0.12123643148321442
30.0,crank_nicolson,0.21428571428571427,0.9285714285714285,0.05609499257240299
30.0,crank_nicolson,0.21428571428571427,1.0,0.0324083969394795
30.0,crank_nicolson,0.2857142857142857,0.0,0.0324083969394795
30.0,crank_nicolson,0.2857142857142857,0.07142857142857142,0.07646655402560347
30.0,crank_nicolson,0.2857142857142857,0.14285714285714285,0.16191539312088774
30.0,crank_nicolson,0.2857142857142857,0.21428571428571427,0.2442461195385769
30.0,crank_nicolson,0.2857142857142857,0.2857142857142857,0.32534534961440603
30.0,crank_nicolson,0.2857142857142857,0.3571428571428571,0.40374912427353865
30.0,crank_nicolson,0.2857142857142857,0.42857142857142855,0.47061322070707395
30.0,crank_nicolson,0.2857142857142857,0.5,0.5018696184400746
30.0,crank_nicolson,0.2857142857142857,0.5714285714285714,0.4706132207070742
30.0,crank_nicolson,0.2857142857142857,0.6428571428571428,0.40374912427353854
30.0,crank_nicolson,0.2857142857142857,0.7142857142857142,0.32534534961440603
30.0,crank_nicolson,0.2857142857142857,0.7857142857142857,0.24424611953857686
30.0,crank_nicolson,0.2857142857142857,0.8571428571428571,0.16191539312088776
30.0,crank_nicolson,0.2857142857142857,0.9285714285714285,0.07646655402560353
30.0,crank_nicolson,0.2857142857142857,1.0,0.0324083969394795
30.0,crank_nicolson,0.3571428571428571,0.0,0.0324083969394795
30.0,crank_nicolson,0.3571428571428571,0.07142857142857142,0.09610804805201746
30.0,crank_nicolson,0.3571428571428571,0.14285714285714285,0.20119043273766082
30.0,crank_nicolson,0.3571428571428571,0.21428571428571427,0.303138436225933
30.0,crank_nicolson,0.3571428571428571,0.2857142857142857,0.40374912427354037
30.0,crank_nicolson,0.3571428571428571,0.3571428571428571,0.5010425396508451
30.0,crank_nicolson,0.3571428571428571,0.42857142857142855,0.5840178186503181
30.0,crank_nicolson,0.3571428571428571,0.5,0.6228055326124662
30.0,crank_nicolson,0.3571428571428571,0.5714285714285714,0.5840178186503192
30.0,crank_nicolson,0.3571428571428571,0.6428571428571428,0.5010425396508446
30.0,crank_nicolson,0.3571428571428571,0.7142857142857142,0.40374912427354054
30.0,crank_nicolson,0.3571428571428571,0.7857142857142857,0.3031384362259331
30.0,crank_nicolson,0.3571428571428571,0.8571428571428571,0.20119043273766102
30.0,crank_nicolson,0.3571428571428571,0.9285714285714285,0.09610804805201738
30.0,crank_nicolson,0.3571428571428571,1.0,0.0324083969394795
30.0,crank_nicolson,0.42857142857142855,0.0,0.0324083969394795
30.0,crank_nicolson,0.42857142857142855,0.07142857142857142,0.11285411364226727
30.0,crank_nicolson,0.42857142857142855,0.14285714285714285,0.23468083878699572
30.0,crank_nicolson,0.42857142857142855,0.21428571428571427,0.3533608487750679
30.0,crank_nicolson,0.42857142857142855,0.2857142857142857,0.4706132207070755
30.0,crank_nicolson,0.42857142857142855,0.3571428571428571,0.5840178186503195
30.0,crank_nicolson,0.42857142857142855,0.42857142857142855,0.6807344032422866
30.0,crank_nicolson,0.42857142857142855,0.5,0.725945495211537
30.0,crank_nicolson,0.42857142857142855,0.5714285714285714,0.6807344032422873
30.0,crank_nicolson,0.42857142857142855,0.6428571428571428,0.58401781865032
30.0,crank_nicolson,0.42857142857142855,0.7142857142857142,0.4706132207070764
30.0,crank_nicolson,0.42857142857142855,0.7857142857142857,0.3533608487750683
30.0,crank_nicolson,0.42857142857142855,0.8571428571428571,0.23468083878699583
30.0,crank_nicolson,0.42857142857142855,0.9285714285714285,0.11285411364226687
30.0,crank_nicolson,0.42857142857142855,1.0,0.0324083969394795
30.0,crank_nicolson,0.5,0.0,0.0324083969394795
30.0,crank_nicolson,0.5,0.07142857142857142,0.12068215260440737
30.0,crank_nicolson,0.5,0.14285714285714285,0.2503362690961098
30.0,crank_nicolson,0.5,0.21428571428571427,0.37683789550165203
30.0,crank_nicolson,0.5,0.2857142857142857,0.5018696184400735
30.0,crank_nicolson,0.5,0.3571428571428571,0.6228055326124662
30.0,crank_nicolson,0.5,0.42857142857142855,0.7259454952115408
30.0,crank_nicolson,0.5,0.5,0.7741590368282856
30.0,crank_nicolson,0.5,0.5714285714285714,0.7259454952115371
30.0,crank_nicolson,0.5,0.6428571428571428,0.6228055326124657
30.0,crank_nicolson,0.5,0.7142857142857142,0.501869618440075
30.0,crank_nicolson,0.5,0.7857142857142857,0.37683789550165336
30.0,crank_nicolson,0.5,0.8571428571428571,0.2503362690961103
30.0,crank_nicolson,0.5,0.9285714285714285,0.12068215260440747
30.0,crank_nicolson,0.5,1.0,0.0324083969394795
30.0,crank_nicolson,0.5714285714285714,0.0,0.0324083969394795
30.0,crank_nicolson,0.5714285714285714,0.07142857142857142,0.11285411364226747
30.0,crank_nicolson,0.5714285714285714,0.14285714285714285,0.2346808387869959
30.0,crank_nicolson,0.5714285714285714,0.21428571428571427,0.3533608487750649
30.0,crank_nicolson,0.5714285714285714,0.2857142857142857,0.470613220707072
30.0,crank_nicolson,0.5714285714285714,0.3571428571428571,0.5840178186503161
30.0,crank_nicolson,0.5714285714285714,0.42857142857142855,0.6807344032422875
30.0,crank_nicolson,0.5714285714285714,0.5,0.725945495211539
30.0,crank_nicolson,0.5714285714285714,0.5714285714285714,0.680734403242289
30.0,crank_nicolson,0.5714285714285714,0.6428571428571428,0.5840178186503198
30.0,crank_nicolson,0.5714285714285714,0.7142857142857142,0.47061322070707434
30.0,crank_nicolson,0.5714285714285714,0.7857142857142857,0.35336084877506807
30.0,crank_nicolson,0.5714285714285714,0.8571428571428571,0.2346808387869975
30.0,crank_nicolson,0.5714285714285714,0.9285714285714285,0.11285411364226784
30.0,crank_nicolson,0.5714285714285714,1.0,0.0324083969394795
30.0,crank_nicolson,0.6428571428571428,0.0,0.0324083969394795
30.0,crank_nicolson,0.6428571428571428,0.07142857142857142,0.09610804805201716
30.0,crank_nicolson,0.6428571428571428,0.14285714285714285,0.20119043273766055
30.0,crank_nicolson,0.6428571428571428,0.21428571428571427,0.30313843622593195
30.0,crank_nicolson,0.6428571428571428,0.2857142857142857,0.40374912427353793
30.0,crank_nicolson,0.6428571428571428,0.3571428571428571,0.501042539650843
30.0,crank_nicolson,0.6428571428571428,0.42857142857142855,0.5840178186503192
30.0,crank_nicolson,0.6428571428571428,0.5,0.6228055326124674
30.0,crank_nicolson,0.6428571428571428,0.5714285714285714,0.5840178186503202
30.0,crank_nicolson,0.6428571428571428,0.6428571428571428,0.5010425396508467
30.0,crank_nicolson,0.6428571428571428,0.7142857142857142,0.40374912427353965
30.0,crank_nicolson,0.6428571428571428,0.7857142857142857,0.3031384362259329
30.0,crank_nicolson,0.6428571428571428,0.8571428571428571,0.2011904327376619
30.0,crank_nicolson,0.6428571428571428,0.9285714285714285,0.0961080480520174
30.0,crank_nicolson,0.6428571428571428,1.0,0.0324083969394795
30.0,crank_nicolson,0.7142857142857142,0.0,0.0324083969394795
30.0,crank_nicolson,0.7142857142857142,0.07142857142857142,0.07646655402560378
30.0,crank_nicolson,0.7142857142857142,0.14285714285714285,0.16191539312088746
30.0,crank_nicolson,0.7142857142857142,0.21428571428571427,0.24424611953857622
30.0,crank_nicolson,0.7142857142857142,0.2857142857142857,0.3253453496144057
30.0,crank_nicolson,0.7142857142857142,0.3571428571428571,0.40374912427353826
30.0,crank_nicolson,0.7142857142857142,0.42857142857142855,0.47061322070707434
30.0,crank_nicolson,0.7142857142857142,0.5,0.5018696184400776
30.0,crank_nicolson,0.7142857142857142,0.5714285714285714,0.4706132207070766
30.0,crank_nicolson,0.7142857142857142,0.6428571428571428,0.40374912427354037
30.0,crank_nicolson,0.7142857142857142,0.7142857142857142,0.32534534961440625
30.0,crank_nicolson,0.7142857142857142,0.7857142857142857,0.24424611953857644
30.0,crank_nicolson,0.7142857142857142,0.8571428571428571,0.1619153931208878
30.0,crank_nicolson,0.7142857142857142,0.9285714285714285,0.07646655402560389
30.0,crank_nicolson,0.7142857142857142,1.0,0.0324083969394795
30.0,crank_nicolson,0.7857142857142857,0.0,0.0324083969394795
30.0,crank_nicolson,0.7857142857142857,0.07142857142857142,0.05609499257240308
30.0,crank_nicolson,0.7857142857142857,0.14285714285714285,0.12123643148321456
30.0,crank_nicolson,0.7857142857142857,0.21428571428571427,0.1833005262849151
30.0,crank_nicolson,0.7857142857142857,0.2857142857142857,0.2442461195385767
30.0,crank_nicolson,0.7857142857142857,0.3571428571428571,0.3031384362259322
30.0,crank_nicolson,0.7857142857142857,0.42857142857142855,0.3533608487750664
30.0,crank_nicolson,0.7857142857142857,0.5,0.3768378955016526
30.0,crank_nicolson,0.7857142857142857,0.5714285714285714,0.35336084877506746
30.0,crank_nicolson,0.7857142857142857,0.6428571428571428,0.3031384362259332
30.0,crank_nicolson,0.7857142857142857,0.7142857142857142,0.24424611953857703
30.0,crank_nicolson,0.7857142857142857,0.7857142857142857,0.18330052628491514
30.0,crank_nicolson,0.7857142857142857,0.8571428571428571,0.12123643148321465
30.0,crank_nicolson,0.7857142857142857,0.9285714285714285,0.05609499257240315
30.0,crank_nicolson,0.7857142857142857,1.0,0.0324083969394795
30.0,crank_nicolson,0.8571428571428571,0.0,0.0324083969394795
30.0,crank_nicolson,0.8571428571428571,0.07142857142857142,0.03507018310254781
30.0,crank_nicolson,0.8571428571428571,0.14285714285714285,0.07958862035009238
30.0,crank_nicolson,0.8571428571428571,0.21428571428571427,0.12123643148321438
30.0,crank_nicolson,0.8571428571428571,0.2857142857142857,0.16191539312088768
30.0,crank_nicolson,0.8571428571428571,0.3571428571428571,0.20119043273766068
30.0,crank_nicolson,0.8571428571428571,0.42857142857142855,0.23468083878699553
30.0,crank_nicolson,0.8571428571428571,0.5,0.25033626909611023
30.0,crank_nicolson,0.8571428571428571,0.5714285714285714,0.23468083878699772
30.0,crank_nicolson,0.8571428571428571,0.6428571428571428,0.20119043273766204
30.0,crank_nicolson,0.8571428571428571,0.7142857142857142,0.16191539312088807
30.0,crank_nicolson,0.8571428571428571,0.7857142857142857,0.12123643148321446
30.0,crank_nicolson,0.8571428571428571,0.8571428571428571,0.07958862035009248
30.0,crank_nicolson,0.8571428571428571,0.9285714285714285,0.03507018310254786
30.0,crank_nicolson,0.8571428571428571,1.0,0.0324083969394795
30.0,crank_nicolson,0.9285714285714285,0.0,0.0324083969394795
30.0,crank_nicolson,0.9285714285714285,0.07142857142857142,0.01204472029784415
30.0,crank_nicolson,0.9285714285714285,0.14285714285714285,0.035070183102547774
30.0,crank_nicolson,0.9285714285714285,0.21428571428571427,0.05609499257240295
30.0,crank_nicolson,0.9285714285714285,0.2857142857142857,0.07646655402560347
30.0,crank_nicolson,0.9285714285714285,0.3571428571428571,0.09610804805201728
30.0,crank_nicolson,0.9285714285714285,0.42857142857142855,0.11285411364226677
30.0,crank_nicolson,0.9285714285714285,0.5,0.12068215260440744
30.0,crank_nicolson,0.9285714285714285,0.5714285714285714,0.11285411364226794
30.0,crank_nicolson,0.9285714285714285,0.6428571428571428,0.09610804805201766
30.0,crank_nicolson,0.9285714285714285,0.7142857142857142,0.07646655402560365
30.0,crank_nicolson,0.9285714285714285,0.7857142857142857,0.056094992572403
30.0,crank_nicolson,0.9285714285714285,0.8571428571428571,0.0350701831025478
30.0,crank_nicolson,0.9285714285714285,0.9285714285714285,0.012044720297844176
30.0,crank_nicolson,0.9285714285714285,1.0,0.0324083969394795
30.0,crank_nicolson,1.0,0.0,0.0324083969394795
30.0,crank_nicolson,1.0,0.07142857142857142,0.0324083969394795
30.0,crank_nicolson,1.0,0.14285714285714285,0.0324083969394795
30.0,crank_nicolson,1.0,0.21428571428571427,0.0324083969394795
30.0,crank_nicolson,1.0,0.2857142857142857,0.0324083969394795
30.0,crank_nicolson,1.0,0.3571428571428571,0.0324083969394795
30.0,crank_nicolson,1.0,0.42857142857142855,0.0324083969394795
30.0,crank_nicolson,1.0,0.5,0.0324083969394795
30.0,crank_nicolson,1.0,0.5714285714285714,0.0324083969394795
30.0,crank_nicolson,1.0,0.6428571428571428,0.0324083969394795
30.0,crank_nicolson,1.0,0.7142857142857142,0.0324083969394795
30.0,crank_nicolson,1.0,0.7857142857142857,0.0324083969394795
30.0,crank_nicolson,1.0,0.8571428571428571,0.0324083969394795
30.0,crank_nicolson,1.0,0.9285714285714285,0.0324083969394795
30.0,crank_nicolson,1.0,1.0,0.0324083969394795
31.0,crank_nicolson,0.0,0.0,-0.06769220003059588
31.0,crank_nicolson,0.0,0.07142857142857142,-0.06769220003059588
31.0,crank_nicolson,0.0,0.14285714285714285,-0.06769220003059588
31.0,crank_nicolson,0.0,0.21428571428571427,-0.06769220003059588
31.0,crank_nicolson,0.0,0.2857142857142857,-0.06769220003059588
31.0,crank_nicolson,0.0,0.3571428571428571,-0.06769220003059588
31.0,crank_nicolson,0.0,0.42857142857142855,-0.06769220003059588
31.0,crank_nicolson,0.0,0.5,-0.06769220003059588
31.0,crank_nicolson,0.0,0.5714285714285714,-0.06769220003059588
31.0,crank_nicolson,0.0,0.6428571428571428,-0.06769220003059588
31.0,crank_nicolson,0.0,0.7142857142857142,-0.06769220003059588
31.0,crank_nicolson,0.0,0.7857142857142857,-0.06769220003059588
31.0,crank_nicolson,0.0,0.8571428571428571,-0.06769220003059588
31.0,crank_nicolson,0.0,0.9285714285714285,-0.06769220003059588
31.0,crank_nicolson,0.0,1.0,-0.06769220003059588
31.0,crank_nicolson,0.07142857142857142,0.0,-0.06769220003059588
31.0,crank_nicolson,0.07142857142857142,0.07142857142857142,0.011215378926746403
31.0,crank_nicolson,0.07142857142857142,0.14285714285714285,0.03455366656087767
31.0,crank_nicolson,0.07142857142857142,0.21428571428571427,0.05560647315764108
31.0,crank_nicolson,0.07142857142857142,0.2857142857142857,0.07597376588321549
31.0,crank_nicolson,0.07142857142857142,0.3571428571428571,0.09555506083070164
31.0,crank_nicolson,0.07142857142857142,0.42857142857142855,0.11213733277796822
31.0,crank_nicolson,0.07142857142857142,0.5,0.11978599390653852
31.0,crank_nicolson,0.07142857142857142,0.5714285714285714,0.11213733277796803
31.0,crank_nicolson,0.07142857142857142,0.6428571428571428,0.09555506083070138
31.0,crank_nicolson,0.07142857142857142,0.7142857142857142,0.07597376588321549
31.0,crank_nicolson,0.07142857142857142,0.7857142857142857,0.05560647315764106
31.0,crank_nicolson,0.07142857142857142,0.8571428571428571,0.03455366656087767
31.0,crank_nicolson,0.07142857142857142,0.9285714285714285,0.011215378926746414
31.0,crank_nicolson,0.07142857142857142,1.0,-0.06769220003059588
31.0,crank_nicolson,0.14285714285714285,0.0,-0.06769220003059588
31.0,crank_nicolson,0.14285714285714285,0.07142857142857142,0.034553666560877584
31.0,crank_nicolson,0.14285714285714285,0.14285714285714285,0.07942562825055637
31.0,crank_nicolson,0.14285714285714285,0.21428571428571427,0.12112166905874662
31.0,crank_nicolson,0.14285714285714285,0.2857142857142857,0.16178686680313578
31.0,crank_nicolson,0.14285714285714285,0.3571428571428571,0.2009400893250462
31.0,crank_nicolson,0.14285714285714285,0.42857142857142855,0.2341024998220179
31.0,crank_nicolson,0.14285714285714285,0.5,0.24939905044029917
31.0,crank_nicolson,0.14285714285714285,0.5714285714285714,0.23410249982201728
31.0,crank_nicolson,0.14285714285714285,0.6428571428571428,0.20094008932504617
31.0,crank_nicolson,0.14285714285714285,0.7142857142857142,0.16178686680313586
31.0,crank_nicolson,0.14285714285714285,0.7857142857142857,0.12112166905874665
31.0,crank_nicolson,0.14285714285714285,0.8571428571428571,0.0794256282505564
31.0,crank_nicolson,0.14285714285714285,0.9285714285714285,0.03455366656087764
31.0,crank_nicolson,0.14285714285714285,1.0,-0.06769220003059588
31.0,crank_nicolson,0.21428571428571427,0.0,-0.06769220003059588
31.0,crank_nicolson,0.21428571428571427,0.07142857142857142,0.05560647315764088
31.0,crank_nicolson,0.21428571428571427,0.14285714285714285,0.12112166905874648
31.0,crank_nicolson,0.21428571428571427,0.21428571428571427,0.18323706683358165
31.0,crank_nicolson,0.21428571428571427,0.2857142857142857,0.24415273759489994
31.0,crank_nicolson,0.21428571428571427,0.3571428571428571,0.3028586946527517
31.0,crank_nicolson,0.21428571428571427,0.42857142857142855,0.35258705597145895
31.0,crank_nicolson,0.21428571428571427,0.5,0.3755249726179196
31.0,crank_nicolson,0.21428571428571427,0.5714285714285714,0.35258705597145823
31.0,crank_nicolson,0.21428571428571427,0.6428571428571428,0.30285869465275167
31.0,crank_nicolson,0.21428571428571427,0.7142857142857142,0.24415273759489992
31.0,crank_nicolson,0.21428571428571427,0.7857142857142857,0.18323706683358165
31.0,crank_nicolson,0.21428571428571427,0.8571428571428571,0.12112166905874651
31.0,crank_nicolson,0.21428571428571427,0.9285714285714285,0.055606473157640945
31.0,crank_nicolson,0.21428571428571427,1.0,-0.06769220003059588
31.0,crank_nicolson,0.2857142857142857,0.0,-0.06769220003059588
31.0,crank_nicolson,0.2857142857142857,0.07142857142857142,0.07597376588321515
31.0,crank_nicolson,0.2857142857142857,0.14285714285714285,0.16178686680313611
31.0,crank_nicolson,0.2857142857142857,0.21428571428571427,0.24415273759490042
31.0,crank_nicolson,0.2857142857142857,0.2857142857142857,0.32519216368216336
31.0,crank_nicolson,0.2857142857142857,0.3571428571428571,0.4033332832259107
31.0,crank_nicolson,0.2857142857142857,0.42857142857142855,0.46952806010436937
31.0,crank_nicolson,0.2857142857142857,0.5,0.5000613922979751
31.0,crank_nicolson,0.2857142857142857,0.5714285714285714,0.46952806010436976
31.0,crank_nicolson,0.2857142857142857,0.6428571428571428,0.4033332832259106
31.0,crank_nicolson,0.2857142857142857,0.7142857142857142,0.3251921636821633
31.0,crank_nicolson,0.2857142857142857,0.7857142857142857,0.24415273759490042
31.0,crank_nicolson,0.2857142857142857,0.8571428571428571,0.16178686680313617
31.0,crank_nicolson,0.2857142857142857,0.9285714285714285,0.0759737658832152
31.0,crank_nicolson,0.2857142857142857,1.0,-0.06769220003059588
31.0,crank_nicolson,0.3571428571428571,0.0,-0.06769220003059588
31.0,crank_nicolson,0.3571428571428571,0.07142857142857142,0.09555506083070149
31.0,crank_nicolson,0.3571428571428571,0.14285714285714285,0.2009400893250463
31.0,crank_nicolson,0.3571428571428571,0.21428571428571427,0.30285869465275256
31.0,crank_nicolson,0.3571428571428571,0.2857142857142857,0.4033332832259125
31.0,crank_nicolson,0.3571428571428571,0.3571428571428571,0.5002446477312711
31.0,crank_nicolson,0.3571428571428571,0.42857142857142855,0.5823423604202371
31.0,crank_nicolson,0.3571428571428571,0.5,0.6202111474344855
31.0,crank_nicolson,0.3571428571428571,0.5714285714285714,0.5823423604202383
31.0,crank_nicolson,0.3571428571428571,0.6428571428571428,0.5002446477312706
31.0,crank_nicolson,0.3571428571428571,0.7142857142857142,0.4033332832259128
31.0,crank_nicolson,0.3571428571428571,0.7857142857142857,0.30285869465275267
31.0,crank_nicolson,0.3571428571428571,0.8571428571428571,0.20094008932504653
31.0,crank_nicolson,0.3571428571428571,0.9285714285714285,0.09555506083070142
31.0,crank_nicolson,0.3571428571428571,1.0,-0.06769220003059588
31.0,crank_nicolson,0.42857142857142855,0.0,-0.06769220003059588
31.0,crank_nicolson,0.42857142857142855,0.07142857142857142,0.112137332777968
31.0,crank_nicolson,0.42857142857142855,0.14285714285714285,0.2341024998220179
31.0,crank_nicolson,0.42857142857142855,0.21428571428571427,0.35258705597146045
31.0,crank_nicolson,0.42857142857142855,0.2857142857142857,0.4695280601043708
31.0,crank_nicolson,0.42857142857142855,0.3571428571428571,0.5823423604202387
31.0,crank_nicolson,0.42857142857142855,0.42857142857142855,0.6779136032296434
31.0,crank_nicolson,0.42857142857142855,0.5,0.7219971364773575
31.0,crank_nicolson,0.42857142857142855,0.5714285714285714,0.6779136032296442
31.0,crank_nicolson,0.42857142857142855,0.6428571428571428,0.5823423604202393
31.0,crank_nicolson,0.42857142857142855,0.7142857142857142,0.469528060104372
31.0,crank_nicolson,0.42857142857142855,0.7857142857142857,0.3525870559714609
31.0,crank_nicolson,0.42857142857142855,0.8571428571428571,0.23410249982201797
31.0,crank_nicolson,0.42857142857142855,0.9285714285714285,0.1121373327779676
31.0,crank_nicolson,0.42857142857142855,1.0,-0.06769220003059588
31.0,crank_nicolson,0.5,0.0,-0.06769220003059588
31.0,crank_nicolson,0.5,0.07142857142857142,0.1197859939065385
31.0,crank_nicolson,0.5,0.14285714285714285,0.24939905044029922
31.0,crank_nicolson,0.5,0.21428571428571427,0.3755249726179203
31.0,crank_nicolson,0.5,0.2857142857142857,0.5000613922979739
31.0,crank_nicolson,0.5,0.3571428571428571,0.6202111474344854
31.0,crank_nicolson,0.5,0.42857142857142855,0.7219971364773616
31.0,crank_nicolson,0.5,0.5,0.7689471173347502
31.0,crank_nicolson,0.5,0.5714285714285714,0.7219971364773575
31.0,crank_nicolson,0.5,0.6428571428571428,0.6202111474344849
31.0,crank_nicolson,0.5,0.7142857142857142,0.5000613922979754
31.0,crank_nicolson,0.5,0.7857142857142857,0.3755249726179216
31.0,crank_nicolson,0.5,0.8571428571428571,0.2493990504402998
31.0,crank_nicolson,0.5,0.9285714285714285,0.11978599390653862
31.0,crank_nicolson,0.5,1.0,-0.06769220003059588
31.0,crank_nicolson,0.5714285714285714,0.0,-0.06769220003059588
31.0,crank_nicolson,0.5714285714285714,0.07142857142857142,0.11213733277796817
31.0,crank_nicolson,0.5714285714285714,0.14285714285714285,0.23410249982201808
31.0,crank_nicolson,0.5714285714285714,0.21428571428571427,0.35258705597145734
31.0,crank_nicolson,0.5714285714285714,0.2857142857142857,0.46952806010436754
31.0,crank_nicolson,0.5714285714285714,0.3571428571428571,0.5823423604202351
31.0,crank_nicolson,0.5714285714285714,0.42857142857142855,0.6779136032296443
31.0,crank_nicolson,0.5714285714285714,0.5,0.7219971364773595
31.0,crank_nicolson,0.5714285714285714,0.5714285714285714,0.6779136032296457
31.0,crank_nicolson,0.5714285714285714,0.6428571428571428,0.5823423604202387
31.0,crank_nicolson,0.5714285714285714,0.7142857142857142,0.46952806010437
31.0,crank_nicolson,0.5714285714285714,0.7857142857142857,0.3525870559714606
31.0,crank_nicolson,0.5714285714285714,0.8571428571428571,0.23410249982201975
31.0,crank_nicolson,0.5714285714285714,0.9285714285714285,0.11213733277796857
31.0,crank_nicolson,0.5714285714285714,1.0,-0.06769220003059588
31.0,crank_nicolson,0.6428571428571428,0.0,-0.06769220003059588
31.0,crank_nicolson,0.6428571428571428,0.07142857142857142,0.0955550608307012
31.0,crank_nicolson,0.6428571428571428,0.14285714285714285,0.20094008932504617
31.0,crank_nicolson,0.6428571428571428,0.21428571428571427,0.3028586946527514
31.0,crank_nicolson,0.6428571428571428,0.2857142857142857,0.40333328322591
31.0,crank_nicolson,0.6428571428571428,0.3571428571428571,0.5002446477312692
31.0,crank_nicolson,0.6428571428571428,0.42857142857142855,0.5823423604202382
31.0,crank_nicolson,0.6428571428571428,0.5,0.6202111474344862
31.0,crank_nicolson,0.6428571428571428,0.5714285714285714,0.5823423604202392
31.0,crank_nicolson,0.6428571428571428,0.6428571428571428,0.5002446477312725
31.0,crank_nicolson,0.6428571428571428,0.7142857142857142,0.40333328322591183
31.0,crank_nicolson,0.6428571428571428,0.7857142857142857,0.3028586946527524
31.0,crank_nicolson,0.6428571428571428,0.8571428571428571,0.2009400893250474
31.0,crank_nicolson,0.6428571428571428,0.9285714285714285,0.0955550608307015
31.0,crank_nicolson,0.6428571428571428,1.0,-0.06769220003059588
31.0,crank_nicolson,0.7142857142857142,0.0,-0.06769220003059588
31.0,crank_nicolson,0.7142857142857142,0.07142857142857142,0.07597376588321543
31.0,crank_nicolson,0.7142857142857142,0.14285714285714285,0.16178686680313578
31.0,crank_nicolson,0.7142857142857142,0.21428571428571427,0.24415273759489975
31.0,crank_nicolson,0.7142857142857142,0.2857142857142857,0.32519216368216297
31.0,crank_nicolson,0.7142857142857142,0.3571428571428571,0.40333328322591044
31.0,crank_nicolson,0.7142857142857142,0.42857142857142855,0.46952806010436976
31.0,crank_nicolson,0.7142857142857142,0.5,0.5000613922979777
31.0,crank_nicolson,0.7142857142857142,0.5714285714285714,0.4695280601043722
31.0,crank_nicolson,0.7142857142857142,0.6428571428571428,0.40333328322591255
31.0,crank_nicolson,0.7142857142857142,0.7142857142857142,0.3251921636821636
31.0,crank_nicolson,0.7142857142857142,0.7857142857142857,0.24415273759490003
31.0,crank_nicolson,0.7142857142857142,0.8571428571428571,0.16178686680313617
31.0,crank_nicolson,0.7142857142857142,0.9285714285714285,0.07597376588321557
31.0,crank_nicolson,0.7142857142857142,1.0,-0.06769220003059588
31.0,crank_nicolson,0.7857142857142857,0.0,-0.06769220003059588
31.0,crank_nicolson,0.7857142857142857,0.07142857142857142,0.055606473157641056
31.0,crank_nicolson,0.7857142857142857,0.14285714285714285,0.12112166905874665
31.0,crank_nicolson,0.7857142857142857,0.21428571428571427,0.18323706683358162
31.0,crank_nicolson,0.7857142857142857,0.2857142857142857,0.24415273759490022
31.0,crank_nicolson,0.7857142857142857,0.3571428571428571,0.30285869465275167
31.0,crank_nicolson,0.7857142857142857,0.42857142857142855,0.35258705597145895
31.0,crank_nicolson,0.7857142857142857,0.5,0.375524972617921
31.0,crank_nicolson,0.7857142857142857,0.5714285714285714,0.35258705597145984
31.0,crank_nicolson,0.7857142857142857,0.6428571428571428,0.3028586946527528
31.0,crank_nicolson,0.7857142857142857,0.7142857142857142,0.24415273759490053
31.0,crank_nicolson,0.7857142857142857,0.7857142857142857,0.18323706683358165
31.0,crank_nicolson,0.7857142857142857,0.8571428571428571,0.12112166905874673
31.0,crank_nicolson,0.7857142857142857,0.9285714285714285,0.05560647315764111
31.0,crank_nicolson,0.7857142857142857,1.0,-0.06769220003059588
31.0,crank_nicolson,0.8571428571428571,0.0,-0.06769220003059588
31.0,crank_nicolson,0.8571428571428571,0.07142857142857142,0.03455366656087767
31.0,crank_nicolson,0.8571428571428571,0.14285714285714285,0.07942562825055638
31.0,crank_nicolson,0.8571428571428571,0.21428571428571427,0.12112166905874647
31.0,crank_nicolson,0.8571428571428571,0.2857142857142857,0.1617868668031361
31.0,crank_nicolson,0.8571428571428571,0.3571428571428571,0.20094008932504623
31.0,crank_nicolson,0.8571428571428571,0.42857142857142855,0.2341024998220177
31.0,crank_nicolson,0.8571428571428571,0.5,0.24939905044029967
31.0,crank_nicolson,0.8571428571428571,0.5714285714285714,0.23410249982201992
31.0,crank_nicolson,0.8571428571428571,0.6428571428571428,0.20094008932504753
31.0,crank_nicolson,0.8571428571428571,0.7142857142857142,0.16178686680313645
31.0,crank_nicolson,0.8571428571428571,0.7857142857142857,0.12112166905874656
31.0,crank_nicolson,0.8571428571428571,0.8571428571428571,0.07942562825055649
31.0,crank_nicolson,0.8571428571428571,0.9285714285714285,0.034553666560877716
31.0,crank_nicolson,0.8571428571428571,1.0,-0.06769220003059588
31.0,crank_nicolson,0.9285714285714285,0.0,-0.06769220003059588
31.0,crank_nicolson,0.9285714285714285,0.07142857142857142,0.01121537892674641
31.0,crank_nicolson,0.9285714285714285,0.14285714285714285,0.03455366656087764
31.0,crank_nicolson,0.9285714285714285,0.21428571428571427,0.055606473157640904
31.0,crank_nicolson,0.9285714285714285,0.2857142857142857,0.07597376588321515
31.0,crank_nicolson,0.9285714285714285,0.3571428571428571,0.09555506083070132
31.0,crank_nicolson,0.9285714285714285,0.42857142857142855,0.1121373327779675
31.0,crank_nicolson,0.9285714285714285,0.5,0.1197859939065386
31.0,crank_nicolson,0.9285714285714285,0.5714285714285714,0.11213733277796867
31.0,crank_nicolson,0.9285714285714285,0.6428571428571428,0.09555506083070169
31.0,crank_nicolson,0.9285714285714285,0.7142857142857142,0.07597376588321532
31.0,crank_nicolson,0.9285714285714285,0.7857142857142857,0.05560647315764098
31.0,crank_nicolson,0.9285714285714285,0.8571428571428571,0.03455366656087766
31.0,crank_nicolson,0.9285714285714285,0.9285714285714285,0.011215378926746438
31.0,crank_nicolson,0.9285714285714285,1.0,-0.06769220003059588
31.0,crank_nicolson,1.0,0.0,-0.06769220003059588
31.0,crank_nicolson,1.0,0.07142857142857142,-0.06769220003059588
31.0,crank_nicolson,1.0,0.14285714285714285,-0.06769220003059588
31.0,crank_nicolson,1.0,0.21428571428571427,-0.06769220003059588
31.0,crank_nicolson,1.0,0.2857142857142857,-0.06769220003059588
31.0,crank_nicolson,1.0,0.3571428571428571,-0.06769220003059588
31.0,crank_nicolson,1.0,0.42857142857142855,-0.06769220003059588
31.0,crank_nicolson,1.0,0.5,-0.06769220003059588
31.0,crank_nicolson,1.0,0.5714285714285714,-0.06769220003059588
31.0,crank_nicolson,1.0,0.6428571428571428,-0.06769220003059588
31.0,crank_nicolson,1.0,0.7142857142857142,-0.06769220003059588
31.0,crank_nicolson,1.0,0.7857142857142857,-0.06769220003059588
31.0,crank_nicolson,1.0,0.8571428571428571,-0.06769220003059588
31.0,crank_nicolson,1.0,0.9285714285714285,-0.06769220003059588
31.0,crank_nicolson,1.0,1.0,-0.06769220003059588
32.0,crank_nicolson,0.0,0.0,0.06116762888408679
32.0,crank_nicolson,0.0,0.07142857142857142,0.06116762888408679
32.0,crank_nicolson,0.0,0.14285714285714285,0.06116762888408679
32.0,crank_nicolson,0.0,0.21428571428571427,0.06116762888408679
32.0,crank_nicolson,0.0,0.2857142857142857,0.06116762888408679
32.0,crank_nicolson,0.0,0.3571428571428571,0.06116762888408679
32.0,crank_nicolson,0.0,0.42857142857142855,0.06116762888408679
32.0,crank_nicolson,0.0,0.5,0.06116762888408679
32.0,crank_nicolson,0.0,0.5714285714285714,0.06116762888408679
32.0,crank_nicolson,0.0,0.6428571428571428,0.06116762888408679
32.0,crank_nicolson,0.0,0.7142857142857142,0.06116762888408679
32.0,crank_nicolson,0.0,0.7857142857142857,0.06116762888408679
32.0,crank_nicolson,0.0,0.8571428571428571,0.06116762888408679
32.0,crank_nicolson,0.0,0.9285714285714285,0.06116762888408679
32.0,crank_nicolson,0.0,1.0,0.06116762888408679
32.0,crank_nicolson,0.07142857142857142,0.0,0.06116762888408679
32.0,crank_nicolson,0.07142857142857142,0.07142857142857142,0.012360799640936785
32.0,crank_nicolson,0.07142857142857142,0.14285714285714285,0.03507905258220924
32.0,crank_nicolson,0.07142857142857142,0.21428571428571427,0.05614372194475264
32.0,crank_nicolson,0.07142857142857142,0.2857142857142857,0.07650857622412069
32.0,crank_nicolson,0.07142857142857142,0.3571428571428571,0.09605928183249374
32.0,crank_nicolson,0.07142857142857142,0.42857142857142855,0.11256056978911157
32.0,crank_nicolson,0.07142857142857142,0.5,0.12012329015245109
32.0,crank_nicolson,0.07142857142857142,0.5714285714285714,0.1125605697891114
32.0,crank_nicolson,0.07142857142857142,0.6428571428571428,0.09605928183249346
32.0,crank_nicolson,0.07142857142857142,0.7142857142857142,0.07650857622412069
32.0,crank_nicolson,0.07142857142857142,0.7857142857142857,0.056143721944752624
32.0,crank_nicolson,0.07142857142857142,0.8571428571428571,0.03507905258220924
32.0,crank_nicolson,0.07142857142857142,0.9285714285714285,0.012360799640936795
32.0,crank_nicolson,0.07142857142857142,1.0,0.06116762888408679
32.0,crank_nicolson,0.14285714285714285,0.0,0.06116762888408679
32.0,crank_nicolson,0.14285714285714285,0.07142857142857142,0.03507905258220916
32.0,crank_nicolson,0.14285714285714285,0.14285714285714285,0.07934721637226301
32.0,crank_nicolson,0.14285714285714285,0.21428571428571427,0.12106502422688412
32.0,crank_nicolson,0.14285714285714285,0.2857142857142857,0.16172278740673446
32.0,crank_nicolson,0.14285714285714285,0.3571428571428571,0.2008140926310268
32.0,crank_nicolson,0.14285714285714285,0.42857142857142855,0.23381431269624828
32.0,crank_nicolson,0.14285714285714285,0.5,0.24893891416833394
32.0,crank_nicolson,0.14285714285714285,0.5714285714285714,0.2338143126962477
32.0,crank_nicolson,0.14285714285714285,0.6428571428571428,0.2008140926310268
32.0,crank_nicolson,0.14285714285714285,0.7142857142857142,0.16172278740673454
32.0,crank_nicolson,0.14285714285714285,0.7857142857142857,0.12106502422688414
32.0,crank_nicolson,0.14285714285714285,0.8571428571428571,0.07934721637226305
32.0,crank_nicolson,0.14285714285714285,0.9285714285714285,0.03507905258220922
32.0,crank_nicolson,0.14285714285714285,1.0,0.06116762888408679
32.0,crank_nicolson,0.21428571428571427,0.0,0.06116762888408679
32.0,crank_nicolson,0.21428571428571427,0.07142857142857142,0.05614372194475243
32.0,crank_nicolson,0.21428571428571427,0.14285714285714285,0.12106502422688399
32.0,crank_nicolson,0.21428571428571427,0.21428571428571427,0.18320367434007015
32.0,crank_nicolson,0.21428571428571427,0.2857142857142857,0.2441034584166411
32.0,crank_nicolson,0.21428571428571427,0.3571428571428571,0.302714605103661
32.0,crank_nicolson,0.21428571428571427,0.42857142857142855,0.35219858197840204
32.0,crank_nicolson,0.21428571428571427,0.5,0.3748781470909783
32.0,crank_nicolson,0.21428571428571427,0.5714285714285714,0.35219858197840126
32.0,crank_nicolson,0.21428571428571427,0.6428571428571428,0.30271460510366094
32.0,crank_nicolson,0.21428571428571427,0.7142857142857142,0.24410345841664108
32.0,crank_nicolson,0.21428571428571427,0.7857142857142857,0.18320367434007018
32.0,crank_nicolson,0.21428571428571427,0.8571428571428571,0.12106502422688402
32.0,crank_nicolson,0.21428571428571427,0.9285714285714285,0.05614372194475249
32.0,crank_nicolson,0.21428571428571427,1.0,0.06116762888408679
32.0,crank_nicolson,0.2857142857142857,0.0,0.06116762888408679
32.0,crank_nicolson,0.2857142857142857,0.07142857142857142,0.07650857622412034
32.0,crank_nicolson,0.2857142857142857,0.14285714285714285,0.16172278740673482
32.0,crank_nicolson,0.2857142857142857,0.21428571428571427,0.24410345841664155
32.0,crank_nicolson,0.2857142857142857,0.2857142857142857,0.32511138775493087
32.0,crank_nicolson,0.2857142857142857,0.3571428571428571,0.40311870462670035
32.0,crank_nicolson,0.2857142857142857,0.42857142857142855,0.46898216178816543
32.0,crank_nicolson,0.2857142857142857,0.5,0.49916886310539765
32.0,crank_nicolson,0.2857142857142857,0.5714285714285714,0.4689821617881658
32.0,crank_nicolson,0.2857142857142857,0.6428571428571428,0.40311870462670024
32.0,crank_nicolson,0.2857142857142857,0.7142857142857142,0.3251113877549308
32.0,crank_nicolson,0.2857142857142857,0.7857142857142857,0.24410345841664155
32.0,crank_nicolson,0.2857142857142857,0.8571428571428571,0.16172278740673487
32.0,crank_nicolson,0.2857142857142857,0.9285714285714285,0.0765085762241204
32.0,crank_nicolson,0.2857142857142857,1.0,0.06116762888408679
32.0,crank_nicolson,0.3571428571428571,0.0,0.06116762888408679
32.0,crank_nicolson,0.3571428571428571,0.07142857142857142,0.09605928183249357
32.0,crank_nicolson,0.3571428571428571,0.14285714285714285,0.2008140926310269
32.0,crank_nicolson,0.3571428571428571,0.21428571428571427,0.30271460510366177
32.0,crank_nicolson,0.3571428571428571,0.2857142857142857,0.4031187046267021
32.0,crank_nicolson,0.3571428571428571,0.3571428571428571,0.49983566115875816
32.0,crank_nicolson,0.3571428571428571,0.42857142857142855,0.5814987241864428
32.0,crank_nicolson,0.3571428571428571,0.5,0.6189267443763832
32.0,crank_nicolson,0.3571428571428571,0.5714285714285714,0.5814987241864442
32.0,crank_nicolson,0.3571428571428571,0.6428571428571428,0.49983566115875794
32.0,crank_nicolson,0.3571428571428571,0.7142857142857142,0.4031187046267024
32.0,crank_nicolson,0.3571428571428571,0.7857142857142857,0.3027146051036619
32.0,crank_nicolson,0.3571428571428571,0.8571428571428571,0.2008140926310271
32.0,crank_nicolson,0.3571428571428571,0.9285714285714285,0.09605928183249353
32.0,crank_nicolson,0.3571428571428571,1.0,0.06116762888408679
32.0,crank_nicolson,0.42857142857142855,0.0,0.06116762888408679
32.0,crank_nicolson,0.42857142857142855,0.07142857142857142,0.11256056978911141
32.0,crank_nicolson,0.42857142857142855,0.14285714285714285,0.23381431269624833
32.0,crank_nicolson,0.42857142857142855,0.21428571428571427,0.3521985819784035
32.0,crank_nicolson,0.42857142857142855,0.2857142857142857,0.4689821617881668
32.0,crank_nicolson,0.42857142857142855,0.3571428571428571,0.5814987241864443
32.0,crank_nicolson,0.42857142857142855,0.42857142857142855,0.6765038739528018
32.0,crank_nicolson,0.42857142857142855,0.5,0.7200467689155395
32.0,crank_nicolson,0.42857142857142855,0.5714285714285714,0.6765038739528023
32.0,crank_nicolson,0.42857142857142855,0.6428571428571428,0.5814987241864449
32.0,crank_nicolson,0.42857142857142855,0.7142857142857142,0.468982161788168
32.0,crank_nicolson,0.42857142857142855,0.7857142857142857,0.35219858197840404
32.0,crank_nicolson,0.42857142857142855,0.8571428571428571,0.23381431269624842
32.0,crank_nicolson,0.42857142857142855,0.9285714285714285,0.11256056978911101
32.0,crank_nicolson,0.42857142857142855,1.0,0.06116762888408679
32.0,crank_nicolson,0.5,0.0,0.06116762888408679
32.0,crank_nicolson,0.5,0.07142857142857142,0.12012329015245107
32.0,crank_nicolson,0.5,0.14285714285714285,0.248938914168334
32.0,crank_nicolson,0.5,0.21428571428571427,0.374878147090979
32.0,crank_nicolson,0.5,0.2857142857142857,0.4991688631053963
32.0,crank_nicolson,0.5,0.3571428571428571,0.6189267443763831
32.0,crank_nicolson,0.5,0.42857142857142855,0.7200467689155434
32.0,crank_nicolson,0.5,0.5,0.7663920685948199
32.0,crank_nicolson,0.5,0.5714285714285714,0.7200467689155394
32.0,crank_nicolson,0.5,0.6428571428571428,0.6189267443763828
32.0,crank_nicolson,0.5,0.7142857142857142,0.4991688631053979
32.0,crank_nicolson,0.5,0.7857142857142857,0.3748781470909802
32.0,crank_nicolson,0.5,0.8571428571428571,0.24893891416833455
32.0,crank_nicolson,0.5,0.9285714285714285,0.12012329015245118
32.0,crank_nicolson,0.5,1.0,0.06116762888408679
32.0,crank_nicolson,0.5714285714285714,0.0,0.06116762888408679
32.0,crank_nicolson,0.5714285714285714,0.07142857142857142,0.11256056978911154
32.0,crank_nicolson,0.5714285714285714,0.14285714285714285,0.2338143126962485
32.0,crank_nicolson,0.5714285714285714,0.21428571428571427,0.3521985819784004
32.0,crank_nicolson,0.5714285714285714,0.2857142857142857,0.46898216178816343
32.0,crank_nicolson,0.5714285714285714,0.3571428571428571,0.5814987241864409
32.0,crank_nicolson,0.5714285714285714,0.42857142857142855,0.6765038739528024
32.0,crank_nicolson,0.5714285714285714,0.5,0.7200467689155416
32.0,crank_nicolson,0.5714285714285714,0.5714285714285714,0.6765038739528038
32.0,crank_nicolson,0.5714285714285714,0.6428571428571428,0.5814987241864445
32.0,crank_nicolson,0.5714285714285714,0.7142857142857142,0.468982161788166
32.0,crank_nicolson,0.5714285714285714,0.7857142857142857,0.3521985819784036
32.0,crank_nicolson,0.5714285714285714,0.8571428571428571,0.23381431269625022
32.0,crank_nicolson,0.5714285714285714,0.9285714285714285,0.11256056978911196
32.0,crank_nicolson,0.5714285714285714,1.0,0.06116762888408679
32.0,crank_nicolson,0.6428571428571428,0.0,0.06116762888408679
32.0,crank_nicolson,0.6428571428571428,0.07142857142857142,0.09605928183249328
32.0,crank_nicolson,0.6428571428571428,0.14285714285714285,0.20081409263102687
32.0,crank_nicolson,0.6428571428571428,0.21428571428571427,0.30271460510366066
32.0,crank_nicolson,0.6428571428571428,0.2857142857142857,0.40311870462669963
32.0,crank_nicolson,0.6428571428571428,0.3571428571428571,0.4998356611587563
32.0,crank_nicolson,0.6428571428571428,0.42857142857142855,0.581498724186444
32.0,crank_nicolson,0.6428571428571428,0.5,0.6189267443763841
32.0,crank_nicolson,0.6428571428571428,0.5714285714285714,0.5814987241864448
32.0,crank_nicolson,0.6428571428571428,0.6428571428571428,0.49983566115875977
32.0,crank_nicolson,0.6428571428571428,0.7142857142857142,0.40311870462670146
32.0,crank_nicolson,0.6428571428571428,0.7857142857142857,0.30271460510366166
32.0,crank_nicolson,0.6428571428571428,0.8571428571428571,0.20081409263102792
32.0,crank_nicolson,0.6428571428571428,0.9285714285714285,0.0960592818324936
32.0,crank_nicolson,0.6428571428571428,1.0,0.06116762888408679
32.0,crank_nicolson,0.7142857142857142,0.0,0.06116762888408679
32.0,crank_nicolson,0.7142857142857142,0.07142857142857142,0.07650857622412063
32.0,crank_nicolson,0.7142857142857142,0.14285714285714285,0.16172278740673446
32.0,crank_nicolson,0.7142857142857142,0.21428571428571427,0.24410345841664088
32.0,crank_nicolson,0.7142857142857142,0.2857142857142857,0.32511138775493054
32.0,crank_nicolson,0.7142857142857142,0.3571428571428571,0.4031187046267
32.0,crank_nicolson,0.7142857142857142,0.42857142857142855,0.46898216178816565
32.0,crank_nicolson,0.7142857142857142,0.5,0.49916886310540004
32.0,crank_nicolson,0.7142857142857142,0.5714285714285714,0.4689821617881682
32.0,crank_nicolson,0.7142857142857142,0.6428571428571428,0.40311870462670213
32.0,crank_nicolson,0.7142857142857142,0.7142857142857142,0.3251113877549311
32.0,crank_nicolson,0.7142857142857142,0.7857142857142857,0.2441034584166412
32.0,crank_nicolson,0.7142857142857142,0.8571428571428571,0.16172278740673487
32.0,crank_nicolson,0.7142857142857142,0.9285714285714285,0.07650857622412076
32.0,crank_nicolson,0.7142857142857142,1.0,0.06116762888408679
32.0,crank_nicolson,0.7857142857142857,0.0,0.06116762888408679
32.0,crank_nicolson,0.7857142857142857,0.07142857142857142,0.05614372194475262
32.0,crank_nicolson,0.7857142857142857,0.14285714285714285,0.12106502422688414
32.0,crank_nicolson,0.7857142857142857,0.21428571428571427,0.18320367434007015
32.0,crank_nicolson,0.7857142857142857,0.2857142857142857,0.24410345841664136
32.0,crank_nicolson,0.7857142857142857,0.3571428571428571,0.3027146051036608
32.0,crank_nicolson,0.7857142857142857,0.42857142857142855,0.352198581978402
32.0,crank_nicolson,0.7857142857142857,0.5,0.3748781470909798
32.0,crank_nicolson,0.7857142857142857,0.5714285714285714,0.3521985819784029
32.0,crank_nicolson,0.7857142857142857,0.6428571428571428,0.30271460510366205
32.0,crank_nicolson,0.7857142857142857,0.7142857142857142,0.24410345841664163
32.0,crank_nicolson,0.7857142857142857,0.7857142857142857,0.18320367434007018
32.0,crank_nicolson,0.7857142857142857,0.8571428571428571,0.12106502422688423
32.0,crank_nicolson,0.7857142857142857,0.9285714285714285,0.056143721944752666
32.0,crank_nicolson,0.7857142857142857,1.0,0.06116762888408679
32.0,crank_nicolson,0.8571428571428571,0.0,0.06116762888408679
32.0,crank_nicolson,0.8571428571428571,0.07142857142857142,0.03507905258220924
32.0,crank_nicolson,0.8571428571428571,0.14285714285714285,0.07934721637226304
32.0,crank_nicolson,0.8571428571428571,0.21428571428571427,0.12106502422688398
32.0,crank_nicolson,0.8571428571428571,0.2857142857142857,0.1617227874067348
32.0,crank_nicolson,0.8571428571428571,0.3571428571428571,0.20081409263102684
32.0,crank_nicolson,0.8571428571428571,0.42857142857142855,0.23381431269624808
32.0,crank_nicolson,0.8571428571428571,0.5,0.24893891416833444
32.0,crank_nicolson,0.8571428571428571,0.5714285714285714,0.2338143126962503
32.0,crank_nicolson,0.8571428571428571,0.6428571428571428,0.2008140926310281
32.0,crank_nicolson,0.8571428571428571,0.7142857142857142,0.16172278740673518
32.0,crank_nicolson,0.8571428571428571,0.7857142857142857,0.12106502422688407
32.0,crank_nicolson,0.8571428571428571,0.8571428571428571,0.07934721637226316
32.0,crank_nicolson,0.8571428571428571,0.9285714285714285,0.03507905258220928
32.0,crank_nicolson,0.8571428571428571,1.0,0.06116762888408679
32.0,crank_nicolson,0.9285714285714285,0.0,0.06116762888408679
32.0,crank_nicolson,0.9285714285714285,0.07142857142857142,0.012360799640936792
32.0,crank_nicolson,0.9285714285714285,0.14285714285714285,0.03507905258220922
32.0,crank_nicolson,0.9285714285714285,0.21428571428571427,0.05614372194475245
32.0,crank_nicolson,0.9285714285714285,0.2857142857142857,0.07650857622412034
32.0,crank_nicolson,0.9285714285714285,0.3571428571428571,0.09605928183249342
32.0,crank_nicolson,0.9285714285714285,0.42857142857142855,0.11256056978911089
32.0,crank_nicolson,0.9285714285714285,0.5,0.12012329015245116
32.0,crank_nicolson,0.9285714285714285,0.5714285714285714,0.112560569789112
32.0,crank_nicolson,0.9285714285714285,0.6428571428571428,0.09605928183249379
32.0,crank_nicolson,0.9285714285714285,0.7142857142857142,0.07650857622412052
32.0,crank_nicolson,0.9285714285714285,0.7857142857142857,0.056143721944752534
32.0,crank_nicolson,0.9285714285714285,0.8571428571428571,0.03507905258220924
32.0,crank_nicolson,0.9285714285714285,0.9285714285714285,0.012360799640936823
32.0,crank_nicolson,0.9285714285714285,1.0,0.06116762888408679
32.0,crank_nicolson,1.0,0.0,0.06116762888408679
32.0,crank_nicolson,1.0,0.07142857142857142,0.06116762888408679
32.0,crank_nicolson,1.0,0.14285714285714285,0.06116762888408679
32.0,crank_nicolson,1.0,0.21428571428571427,0.06116762888408679
32.0,crank_nicolson,1.0,0.2857142857142857,0.06116762888408679
32.0,crank_nicolson,1.0,0.3571428571428571,0.06116762888408679
32.0,crank_nicolson,1.0,0.42857142857142855,0.06116762888408679
32.0,crank_nicolson,1.0,0.5,0.06116762888408679
32.0,crank_nicolson,1.0,0.5714285714285714,0.06116762888408679
32.0,crank_nicolson,1.0,0.6428571428571428,0.06116762888408679
32.0,crank_nicolson,1.0,0.7142857142857142,0.06116762888408679
32.0,crank_nicolson,1.0,0.7857142857142857,0.06116762888408679
32.0,crank_nicolson,1.0,0.8571428571428571,0.06116762888408679
32.0,crank_nicolson,1.0,0.9285714285714285,0.06116762888408679
32.0,crank_nicolson,1.0,1.0,0.06116762888408679
33.0,crank_nicolson,0.0,0.0,0.09312801191161986
33.0,crank_nicolson,0.0,0.07142857142857142,0.09312801191161986
33.0,crank_nicolson,0.0,0.14285714285714285,0.09312801191161986
33.0,crank_nicolson,0.0,0.21428571428571427,0.09312801191161986
33.0,crank_nicolson,0.0,0.2857142857142857,0.09312801191161986
33.0,crank_nicolson,0.0,0.3571428571428571,0.09312801191161986
33.0,crank_nicolson,0.0,0.42857142857142855,0.09312801191161986
33.0,crank_nicolson,0.0,0.5,0.09312801191161986
33.0,crank_nicolson,0.0,0.5714285714285714,0.09312801191161986
33.0,crank_nicolson,0.0,0.6428571428571428,0.09312801191161986
33.0,crank_nicolson,0.0,0.7142857142857142,0.09312801191161986
33.0,crank_nicolson,0.0,0.7857142857142857,0.09312801191161986
33.0,crank_nicolson,0.0,0.8571428571428571,0.09312801191161986
33.0,crank_nicolson,0.0,0.9285714285714285,0.09312801191161986
33.0,crank_nicolson,0.0,1.0,0.09312801191161986
33.0,crank_nicolson,0.07142857142857142,0.0,0.09312801191161986
33.0,crank_nicolson,0.07142857142857142,0.07142857142857142,0.015481616469162294
33.0,crank_nicolson,0.07142857142857142,0.14285714285714285,0.03660718470239157
33.0,crank_nicolson,0.07142857142857142,0.21428571428571427,0.05766432606960342
33.0,crank_nicolson,0.07142857142857142,0.2857142857142857,0.0780232908454546
33.0,crank_nicolson,0.07142857142857142,0.3571428571428571,0.0975119045166509
33.0,crank_nicolson,0.07142857142857142,0.42857142857142855,0.11385310887136353
33.0,crank_nicolson,0.07142857142857142,0.5,0.1212509885464196
33.0,crank_nicolson,0.07142857142857142,0.5714285714285714,0.11385310887136336
33.0,crank_nicolson,0.07142857142857142,0.6428571428571428,0.09751190451665065
33.0,crank_nicolson,0.07142857142857142,0.7142857142857142,0.0780232908454546
33.0,crank_nicolson,0.07142857142857142,0.7857142857142857,0.05766432606960341
33.0,crank_nicolson,0.07142857142857142,0.8571428571428571,0.03660718470239157
33.0,crank_nicolson,0.07142857142857142,0.9285714285714285,0.015481616469162305
33.0,crank_nicolson,0.07142857142857142,1.0,0.09312801191161986
33.0,crank_nicolson,0.14285714285714285,0.0,0.09312801191161986
33.0,crank_nicolson,0.14285714285714285,0.07142857142857142,0.0366071847023915
33.0,crank_nicolson,0.14285714285714285,0.14285714285714285,0.07925377123872579
33.0,crank_nicolson,0.14285714285714285,0.21428571428571427,0.12098224778829247
33.0,crank_nicolson,0.14285714285714285,0.2857142857142857,0.16162359952573416
33.0,crank_nicolson,0.14285714285714285,0.3571428571428571,0.20058919110582776
33.0,crank_nicolson,0.14285714285714285,0.42857142857142855,0.23326876150007306
33.0,crank_nicolson,0.14285714285714285,0.5,0.24806353471219575
33.0,crank_nicolson,0.14285714285714285,0.5714285714285714,0.23326876150007236
33.0,crank_nicolson,0.14285714285714285,0.6428571428571428,0.20058919110582768
33.0,crank_nicolson,0.14285714285714285,0.7142857142857142,0.16162359952573419
33.0,crank_nicolson,0.14285714285714285,0.7857142857142857,0.1209822477882925
33.0,crank_nicolson,0.14285714285714285,0.8571428571428571,0.0792537712387258
33.0,crank_nicolson,0.14285714285714285,0.9285714285714285,0.03660718470239155
33.0,crank_nicolson,0.14285714285714285,1.0,0.09312801191161986
33.0,crank_nicolson,0.21428571428571427,0.0,0.09312801191161986
33.0,crank_nicolson,0.21428571428571427,0.07142857142857142,0.057664326069603214
33.0,crank_nicolson,0.21428571428571427,0.14285714285714285,0.12098224778829236
33.0,crank_nicolson,0.21428571428571427,0.21428571428571427,0.18313436942493538
33.0,crank_nicolson,0.21428571428571427,0.2857142857142857,0.24400008775412807
33.0,crank_nicolson,0.21428571428571427,0.3571428571428571,0.3024185625103008
33.0,crank_nicolson,0.21428571428571427,0.42857142857142855,0.35141922582561586
33.0,crank_nicolson,0.21428571428571427,0.5,0.3736031475665772
33.0,crank_nicolson,0.21428571428571427,0.5714285714285714,0.3514192258256151
33.0,crank_nicolson,0.21428571428571427,0.6428571428571428,0.30241856251030075
33.0,crank_nicolson,0.21428571428571427,0.7142857142857142,0.24400008775412801
33.0,crank_nicolson,0.21428571428571427,0.7857142857142857,0.18313436942493536
33.0,crank_nicolson,0.21428571428571427,0.8571428571428571,0.12098224778829238
33.0,crank_nicolson,0.21428571428571427,0.9285714285714285,0.05766432606960328
33.0,crank_nicolson,0.21428571428571427,1.0,0.09312801191161986
33.0,crank_nicolson,0.2857142857142857,0.0,0.09312801191161986
33.0,crank_nicolson,0.2857142857142857,0.07142857142857142,0.07802329084545424
33.0,crank_nicolson,0.2857142857142857,0.14285714285714285,0.16162359952573438
33.0,crank_nicolson,0.2857142857142857,0.21428571428571427,0.2440000877541285
33.0,crank_nicolson,0.2857142857142857,0.2857142857142857,0.3249414049504885
33.0,crank_nicolson,0.2857142857142857,0.3571428571428571,0.4026764616097316
33.0,crank_nicolson,0.2857142857142857,0.42857142857142855,0.46788420350543825
33.0,crank_nicolson,0.2857142857142857,0.5,0.49740562917223585
33.0,crank_nicolson,0.2857142857142857,0.5714285714285714,0.46788420350543863
33.0,crank_nicolson,0.2857142857142857,0.6428571428571428,0.40267646160973153
33.0,crank_nicolson,0.2857142857142857,0.7142857142857142,0.32494140495048845
33.0,crank_nicolson,0.2857142857142857,0.7857142857142857,0.2440000877541285
33.0,crank_nicolson,0.2857142857142857,0.8571428571428571,0.16162359952573443
33.0,crank_nicolson,0.2857142857142857,0.9285714285714285,0.0780232908454543
33.0,crank_nicolson,0.2857142857142857,1.0,0.09312801191161986
33.0,crank_nicolson,0.3571428571428571,0.0,0.09312801191161986
33.0,crank_nicolson,0.3571428571428571,0.07142857142857142,0.09751190451665068
33.0,crank_nicolson,0.3571428571428571,0.14285714285714285,0.2005891911058278
33.0,crank_nicolson,0.3571428571428571,0.21428571428571427,0.3024185625103015
33.0,crank_nicolson,0.3571428571428571,0.2857142857142857,0.40267646160973347
33.0,crank_nicolson,0.3571428571428571,0.3571428571428571,0.4989982910131672
33.0,crank_nicolson,0.3571428571428571,0.42857142857142855,0.5798006883055352
33.0,crank_nicolson,0.3571428571428571,0.5,0.6163823074394796
33.0,crank_nicolson,0.3571428571428571,0.5714285714285714,0.5798006883055363
33.0,crank_nicolson,0.3571428571428571,0.6428571428571428,0.498998291013167
33.0,crank_nicolson,0.3571428571428571,0.7142857142857142,0.4026764616097337
33.0,crank_nicolson,0.3571428571428571,0.7857142857142857,0.30241856251030164
33.0,crank_nicolson,0.3571428571428571,0.8571428571428571,0.20058919110582812
33.0,crank_nicolson,0.3571428571428571,0.9285714285714285,0.09751190451665068
33.0,crank_nicolson,0.3571428571428571,1.0,0.09312801191161986
33.0,crank_nicolson,0.42857142857142855,0.0,0.09312801191161986
33.0,crank_nicolson,0.42857142857142855,0.07142857142857142,0.11385310887136342
33.0,crank_nicolson,0.42857142857142855,0.14285714285714285,0.23326876150007303
33.0,crank_nicolson,0.42857142857142855,0.21428571428571427,0.35141922582561735
33.0,crank_nicolson,0.42857142857142855,0.2857142857142857,0.4678842035054398
33.0,crank_nicolson,0.42857142857142855,0.3571428571428571,0.5798006883055369
33.0,crank_nicolson,0.42857142857142855,0.42857142857142855,0.6736871957270598
33.0,crank_nicolson,0.42857142857142855,0.5,0.7161923049079589
33.0,crank_nicolson,0.42857142857142855,0.5714285714285714,0.6736871957270603
33.0,crank_nicolson,0.42857142857142855,0.6428571428571428,0.579800688305537
33.0,crank_nicolson,0.42857142857142855,0.7142857142857142,0.46788420350544097
33.0,crank_nicolson,0.42857142857142855,0.7857142857142857,0.35141922582561785
33.0,crank_nicolson,0.42857142857142855,0.8571428571428571,0.2332687615000731
33.0,crank_nicolson,0.42857142857142855,0.9285714285714285,0.11385310887136302
33.0,crank_nicolson,0.42857142857142855,1.0,0.09312801191161986
33.0,crank_nicolson,0.5,0.0,0.09312801191161986
33.0,crank_nicolson,0.5,0.07142857142857142,0.12125098854641958
33.0,crank_nicolson,0.5,0.14285714285714285,0.2480635347121959
33.0,crank_nicolson,0.5,0.21428571428571427,0.37360314756657814
33.0,crank_nicolson,0.5,0.2857142857142857,0.4974056291722344
33.0,crank_nicolson,0.5,0.3571428571428571,0.6163823074394796
33.0,crank_nicolson,0.5,0.42857142857142855,0.7161923049079627
33.0,crank_nicolson,0.5,0.5,0.7613790034476309
33.0,crank_nicolson,0.5,0.5714285714285714,0.7161923049079588
33.0,crank_nicolson,0.5,0.6428571428571428,0.6163823074394795
33.0,crank_nicolson,0.5,0.7142857142857142,0.4974056291722363
33.0,crank_nicolson,0.5,0.7857142857142857,0.3736031475665793
33.0,crank_nicolson,0.5,0.8571428571428571,0.24806353471219642
33.0,crank_nicolson,0.5,0.9285714285714285,0.1212509885464197
33.0,crank_nicolson,0.5,1.0,0.09312801191161986
33.0,crank_nicolson,0.5714285714285714,0.0,0.09312801191161986
33.0,crank_nicolson,0.5714285714285714,0.07142857142857142,0.1138531088713635
33.0,crank_nicolson,0.5714285714285714,0.14285714285714285,0.23326876150007322
33.0,crank_nicolson,0.5714285714285714,0.21428571428571427,0.35141922582561425
33.0,crank_nicolson,0.5714285714285714,0.2857142857142857,0.4678842035054363
33.0,crank_nicolson,0.5714285714285714,0.3571428571428571,0.579800688305533
33.0,crank_nicolson,0.5714285714285714,0.42857142857142855,0.6736871957270606
33.0,crank_nicolson,0.5714285714285714,0.5,0.716192304907961
33.0,crank_nicolson,0.5714285714285714,0.5714285714285714,0.6736871957270618
33.0,crank_nicolson,0.5714285714285714,0.6428571428571428,0.579800688305537
33.0,crank_nicolson,0.5714285714285714,0.7142857142857142,0.46788420350543897
33.0,crank_nicolson,0.5714285714285714,0.7857142857142857,0.35141922582561747
33.0,crank_nicolson,0.5714285714285714,0.8571428571428571,0.23326876150007497
33.0,crank_nicolson,0.5714285714285714,0.9285714285714285,0.11385310887136395
33.0,crank_nicolson,0.5714285714285714,1.0,0.09312801191161986
33.0,crank_nicolson,0.6428571428571428,0.0,0.09312801191161986
33.0,crank_nicolson,0.6428571428571428,0.07142857142857142,0.09751190451665043
33.0,crank_nicolson,0.6428571428571428,0.14285714285714285,0.20058919110582776
33.0,crank_nicolson,0.6428571428571428,0.21428571428571427,0.30241856251030036
33.0,crank_nicolson,0.6428571428571428,0.2857142857142857,0.40267646160973086
33.0,crank_nicolson,0.6428571428571428,0.3571428571428571,0.4989982910131653
33.0,crank_nicolson,0.6428571428571428,0.42857142857142855,0.5798006883055362
33.0,crank_nicolson,0.6428571428571428,0.5,0.6163823074394809
33.0,crank_nicolson,0.6428571428571428,0.5714285714285714,0.5798006883055371
33.0,crank_nicolson,0.6428571428571428,0.6428571428571428,0.4989982910131691
33.0,crank_nicolson,0.6428571428571428,0.7142857142857142,0.4026764616097329
33.0,crank_nicolson,0.6428571428571428,0.7857142857142857,0.3024185625103014
33.0,crank_nicolson,0.6428571428571428,0.8571428571428571,0.20058919110582876
33.0,crank_nicolson,0.6428571428571428,0.9285714285714285,0.09751190451665082
33.0,crank_nicolson,0.6428571428571428,1.0,0.09312801191161986
33.0,crank_nicolson,0.7142857142857142,0.0,0.09312801191161986
33.0,crank_nicolson,0.7142857142857142,0.07142857142857142,0.07802329084545453
33.0,crank_nicolson,0.7142857142857142,0.14285714285714285,0.1616235995257341
33.0,crank_nicolson,0.7142857142857142,0.21428571428571427,0.24400008775412782
33.0,crank_nicolson,0.7142857142857142,0.2857142857142857,0.3249414049504881
33.0,crank_nicolson,0.7142857142857142,0.3571428571428571,0.4026764616097315
33.0,crank_nicolson,0.7142857142857142,0.42857142857142855,0.4678842035054384
33.0,crank_nicolson,0.7142857142857142,0.5,0.4974056291722381
33.0,crank_nicolson,0.7142857142857142,0.5714285714285714,0.4678842035054412
33.0,crank_nicolson,0.7142857142857142,0.6428571428571428,0.40267646160973347
33.0,crank_nicolson,0.7142857142857142,0.7142857142857142,0.32494140495048873
33.0,crank_nicolson,0.7142857142857142,0.7857142857142857,0.24400008775412813
33.0,crank_nicolson,0.7142857142857142,0.8571428571428571,0.16162359952573452
33.0,crank_nicolson,0.7142857142857142,0.9285714285714285,0.07802329084545466
33.0,crank_nicolson,0.7142857142857142,1.0,0.09312801191161986
33.0,crank_nicolson,0.7857142857142857,0.0,0.09312801191161986
33.0,crank_nicolson,0.7857142857142857,0.07142857142857142,0.057664326069603394
33.0,crank_nicolson,0.7857142857142857,0.14285714285714285,0.1209822477882925
33.0,crank_nicolson,0.7857142857142857,0.21428571428571427,0.18313436942493533
33.0,crank_nicolson,0.7857142857142857,0.2857142857142857,0.2440000877541283
33.0,crank_nicolson,0.7857142857142857,0.3571428571428571,0.3024185625103006
33.0,crank_nicolson,0.7857142857142857,0.42857142857142855,0.3514192258256158
33.0,crank_nicolson,0.7857142857142857,0.5,0.373603147566579
33.0,crank_nicolson,0.7857142857142857,0.5714285714285714,0.35141922582561685
33.0,crank_nicolson,0.7857142857142857,0.6428571428571428,0.30241856251030186
33.0,crank_nicolson,0.7857142857142857,0.7142857142857142,0.24400008775412868
33.0,crank_nicolson,0.7857142857142857,0.7857142857142857,0.18313436942493538
33.0,crank_nicolson,0.7857142857142857,0.8571428571428571,0.12098224778829256
33.0,crank_nicolson,0.7857142857142857,0.9285714285714285,0.057664326069603464
33.0,crank_nicolson,0.7857142857142857,1.0,0.09312801191161986
33.0,crank_nicolson,0.8571428571428571,0.0,0.09312801191161986
33.0,crank_nicolson,0.8571428571428571,0.07142857142857142,0.03660718470239157
33.0,crank_nicolson,0.8571428571428571,0.14285714285714285,0.0792537712387258
33.0,crank_nicolson,0.8571428571428571,0.21428571428571427,0.12098224778829235
33.0,crank_nicolson,0.8571428571428571,0.2857142857142857,0.16162359952573432
33.0,crank_nicolson,0.8571428571428571,0.3571428571428571,0.20058919110582782
33.0,crank_nicolson,0.8571428571428571,0.42857142857142855,0.23326876150007275
33.0,crank_nicolson,0.8571428571428571,0.5,0.2480635347121963
33.0,crank_nicolson,0.8571428571428571,0.5714285714285714,0.23326876150007503
33.0,crank_nicolson,0.8571428571428571,0.6428571428571428,0.2005891911058291
33.0,crank_nicolson,0.8571428571428571,0.7142857142857142,0.16162359952573474
33.0,crank_nicolson,0.8571428571428571,0.7857142857142857,0.12098224778829245
33.0,crank_nicolson,0.8571428571428571,0.8571428571428571,0.07925377123872589
33.0,crank_nicolson,0.8571428571428571,0.9285714285714285,0.036607184702391604
33.0,crank_nicolson,0.8571428571428571,1.0,0.09312801191161986
33.0,crank_nicolson,0.9285714285714285,0.0,0.09312801191161986
33.0,crank_nicolson,0.9285714285714285,0.07142857142857142,0.015481616469162301
33.0,crank_nicolson,0.9285714285714285,0.14285714285714285,0.03660718470239155
33.0,crank_nicolson,0.9285714285714285,0.21428571428571427,0.05766432606960324
33.0,crank_nicolson,0.9285714285714285,0.2857142857142857,0.07802329084545424
33.0,crank_nicolson,0.9285714285714285,0.3571428571428571,0.09751190451665061
33.0,crank_nicolson,0.9285714285714285,0.42857142857142855,0.11385310887136289
33.0,crank_nicolson,0.9285714285714285,0.5,0.12125098854641968
33.0,crank_nicolson,0.9285714285714285,0.5714285714285714,0.113853108871364
33.0,crank_nicolson,0.9285714285714285,0.6428571428571428,0.09751190451665094
33.0,crank_nicolson,0.9285714285714285,0.7142857142857142,0.07802329084545444
33.0,crank_nicolson,0.9285714285714285,0.7857142857142857,0.05766432606960332
33.0,crank_nicolson,0.9285714285714285,0.8571428571428571,0.03660718470239157
33.0,crank_nicolson,0.9285714285714285,0.9285714285714285,0.015481616469162332
33.0,crank_nicolson,0.9285714285714285,1.0,0.09312801191161986
33.0,crank_nicolson,1.0,0.0,0.09312801191161986
33.0,crank_nicolson,1.0,0.07142857142857142,0.09312801191161986
33.0,crank_nicolson,1.0,0.14285714285714285,0.09312801191161986
33.0,crank_nicolson,1.0,0.21428571428571427,0.09312801191161986
33.0,crank_nicolson,1.0,0.2857142857142857,0.09312801191161986
33.0,crank_nicolson,1.0,0.3571428571428571,0.09312801191161986
33.0,crank_nicolson,1.0,0.42857142857142855,0.09312801191161986
33.0,crank_nicolson,1.0,0.5,0.09312801191161986
33.0,crank_nicolson,1.0,0.5714285714285714,0.09312801191161986
33.0,crank_nicolson,1.0,0.6428571428571428,0.09312801191161986
33.0,crank_nicolson,1.0,0.7142857142857142,0.09312801191161986
33.0,crank_nicolson,1.0,0.7857142857142857,0.09312801191161986
33.0,crank_nicolson,1.0,0.8571428571428571,0.09312801191161986
33.0,crank_nicolson,1.0,0.9285714285714285,0.09312801191161986
33.0,crank_nicolson,1.0,1.0,0.09312801191161986
34.0,crank_nicolson,0.0,0.0,-0.03092123758512146
34.0,crank_nicolson,0.0,0.07142857142857142,-0.03092123758512146
34.0,crank_nicolson,0.0,0.14285714285714285,-0.03092123758512146
34.0,crank_nicolson,0.0,0.21428571428571427,-0.03092123758512146
34.0,crank_nicolson,0.0,0.2857142857142857,-0.03092123758512146
34.0,crank_nicolson,0.0,0.3571428571428571,-0.03092123758512146
34.0,crank_nicolson,0.0,0.42857142857142855,-0.03092123758512146
34.0,crank_nicolson,0.0,0.5,-0.03092123758512146
34.0,crank_nicolson,0.0,0.5714285714285714,-0.03092123758512146
34.0,crank_nicolson,0.0,0.6428571428571428,-0.03092123758512146
34.0,crank_nicolson,0.0,0.7142857142857142,-0.03092123758512146
34.0,crank_nicolson,0.0,0.7857142857142857,-0.03092123758512146
34.0,crank_nicolson,0.0,0.8571428571428571,-0.03092123758512146
34.0,crank_nicolson,0.0,0.9285714285714285,-0.03092123758512146
34.0,crank_nicolson,0.0,1.0,-0.03092123758512146
34.0,crank_nicolson,0.07142857142857142,0.0,-0.03092123758512146
34.0,crank_nicolson,0.07142857142857142,0.07142857142857142,0.014282587636797996
34.0,crank_nicolson,0.07142857142857142,0.14285714285714285,0.03599440121043689
34.0,crank_nicolson,0.07142857142857142,0.21428571428571427,0.057035245087723827
34.0,crank_nicolson,0.07142857142857142,0.2857142857142857,0.0773864363534794
34.0,crank_nicolson,0.07142857142857142,0.3571428571428571,0.0968118122298894
34.0,crank_nicolson,0.07142857142857142,0.42857142857142855,0.11299550828845728
34.0,crank_nicolson,0.07142857142857142,0.5,0.12023737148203473
34.0,crank_nicolson,0.07142857142857142,0.5714285714285714,0.11299550828845713
34.0,crank_nicolson,0.07142857142857142,0.6428571428571428,0.09681181222988919
34.0,crank_nicolson,0.07142857142857142,0.7142857142857142,0.0773864363534794
34.0,crank_nicolson,0.07142857142857142,0.7857142857142857,0.05703524508772382
34.0,crank_nicolson,0.07142857142857142,0.8571428571428571,0.03599440121043689
34.0,crank_nicolson,0.07142857142857142,0.9285714285714285,0.014282587636798008
34.0,crank_nicolson,0.07142857142857142,1.0,-0.03092123758512146
34.0,crank_nicolson,0.14285714285714285,0.0,-0.03092123758512146
34.0,crank_nicolson,0.14285714285714285,0.07142857142857142,0.035994401210436816
34.0,crank_nicolson,0.14285714285714285,0.14285714285714285,0.07918340896628816
34.0,crank_nicolson,0.14285714285714285,0.21428571428571427,0.12091013068203466
34.0,crank_nicolson,0.14285714285714285,0.2857142857142857,0.16153238822678145
34.0,crank_nicolson,0.14285714285714285,0.3571428571428571,0.2003699239061613
34.0,crank_nicolson,0.14285714285714285,0.42857142857142855,0.23273394429837216
34.0,crank_nicolson,0.14285714285714285,0.5,0.2472165215792112
34.0,crank_nicolson,0.14285714285714285,0.5714285714285714,0.23273394429837152
34.0,crank_nicolson,0.14285714285714285,0.6428571428571428,0.20036992390616123
34.0,crank_nicolson,0.14285714285714285,0.7142857142857142,0.16153238822678145
34.0,crank_nicolson,0.14285714285714285,0.7857142857142857,0.12091013068203468
34.0,crank_nicolson,0.14285714285714285,0.8571428571428571,0.07918340896628817
34.0,crank_nicolson,0.14285714285714285,0.9285714285714285,0.03599440121043687
34.0,crank_nicolson,0.14285714285714285,1.0,-0.03092123758512146
34.0,crank_nicolson,0.21428571428571427,0.0,-0.03092123758512146
34.0,crank_nicolson,0.21428571428571427,0.07142857142857142,0.057035245087723625
34.0,crank_nicolson,0.21428571428571427,0.14285714285714285,0.12091013068203454
34.0,crank_nicolson,0.21428571428571427,0.21428571428571427,0.18306291591355425
34.0,crank_nicolson,0.21428571428571427,0.2857142857142857,0.24389087839030857
34.0,crank_nicolson,0.21428571428571427,0.3571428571428571,0.30211286882400784
34.0,crank_nicolson,0.21428571428571427,0.42857142857142855,0.3506376778922802
34.0,crank_nicolson,0.21428571428571427,0.5,0.3723523440771527
34.0,crank_nicolson,0.21428571428571427,0.5714285714285714,0.35063767789227934
34.0,crank_nicolson,0.21428571428571427,0.6428571428571428,0.30211286882400784
34.0,crank_nicolson,0.21428571428571427,0.7142857142857142,0.2438908783903085
34.0,crank_nicolson,0.21428571428571427,0.7857142857142857,0.1830629159135542
34.0,crank_nicolson,0.21428571428571427,0.8571428571428571,0.12091013068203456
34.0,crank_nicolson,0.21428571428571427,0.9285714285714285,0.057035245087723695
34.0,crank_nicolson,0.21428571428571427,1.0,-0.03092123758512146
34.0,crank_nicolson,0.2857142857142857,0.0,-0.03092123758512146
34.0,crank_nicolson,0.2857142857142857,0.07142857142857142,0.07738643635347908
34.0,crank_nicolson,0.2857142857142857,0.14285714285714285,0.1615323882267816
34.0,crank_nicolson,0.2857142857142857,0.21428571428571427,0.24389087839030896
34.0,crank_nicolson,0.2857142857142857,0.2857142857142857,0.3247601448475507
34.0,crank_nicolson,0.2857142857142857,0.3571428571428571,0.40221710347305045
34.0,crank_nicolson,0.2857142857142857,0.42857142857142855,0.46677862839308076
34.0,crank_nicolson,0.2857142857142857,0.5,0.4956698446108317
34.0,crank_nicolson,0.2857142857142857,0.5714285714285714,0.46677862839308093
34.0,crank_nicolson,0.2857142857142857,0.6428571428571428,0.40221710347305045
34.0,crank_nicolson,0.2857142857142857,0.7142857142857142,0.32476014484755056
34.0,crank_nicolson,0.2857142857142857,0.7857142857142857,0.24389087839030893
34.0,crank_nicolson,0.2857142857142857,0.8571428571428571,0.16153238822678168
34.0,crank_nicolson,0.2857142857142857,0.9285714285714285,0.07738643635347912
34.0,crank_nicolson,0.2857142857142857,1.0,-0.03092123758512146
34.0,crank_nicolson,0.3571428571428571,0.0,-0.03092123758512146
34.0,crank_nicolson,0.3571428571428571,0.07142857142857142,0.09681181222988919
34.0,crank_nicolson,0.3571428571428571,0.14285714285714285,0.2003699239061613
34.0,crank_nicolson,0.3571428571428571,0.21428571428571427,0.3021128688240088
34.0,crank_nicolson,0.3571428571428571,0.2857142857142857,0.4022171034730527
34.0,crank_nicolson,0.3571428571428571,0.3571428571428571,0.4981359637220487
34.0,crank_nicolson,0.3571428571428571,0.42857142857142855,0.5780896153546502
34.0,crank_nicolson,0.3571428571428571,0.5,0.6138688792406801
34.0,crank_nicolson,0.3571428571428571,0.5714285714285714,0.5780896153546514
34.0,crank_nicolson,0.3571428571428571,0.6428571428571428,0.49813596372204866
34.0,crank_nicolson,0.3571428571428571,0.7142857142857142,0.40221710347305284
34.0,crank_nicolson,0.3571428571428571,0.7857142857142857,0.30211286882400895
34.0,crank_nicolson,0.3571428571428571,0.8571428571428571,0.20036992390616168
34.0,crank_nicolson,0.3571428571428571,0.9285714285714285,0.09681181222988917
34.0,crank_nicolson,0.3571428571428571,1.0,-0.03092123758512146
34.0,crank_nicolson,0.42857142857142855,0.0,-0.03092123758512146
34.0,crank_nicolson,0.42857142857142855,0.07142857142857142,0.11299550828845717
34.0,crank_nicolson,0.42857142857142855,0.14285714285714285,0.23273394429837213
34.0,crank_nicolson,0.42857142857142855,0.21428571428571427,0.3506376778922818
34.0,crank_nicolson,0.42857142857142855,0.2857142857142857,0.4667786283930821
34.0,crank_nicolson,0.42857142857142855,0.3571428571428571,0.5780896153546518
34.0,crank_nicolson,0.42857142857142855,0.42857142857142855,0.6708759491881874
34.0,crank_nicolson,0.42857142857142855,0.5,0.7123978039903041
34.0,crank_nicolson,0.42857142857142855,0.5714285714285714,0.6708759491881879
34.0,crank_nicolson,0.42857142857142855,0.6428571428571428,0.5780896153546519
34.0,crank_nicolson,0.42857142857142855,0.7142857142857142,0.4667786283930832
34.0,crank_nicolson,0.42857142857142855,0.7857142857142857,0.3506376778922824
34.0,crank_nicolson,0.42857142857142855,0.8571428571428571,0.23273394429837224
34.0,crank_nicolson,0.42857142857142855,0.9285714285714285,0.11299550828845677
34.0,crank_nicolson,0.42857142857142855,1.0,-0.03092123758512146
34.0,crank_nicolson,0.5,0.0,-0.03092123758512146
34.0,crank_nicolson,0.5,0.07142857142857142,0.12023737148203471
34.0,crank_nicolson,0.5,0.14285714285714285,0.24721652157921145
34.0,crank_nicolson,0.5,0.21428571428571427,0.3723523440771537
34.0,crank_nicolson,0.5,0.2857142857142857,0.49566984461083036
34.0,crank_nicolson,0.5,0.3571428571428571,0.61386887924068
34.0,crank_nicolson,0.5,0.42857142857142855,0.7123978039903075
34.0,crank_nicolson,0.5,0.5,0.7564893503707154
34.0,crank_nicolson,0.5,0.5714285714285714,0.7123978039903041
34.0,crank_nicolson,0.5,0.6428571428571428,0.6138688792406799
34.0,crank_nicolson,0.5,0.7142857142857142,0.4956698446108322
34.0,crank_nicolson,0.5,0.7857142857142857,0.3723523440771548
34.0,crank_nicolson,0.5,0.8571428571428571,0.24721652157921192
34.0,crank_nicolson,0.5,0.9285714285714285,0.12023737148203482
34.0,crank_nicolson,0.5,1.0,-0.03092123758512146
34.0,crank_nicolson,0.5714285714285714,0.0,-0.03092123758512146
34.0,crank_nicolson,0.5714285714285714,0.07142857142857142,0.11299550828845727
34.0,crank_nicolson,0.5714285714285714,0.14285714285714285,0.2327339442983724
34.0,crank_nicolson,0.5714285714285714,0.21428571428571427,0.3506376778922787
34.0,crank_nicolson,0.5714285714285714,0.2857142857142857,0.46677862839307843
34.0,crank_nicolson,0.5714285714285714,0.3571428571428571,0.5780896153546481
34.0,crank_nicolson,0.5714285714285714,0.42857142857142855,0.6708759491881885
34.0,crank_nicolson,0.5714285714285714,0.5,0.7123978039903059
34.0,crank_nicolson,0.5714285714285714,0.5714285714285714,0.6708759491881898
34.0,crank_nicolson,0.5714285714285714,0.6428571428571428,0.578089615354652
34.0,crank_nicolson,0.5714285714285714,0.7142857142857142,0.4667786283930812
34.0,crank_nicolson,0.5714285714285714,0.7857142857142857,0.35063767789228195
34.0,crank_nicolson,0.5714285714285714,0.8571428571428571,0.23273394429837413
34.0,crank_nicolson,0.5714285714285714,0.9285714285714285,0.11299550828845772
34.0,crank_nicolson,0.5714285714285714,1.0,-0.03092123758512146
34.0,crank_nicolson,0.6428571428571428,0.0,-0.03092123758512146
34.0,crank_nicolson,0.6428571428571428,0.07142857142857142,0.09681181222988897
34.0,crank_nicolson,0.6428571428571428,0.14285714285714285,0.20036992390616115
34.0,crank_nicolson,0.6428571428571428,0.21428571428571427,0.3021128688240074
34.0,crank_nicolson,0.6428571428571428,0.2857142857142857,0.40221710347304984
34.0,crank_nicolson,0.6428571428571428,0.3571428571428571,0.49813596372204677
34.0,crank_nicolson,0.6428571428571428,0.42857142857142855,0.5780896153546511
34.0,crank_nicolson,0.6428571428571428,0.5,0.6138688792406812
34.0,crank_nicolson,0.6428571428571428,0.5714285714285714,0.5780896153546523
34.0,crank_nicolson,0.6428571428571428,0.6428571428571428,0.498135963722051
34.0,crank_nicolson,0.6428571428571428,0.7142857142857142,0.402217103473052
34.0,crank_nicolson,0.6428571428571428,0.7857142857142857,0.3021128688240086
34.0,crank_nicolson,0.6428571428571428,0.8571428571428571,0.20036992390616226
34.0,crank_nicolson,0.6428571428571428,0.9285714285714285,0.09681181222988937
34.0,crank_nicolson,0.6428571428571428,1.0,-0.03092123758512146
34.0,crank_nicolson,0.7142857142857142,0.0,-0.03092123758512146
34.0,crank_nicolson,0.7142857142857142,0.07142857142857142,0.07738643635347933
34.0,crank_nicolson,0.7142857142857142,0.14285714285714285,0.16153238822678137
34.0,crank_nicolson,0.7142857142857142,0.21428571428571427,0.24389087839030832
34.0,crank_nicolson,0.7142857142857142,0.2857142857142857,0.3247601448475502
34.0,crank_nicolson,0.7142857142857142,0.3571428571428571,0.4022171034730505
34.0,crank_nicolson,0.7142857142857142,0.42857142857142855,0.4667786283930806
34.0,crank_nicolson,0.7142857142857142,0.5,0.49566984461083385
34.0,crank_nicolson,0.7142857142857142,0.5714285714285714,0.46677862839308343
34.0,crank_nicolson,0.7142857142857142,0.6428571428571428,0.4022171034730526
34.0,crank_nicolson,0.7142857142857142,0.7142857142857142,0.32476014484755095
34.0,crank_nicolson,0.7142857142857142,0.7857142857142857,0.24389087839030862
34.0,crank_nicolson,0.7142857142857142,0.8571428571428571,0.1615323882267818
34.0,crank_nicolson,0.7142857142857142,0.9285714285714285,0.07738643635347948
34.0,crank_nicolson,0.7142857142857142,1.0,-0.03092123758512146
34.0,crank_nicolson,0.7857142857142857,0.0,-0.03092123758512146
34.0,crank_nicolson,0.7857142857142857,0.07142857142857142,0.057035245087723806
34.0,crank_nicolson,0.7857142857142857,0.14285714285714285,0.12091013068203468
34.0,crank_nicolson,0.7857142857142857,0.21428571428571427,0.18306291591355417
34.0,crank_nicolson,0.7857142857142857,0.2857142857142857,0.24389087839030868
34.0,crank_nicolson,0.7857142857142857,0.3571428571428571,0.3021128688240077
34.0,crank_nicolson,0.7857142857142857,0.42857142857142855,0.35063767789228023
34.0,crank_nicolson,0.7857142857142857,0.5,0.37235234407715456
34.0,crank_nicolson,0.7857142857142857,0.5714285714285714,0.3506376778922812
34.0,crank_nicolson,0.7857142857142857,0.6428571428571428,0.30211286882400923
34.0,crank_nicolson,0.7857142857142857,0.7142857142857142,0.2438908783903091
34.0,crank_nicolson,0.7857142857142857,0.7857142857142857,0.18306291591355425
34.0,crank_nicolson,0.7857142857142857,0.8571428571428571,0.12091013068203477
34.0,crank_nicolson,0.7857142857142857,0.9285714285714285,0.057035245087723875
34.0,crank_nicolson,0.7857142857142857,1.0,-0.03092123758512146
34.0,crank_nicolson,0.8571428571428571,0.0,-0.03092123758512146
34.0,crank_nicolson,0.8571428571428571,0.07142857142857142,0.03599440121043689
34.0,crank_nicolson,0.8571428571428571,0.14285714285714285,0.07918340896628817
34.0,crank_nicolson,0.8571428571428571,0.21428571428571427,0.12091013068203453
34.0,crank_nicolson,0.8571428571428571,0.2857142857142857,0.16153238822678154
34.0,crank_nicolson,0.8571428571428571,0.3571428571428571,0.20036992390616137
34.0,crank_nicolson,0.8571428571428571,0.42857142857142855,0.23273394429837194
34.0,crank_nicolson,0.8571428571428571,0.5,0.2472165215792118
34.0,crank_nicolson,0.8571428571428571,0.5714285714285714,0.23273394429837416
34.0,crank_nicolson,0.8571428571428571,0.6428571428571428,0.20036992390616265
34.0,crank_nicolson,0.8571428571428571,0.7142857142857142,0.16153238822678195
34.0,crank_nicolson,0.8571428571428571,0.7857142857142857,0.12091013068203464
34.0,crank_nicolson,0.8571428571428571,0.8571428571428571,0.07918340896628824
34.0,crank_nicolson,0.8571428571428571,0.9285714285714285,0.035994401210436934
34.0,crank_nicolson,0.8571428571428571,1.0,-0.03092123758512146
34.0,crank_nicolson,0.9285714285714285,0.0,-0.03092123758512146
34.0,crank_nicolson,0.9285714285714285,0.07142857142857142,0.014282587636798004
34.0,crank_nicolson,0.9285714285714285,0.14285714285714285,0.03599440121043687
34.0,crank_nicolson,0.9285714285714285,0.21428571428571427,0.05703524508772365
34.0,crank_nicolson,0.9285714285714285,0.2857142857142857,0.07738643635347907
34.0,crank_nicolson,0.9285714285714285,0.3571428571428571,0.09681181222988904
34.0,crank_nicolson,0.9285714285714285,0.42857142857142855,0.11299550828845667
34.0,crank_nicolson,0.9285714285714285,0.5,0.1202373714820348
34.0,crank_nicolson,0.9285714285714285,0.5714285714285714,0.1129955082884578
34.0,crank_nicolson,0.9285714285714285,0.6428571428571428,0.09681181222988941
34.0,crank_nicolson,0.9285714285714285,0.7142857142857142,0.07738643635347926
34.0,crank_nicolson,0.9285714285714285,0.7857142857142857,0.057035245087723736
34.0,crank_nicolson,0.9285714285714285,0.8571428571428571,0.03599440121043689
34.0,crank_nicolson,0.9285714285714285,0.9285714285714285,0.014282587636798034
34.0,crank_nicolson,0.9285714285714285,1.0,-0.03092123758512146
34.0,crank_nicolson,1.0,0.0,-0.03092123758512146
34.0,crank_nicolson,1.0,0.07142857142857142,-0.03092123758512146
34.0,crank_nicolson,1.0,0.14285714285714285,-0.03092123758512146
34.0,crank_nicolson,1.0,0.21428571428571427,-0.03092123758512146
34.0,crank_nicolson,1.0,0.2857142857142857,-0.03092123758512146
34.0,crank_nicolson,1.0,0.3571428571428571,-0.03092123758512146
34.0,crank_nicolson,1.0,0.42857142857142855,-0.03092123758512146
34.0,crank_nicolson,1.0,0.5,-0.03092123758512146
34.0,crank_nicolson,1.0,0.5714285714285714,-0.03092123758512146
34.0,crank_nicolson,1.0,0.6428571428571428,-0.03092123758512146
34.0,crank_nicolson,1.0,0.7142857142857142,-0.03092123758512146
34.0,crank_nicolson,1.0,0.7857142857142857,-0.03092123758512146
34.0,crank_nicolson,1.0,0.8571428571428571,-0.03092123758512146
34.0,crank_nicolson,1.0,0.9285714285714285,-0.03092123758512146
34.0,crank_nicolson,1.0,1.0,-0.03092123758512146
35.0,crank_nicolson,0.0,0.0,0.033126343140356396
35.0,crank_nicolson,0.0,0.07142857142857142,0.033126343140356396
35.0,crank_nicolson,0.0,0.14285714285714285,0.033126343140356396
35.0,crank_nicolson,0.0,0.21428571428571427,0.033126343140356396
35.0,crank_nicolson,0.0,0.2857142857142857,0.033126343140356396
35.0,crank_nicolson,0.0,0.3571428571428571,0.033126343140356396
35.0,crank_nicolson,0.0,0.42857142857142855,0.033126343140356396
35.0,crank_nicolson,0.0,0.5,0.033126343140356396
35.0,crank_nicolson,0.0,0.5714285714285714,0.033126343140356396
35.0,crank_nicolson,0.0,0.6428571428571428,0.033126343140356396
35.0,crank_nicolson,0.0,0.7142857142857142,0.033126343140356396
35.0,crank_nicolson,0.0,0.7857142857142857,0.033126343140356396
35.0,crank_nicolson,0.0,0.8571428571428571,0.033126343140356396
35.0,crank_nicolson,0.0,0.9285714285714285,0.033126343140356396
35.0,crank_nicolson,0.0,1.0,0.033126343140356396
35.0,crank_nicolson,0.07142857142857142,0.0,0.033126343140356396
35.0,crank_nicolson,0.07142857142857142,0.07142857142857142,0.014926327110116315
35.0,crank_nicolson,0.07142857142857142,0.14285714285714285,0.0363082077233429
35.0,crank_nicolson,0.07142857142857142,0.21428571428571427,0.05734183486168489
35.0,crank_nicolson,0.07142857142857142,0.2857142857142857,0.07768847877845929
35.0,crank_nicolson,0.07142857142857142,0.3571428571428571,0.09708183117729757
35.0,crank_nicolson,0.07142857142857142,0.42857142857142855,0.11318775782201942
35.0,crank_nicolson,0.07142857142857142,0.5,0.12035472355887852
35.0,crank_nicolson,0.07142857142857142,0.5714285714285714,0.11318775782201923
35.0,crank_nicolson,0.07142857142857142,0.6428571428571428,0.09708183117729736
35.0,crank_nicolson,0.07142857142857142,0.7142857142857142,0.07768847877845929
35.0,crank_nicolson,0.07142857142857142,0.7857142857142857,0.05734183486168489
35.0,crank_nicolson,0.07142857142857142,0.8571428571428571,0.0363082077233429
35.0,crank_nicolson,0.07142857142857142,0.9285714285714285,0.014926327110116329
35.0,crank_nicolson,0.07142857142857142,1.0,0.033126343140356396
35.0,crank_nicolson,0.14285714285714285,0.0,0.033126343140356396
35.0,crank_nicolson,0.14285714285714285,0.07142857142857142,0.03630820772334284
35.0,crank_nicolson,0.14285714285714285,0.14285714285714285,0.07914812638994383
35.0,crank_nicolson,0.14285714285714285,0.21428571428571427,0.12087370873586475
35.0,crank_nicolson,0.14285714285714285,0.2857142857142857,0.16148542338416652
35.0,crank_nicolson,0.14285714285714285,0.3571428571428571,0.20025811030654594
35.0,crank_nicolson,0.14285714285714285,0.42857142857142855,0.2324663059074653
35.0,crank_nicolson,0.14285714285714285,0.5,0.2467990005693413
35.0,crank_nicolson,0.14285714285714285,0.5714285714285714,0.2324663059074647
35.0,crank_nicolson,0.14285714285714285,0.6428571428571428,0.20025811030654586
35.0,crank_nicolson,0.14285714285714285,0.7142857142857142,0.16148542338416652
35.0,crank_nicolson,0.14285714285714285,0.7857142857142857,0.12087370873586478
35.0,crank_nicolson,0.14285714285714285,0.8571428571428571,0.07914812638994384
35.0,crank_nicolson,0.14285714285714285,0.9285714285714285,0.036308207723342895
35.0,crank_nicolson,0.14285714285714285,1.0,0.033126343140356396
35.0,crank_nicolson,0.21428571428571427,0.0,0.033126343140356396
35.0,crank_nicolson,0.21428571428571427,0.07142857142857142,0.057341834861684704
35.0,crank_nicolson,0.21428571428571427,0.14285714285714285,0.12087370873586466
35.0,crank_nicolson,0.21428571428571427,0.21428571428571427,0.18302635790887586
35.0,crank_nicolson,0.21428571428571427,0.2857142857142857,0.2438340652650182
35.0,crank_nicolson,0.21428571428571427,0.3571428571428571,0.30195647528830555
35.0,crank_nicolson,0.21428571428571427,0.42857142857142855,0.3502462109132789
35.0,crank_nicolson,0.21428571428571427,0.5,0.3717355495559882
35.0,crank_nicolson,0.21428571428571427,0.5714285714285714,0.350246210913278
35.0,crank_nicolson,0.21428571428571427,0.6428571428571428,0.30195647528830544
35.0,crank_nicolson,0.21428571428571427,0.7142857142857142,0.24383406526501814
35.0,crank_nicolson,0.21428571428571427,0.7857142857142857,0.1830263579088758
35.0,crank_nicolson,0.21428571428571427,0.8571428571428571,0.12087370873586467
35.0,crank_nicolson,0.21428571428571427,0.9285714285714285,0.05734183486168476
35.0,crank_nicolson,0.21428571428571427,1.0,0.033126343140356396
35.0,crank_nicolson,0.2857142857142857,0.0,0.033126343140356396
35.0,crank_nicolson,0.2857142857142857,0.07142857142857142,0.07768847877845897
35.0,crank_nicolson,0.2857142857142857,0.14285714285714285,0.16148542338416666
35.0,crank_nicolson,0.2857142857142857,0.21428571428571427,0.2438340652650186
35.0,crank_nicolson,0.2857142857142857,0.2857142857142857,0.3246652818685518
35.0,crank_nicolson,0.2857142857142857,0.3571428571428571,0.40198113553187986
35.0,crank_nicolson,0.2857142857142857,0.42857142857142855,0.4662231963177855
35.0,crank_nicolson,0.2857142857142857,0.5,0.4948116666710546
35.0,crank_nicolson,0.2857142857142857,0.5714285714285714,0.4662231963177857
35.0,crank_nicolson,0.2857142857142857,0.6428571428571428,0.40198113553187986
35.0,crank_nicolson,0.2857142857142857,0.7142857142857142,0.32466528186855165
35.0,crank_nicolson,0.2857142857142857,0.7857142857142857,0.2438340652650186
35.0,crank_nicolson,0.2857142857142857,0.8571428571428571,0.16148542338416677
35.0,crank_nicolson,0.2857142857142857,0.9285714285714285,0.07768847877845901
35.0,crank_nicolson,0.2857142857142857,1.0,0.033126343140356396
35.0,crank_nicolson,0.3571428571428571,0.0,0.033126343140356396
35.0,crank_nicolson,0.3571428571428571,0.07142857142857142,0.09708183117729736
35.0,crank_nicolson,0.3571428571428571,0.14285714285714285,0.20025811030654594
35.0,crank_nicolson,0.3571428571428571,0.21428571428571427,0.30195647528830644
35.0,crank_nicolson,0.3571428571428571,0.2857142857142857,0.4019811355318821
35.0,crank_nicolson,0.3571428571428571,0.3571428571428571,0.49769577786460717
35.0,crank_nicolson,0.3571428571428571,0.42857142857142855,0.5772296564755222
35.0,crank_nicolson,0.3571428571428571,0.5,0.6126232755168186
35.0,crank_nicolson,0.3571428571428571,0.5714285714285714,0.5772296564755235
35.0,crank_nicolson,0.3571428571428571,0.6428571428571428,0.4976957778646071
35.0,crank_nicolson,0.3571428571428571,0.7142857142857142,0.4019811355318822
35.0,crank_nicolson,0.3571428571428571,0.7857142857142857,0.3019564752883066
35.0,crank_nicolson,0.3571428571428571,0.8571428571428571,0.2002581103065463
35.0,crank_nicolson,0.3571428571428571,0.9285714285714285,0.09708183117729734
35.0,crank_nicolson,0.3571428571428571,1.0,0.033126343140356396
35.0,crank_nicolson,0.42857142857142855,0.0,0.033126343140356396
35.0,crank_nicolson,0.42857142857142855,0.07142857142857142,0.1131877578220193
35.0,crank_nicolson,0.42857142857142855,0.14285714285714285,0.23246630590746528
35.0,crank_nicolson,0.42857142857142855,0.21428571428571427,0.3502462109132805
35.0,crank_nicolson,0.42857142857142855,0.2857142857142857,0.4662231963177868
35.0,crank_nicolson,0.42857142857142855,0.3571428571428571,0.5772296564755237
35.0,crank_nicolson,0.42857142857142855,0.42857142857142855,0.6694729522408444
35.0,crank_nicolson,0.42857142857142855,0.5,0.7105224124474386
35.0,crank_nicolson,0.42857142857142855,0.5714285714285714,0.6694729522408448
35.0,crank_nicolson,0.42857142857142855,0.6428571428571428,0.577229656475524
35.0,crank_nicolson,0.42857142857142855,0.7142857142857142,0.46622319631778786
35.0,crank_nicolson,0.42857142857142855,0.7857142857142857,0.350246210913281
35.0,crank_nicolson,0.42857142857142855,0.8571428571428571,0.2324663059074654
35.0,crank_nicolson,0.42857142857142855,0.9285714285714285,0.1131877578220189
35.0,crank_nicolson,0.42857142857142855,1.0,0.033126343140356396
35.0,crank_nicolson,0.5,0.0,0.033126343140356396
35.0,crank_nicolson,0.5,0.07142857142857142,0.12035472355887851
35.0,crank_nicolson,0.5,0.14285714285714285,0.24679900056934154
35.0,crank_nicolson,0.5,0.21428571428571427,0.3717355495559891
35.0,crank_nicolson,0.5,0.2857142857142857,0.49481166667105314
35.0,crank_nicolson,0.5,0.3571428571428571,0.6126232755168184
35.0,crank_nicolson,0.5,0.42857142857142855,0.7105224124474421
35.0,crank_nicolson,0.5,0.5,0.754088692818709
35.0,crank_nicolson,0.5,0.5714285714285714,0.7105224124474387
35.0,crank_nicolson,0.5,0.6428571428571428,0.6126232755168182
35.0,crank_nicolson,0.5,0.7142857142857142,0.49481166667105514
35.0,crank_nicolson,0.5,0.7857142857142857,0.3717355495559903
35.0,crank_nicolson,0.5,0.8571428571428571,0.246799000569342
35.0,crank_nicolson,0.5,0.9285714285714285,0.12035472355887865
35.0,crank_nicolson,0.5,1.0,0.033126343140356396
35.0,crank_nicolson,0.5714285714285714,0.0,0.033126343140356396
35.0,crank_nicolson,0.5714285714285714,0.07142857142857142,0.11318775782201944
35.0,crank_nicolson,0.5714285714285714,0.14285714285714285,0.2324663059074656
35.0,crank_nicolson,0.5714285714285714,0.21428571428571427,0.3502462109132774
35.0,crank_nicolson,0.5714285714285714,0.2857142857142857,0.4662231963177832
35.0,crank_nicolson,0.5714285714285714,0.3571428571428571,0.57722965647552
35.0,crank_nicolson,0.5714285714285714,0.42857142857142855,0.6694729522408454
35.0,crank_nicolson,0.5714285714285714,0.5,0.7105224124474404
35.0,crank_nicolson,0.5714285714285714,0.5714285714285714,0.6694729522408468
35.0,crank_nicolson,0.5714285714285714,0.6428571428571428,0.577229656475524
35.0,crank_nicolson,0.5714285714285714,0.7142857142857142,0.46622319631778597
35.0,crank_nicolson,0.5714285714285714,0.7857142857142857,0.35024621091328056
35.0,crank_nicolson,0.5714285714285714,0.8571428571428571,0.2324663059074673
35.0,crank_nicolson,0.5714285714285714,0.9285714285714285,0.11318775782201988
35.0,crank_nicolson,0.5714285714285714,1.0,0.033126343140356396
35.0,crank_nicolson,0.6428571428571428,0.0,0.033126343140356396
35.0,crank_nicolson,0.6428571428571428,0.07142857142857142,0.09708183117729718
35.0,crank_nicolson,0.6428571428571428,0.14285714285714285,0.2002581103065458
35.0,crank_nicolson,0.6428571428571428,0.21428571428571427,0.301956475288305
35.0,crank_nicolson,0.6428571428571428,0.2857142857142857,0.40198113553187914
35.0,crank_nicolson,0.6428571428571428,0.3571428571428571,0.4976957778646052
35.0,crank_nicolson,0.6428571428571428,0.42857142857142855,0.5772296564755234
35.0,crank_nicolson,0.6428571428571428,0.5,0.6126232755168198
35.0,crank_nicolson,0.6428571428571428,0.5714285714285714,0.5772296564755245
35.0,crank_nicolson,0.6428571428571428,0.6428571428571428,0.49769577786460956
35.0,crank_nicolson,0.6428571428571428,0.7142857142857142,0.4019811355318813
35.0,crank_nicolson,0.6428571428571428,0.7857142857142857,0.30195647528830627
35.0,crank_nicolson,0.6428571428571428,0.8571428571428571,0.200258110306547
35.0,crank_nicolson,0.6428571428571428,0.9285714285714285,0.09708183117729752
35.0,crank_nicolson,0.6428571428571428,1.0,0.033126343140356396
35.0,crank_nicolson,0.7142857142857142,0.0,0.033126343140356396
35.0,crank_nicolson,0.7142857142857142,0.07142857142857142,0.07768847877845923
35.0,crank_nicolson,0.7142857142857142,0.14285714285714285,0.16148542338416647
35.0,crank_nicolson,0.7142857142857142,0.21428571428571427,0.24383406526501797
35.0,crank_nicolson,0.7142857142857142,0.2857142857142857,0.3246652818685513
35.0,crank_nicolson,0.7142857142857142,0.3571428571428571,0.40198113553187975
35.0,crank_nicolson,0.7142857142857142,0.42857142857142855,0.46622319631778536
35.0,crank_nicolson,0.7142857142857142,0.5,0.49481166667105675
35.0,crank_nicolson,0.7142857142857142,0.5714285714285714,0.46622319631778825
35.0,crank_nicolson,0.7142857142857142,0.6428571428571428,0.4019811355318818
35.0,crank_nicolson,0.7142857142857142,0.7142857142857142,0.3246652818685521
35.0,crank_nicolson,0.7142857142857142,0.7857142857142857,0.24383406526501833
35.0,crank_nicolson,0.7142857142857142,0.8571428571428571,0.16148542338416685
35.0,crank_nicolson,0.7142857142857142,0.9285714285714285,0.07768847877845937
35.0,crank_nicolson,0.7142857142857142,1.0,0.033126343140356396
35.0,crank_nicolson,0.7857142857142857,0.0,0.033126343140356396
35.0,crank_nicolson,0.7857142857142857,0.07142857142857142,0.05734183486168488
35.0,crank_nicolson,0.7857142857142857,0.14285714285714285,0.12087370873586478
35.0,crank_nicolson,0.7857142857142857,0.21428571428571427,0.18302635790887575
35.0,crank_nicolson,0.7857142857142857,0.2857142857142857,0.24383406526501836
35.0,crank_nicolson,0.7857142857142857,0.3571428571428571,0.3019564752883053
35.0,crank_nicolson,0.7857142857142857,0.42857142857142855,0.35024621091327884
35.0,crank_nicolson,0.7857142857142857,0.5,0.37173554955599003
35.0,crank_nicolson,0.7857142857142857,0.5714285714285714,0.35024621091327995
35.0,crank_nicolson,0.7857142857142857,0.6428571428571428,0.3019564752883069
35.0,crank_nicolson,0.7857142857142857,0.7142857142857142,0.24383406526501877
35.0,crank_nicolson,0.7857142857142857,0.7857142857142857,0.1830263579088759
35.0,crank_nicolson,0.7857142857142857,0.8571428571428571,0.12087370873586485
35.0,crank_nicolson,0.7857142857142857,0.9285714285714285,0.05734183486168494
35.0,crank_nicolson,0.7857142857142857,1.0,0.033126343140356396
35.0,crank_nicolson,0.8571428571428571,0.0,0.033126343140356396
35.0,crank_nicolson,0.8571428571428571,0.07142857142857142,0.0363082077233429
35.0,crank_nicolson,0.8571428571428571,0.14285714285714285,0.07914812638994384
35.0,crank_nicolson,0.8571428571428571,0.21428571428571427,0.12087370873586464
35.0,crank_nicolson,0.8571428571428571,0.2857142857142857,0.1614854233841666
35.0,crank_nicolson,0.8571428571428571,0.3571428571428571,0.20025811030654597
35.0,crank_nicolson,0.8571428571428571,0.42857142857142855,0.23246630590746506
35.0,crank_nicolson,0.8571428571428571,0.5,0.2467990005693419
35.0,crank_nicolson,0.8571428571428571,0.5714285714285714,0.23246630590746734
35.0,crank_nicolson,0.8571428571428571,0.6428571428571428,0.20025811030654728
35.0,crank_nicolson,0.8571428571428571,0.7142857142857142,0.16148542338416702
35.0,crank_nicolson,0.8571428571428571,0.7857142857142857,0.12087370873586475
35.0,crank_nicolson,0.8571428571428571,0.8571428571428571,0.07914812638994394
35.0,crank_nicolson,0.8571428571428571,0.9285714285714285,0.03630820772334295
35.0,crank_nicolson,0.8571428571428571,1.0,0.033126343140356396
35.0,crank_nicolson,0.9285714285714285,0.0,0.033126343140356396
35.0,crank_nicolson,0.9285714285714285,0.07142857142857142,0.014926327110116325
35.0,crank_nicolson,0.9285714285714285,0.14285714285714285,0.036308207723342895
35.0,crank_nicolson,0.9285714285714285,0.21428571428571427,0.05734183486168472
35.0,crank_nicolson,0.9285714285714285,0.2857142857142857,0.07768847877845896
35.0,crank_nicolson,0.9285714285714285,0.3571428571428571,0.0970818311772972
35.0,crank_nicolson,0.9285714285714285,0.42857142857142855,0.11318775782201879
35.0,crank_nicolson,0.9285714285714285,0.5,0.12035472355887862
35.0,crank_nicolson,0.9285714285714285,0.5714285714285714,0.11318775782201994
35.0,crank_nicolson,0.9285714285714285,0.6428571428571428,0.0970818311772976
35.0,crank_nicolson,0.9285714285714285,0.7142857142857142,0.07768847877845918
35.0,crank_nicolson,0.9285714285714285,0.7857142857142857,0.05734183486168481
35.0,crank_nicolson,0.9285714285714285,0.8571428571428571,0.03630820772334291
35.0,crank_nicolson,0.9285714285714285,0.9285714285714285,0.01492632711011635
35.0,crank_nicolson,0.9285714285714285,1.0,0.033126343140356396
35.0,crank_nicolson,1.0,0.0,0.033126343140356396
35.0,crank_nicolson,1.0,0.07142857142857142,0.033126343140356396
35.0,crank_nicolson,1.0,0.14285714285714285,0.033126343140356396
35.0,crank_nicolson,1.0,0.21428571428571427,0.033126343140356396
35.0,crank_nicolson,1.0,0.2857142857142857,0.033126343140356396
35.0,crank_nicolson,1.0,0.3571428571428571,0.033126343140356396
35.0,crank_nicolson,1.0,0.42857142857142855,0.033126343140356396
35.0,crank_nicolson,1.0,0.5,0.033126343140356396
35.0,crank_nicolson,1.0,0.5714285714285714,0.033126343140356396
35.0,crank_nicolson,1.0,0.6428571428571428,0.033126343140356396
35.0,crank_nicolson,1.0,0.7142857142857142,0.033126343140356396
35.0,crank_nicolson,1.0,0.7857142857142857,0.033126343140356396
35.0,crank_nicolson,1.0,0.8571428571428571,0.033126343140356396
35.0,crank_nicolson,1.0,0.9285714285714285,0.033126343140356396
35.0,crank_nicolson,1.0,1.0,0.033126343140356396
36.0,crank_nicolson,0.0,0.0,-0.047917423784529
36.0,crank_nicolson,0.0,0.07142857142857142,-0.047917423784529
36.0,crank_nicolson,0.0,0.14285714285714285,-0.047917423784529
36.0,crank_nicolson,0.0,0.21428571428571427,-0.047917423784529
36.0,crank_nicolson,0.0,0.2857142857142857,-0.047917423784529
36.0,crank_nicolson,0.0,0.3571428571428571,-0.047917423784529
36.0,crank_nicolson,0.0,0.42857142857142855,-0.047917423784529
36.0,crank_nicolson,0.0,0.5,-0.047917423784529
36.0,crank_nicolson,0.0,0.5714285714285714,-0.047917423784529
36.0,crank_nicolson,0.0,0.6428571428571428,-0.047917423784529
36.0,crank_nicolson,0.0,0.7142857142857142,-0.047917423784529
36.0,crank_nicolson,0.0,0.7857142857142857,-0.047917423784529
36.0,crank_nicolson,0.0,0.8571428571428571,-0.047917423784529
36.0,crank_nicolson,0.0,0.9285714285714285,-0.047917423784529
36.0,crank_nicolson,0.0,1.0,-0.047917423784529
36.0,crank_nicolson,0.07142857142857142,0.0,-0.047917423784529
36.0,crank_nicolson,0.07142857142857142,0.07142857142857142,0.01587955260969558
36.0,crank_nicolson,0.07142857142857142,0.14285714285714285,0.03680247287026744
36.0,crank_nicolson,0.07142857142857142,0.21428571428571427,0.05780545886122491
36.0,crank_nicolson,0.07142857142857142,0.2857142857142857,0.07814153816284555
36.0,crank_nicolson,0.07142857142857142,0.3571428571428571,0.09747008366028645
36.0,crank_nicolson,0.07142857142857142,0.42857142857142855,0.11342246936243905
36.0,crank_nicolson,0.07142857142857142,0.5,0.12044549346963912
36.0,crank_nicolson,0.07142857142857142,0.5714285714285714,0.11342246936243885
36.0,crank_nicolson,0.07142857142857142,0.6428571428571428,0.09747008366028627
36.0,crank_nicolson,0.07142857142857142,0.7142857142857142,0.07814153816284554
36.0,crank_nicolson,0.07142857142857142,0.7857142857142857,0.05780545886122491
36.0,crank_nicolson,0.07142857142857142,0.8571428571428571,0.03680247287026744
36.0,crank_nicolson,0.07142857142857142,0.9285714285714285,0.015879552609695594
36.0,crank_nicolson,0.07142857142857142,1.0,-0.047917423784529
36.0,crank_nicolson,0.14285714285714285,0.0,-0.047917423784529
36.0,crank_nicolson,0.14285714285714285,0.07142857142857142,0.036802472870267375
36.0,crank_nicolson,0.14285714285714285,0.14285714285714285,0.07911479500578436
36.0,crank_nicolson,0.14285714285714285,0.21428571428571427,0.12081912293677557
36.0,crank_nicolson,0.14285714285714285,0.2857142857142857,0.16140755045732075
36.0,crank_nicolson,0.14285714285714285,0.3571428571428571,0.20004900830670194
36.0,crank_nicolson,0.14285714285714285,0.42857142857142855,0.23194951157710222
36.0,crank_nicolson,0.14285714285714285,0.5,0.24599413479020035
36.0,crank_nicolson,0.14285714285714285,0.5714285714285714,0.2319495115771017
36.0,crank_nicolson,0.14285714285714285,0.6428571428571428,0.20004900830670197
36.0,crank_nicolson,0.14285714285714285,0.7142857142857142,0.16140755045732075
36.0,crank_nicolson,0.14285714285714285,0.7857142857142857,0.1208191229367756
36.0,crank_nicolson,0.14285714285714285,0.8571428571428571,0.07911479500578436
36.0,crank_nicolson,0.14285714285714285,0.9285714285714285,0.03680247287026741
36.0,crank_nicolson,0.14285714285714285,1.0,-0.047917423784529
36.0,crank_nicolson,0.21428571428571427,0.0,-0.047917423784529
36.0,crank_nicolson,0.21428571428571427,0.07142857142857142,0.05780545886122471
36.0,crank_nicolson,0.21428571428571427,0.14285714285714285,0.12081912293677546
36.0,crank_nicolson,0.21428571428571427,0.21428571428571427,0.18295200459432628
36.0,crank_nicolson,0.21428571428571427,0.2857142857142857,0.24371622879653368
36.0,crank_nicolson,0.21428571428571427,0.3571428571428571,0.3016369769786313
36.0,crank_nicolson,0.21428571428571427,0.42857142857142855,0.3494623583265939
36.0,crank_nicolson,0.21428571428571427,0.5,0.37051853705180704
36.0,crank_nicolson,0.21428571428571427,0.5714285714285714,0.3494623583265929
36.0,crank_nicolson,0.21428571428571427,0.6428571428571428,0.3016369769786312
36.0,crank_nicolson,0.21428571428571427,0.7142857142857142,0.24371622879653357
36.0,crank_nicolson,0.21428571428571427,0.7857142857142857,0.18295200459432623
36.0,crank_nicolson,0.21428571428571427,0.8571428571428571,0.1208191229367755
36.0,crank_nicolson,0.21428571428571427,0.9285714285714285,0.057805458861224755
36.0,crank_nicolson,0.21428571428571427,1.0,-0.047917423784529
36.0,crank_nicolson,0.2857142857142857,0.0,-0.047917423784529
36.0,crank_nicolson,0.2857142857142857,0.07142857142857142,0.0781415381628452
36.0,crank_nicolson,0.2857142857142857,0.14285714285714285,0.16140755045732083
36.0,crank_nicolson,0.2857142857142857,0.21428571428571427,0.24371622879653415
36.0,crank_nicolson,0.2857142857142857,0.2857142857142857,0.3244670968856781
36.0,crank_nicolson,0.2857142857142857,0.3571428571428571,0.4014968865860368
36.0,crank_nicolson,0.2857142857142857,0.42857142857142855,0.46510743642854135
36.0,crank_nicolson,0.2857142857142857,0.5,0.49311366419779473
36.0,crank_nicolson,0.2857142857142857,0.5714285714285714,0.46510743642854174
36.0,crank_nicolson,0.2857142857142857,0.6428571428571428,0.40149688658603677
36.0,crank_nicolson,0.2857142857142857,0.7142857142857142,0.324467096885678
36.0,crank_nicolson,0.2857142857142857,0.7857142857142857,0.24371622879653415
36.0,crank_nicolson,0.2857142857142857,0.8571428571428571,0.16140755045732097
36.0,crank_nicolson,0.2857142857142857,0.9285714285714285,0.07814153816284523
36.0,crank_nicolson,0.2857142857142857,1.0,-0.047917423784529
36.0,crank_nicolson,0.3571428571428571,0.0,-0.047917423784529
36.0,crank_nicolson,0.3571428571428571,0.07142857142857142,0.09747008366028631
36.0,crank_nicolson,0.3571428571428571,0.14285714285714285,0.2000490083067021
36.0,crank_nicolson,0.3571428571428571,0.21428571428571427,0.3016369769786322
36.0,crank_nicolson,0.3571428571428571,0.2857142857142857,0.40149688658603916
36.0,crank_nicolson,0.3571428571428571,0.3571428571428571,0.49679802687297486
36.0,crank_nicolson,0.3571428571428571,0.42857142857142855,0.5755017689763406
36.0,crank_nicolson,0.3571428571428571,0.5,0.6101533355133926
36.0,crank_nicolson,0.3571428571428571,0.5714285714285714,0.5755017689763421
36.0,crank_nicolson,0.3571428571428571,0.6428571428571428,0.4967980268729751
36.0,crank_nicolson,0.3571428571428571,0.7142857142857142,0.4014968865860392
36.0,crank_nicolson,0.3571428571428571,0.7857142857142857,0.30163697697863234
36.0,crank_nicolson,0.3571428571428571,0.8571428571428571,0.20004900830670252
36.0,crank_nicolson,0.3571428571428571,0.9285714285714285,0.09747008366028626
36.0,crank_nicolson,0.3571428571428571,1.0,-0.047917423784529
36.0,crank_nicolson,0.42857142857142855,0.0,-0.047917423784529
36.0,crank_nicolson,0.42857142857142855,0.07142857142857142,0.11342246936243892
36.0,crank_nicolson,0.42857142857142855,0.14285714285714285,0.23194951157710225
36.0,crank_nicolson,0.42857142857142855,0.21428571428571427,0.3494623583265954
36.0,crank_nicolson,0.42857142857142855,0.2857142857142857,0.46510743642854274
36.0,crank_nicolson,0.42857142857142855,0.3571428571428571,0.5755017689763423
36.0,crank_nicolson,0.42857142857142855,0.42857142857142855,0.6666732670430608
36.0,crank_nicolson,0.42857142857142855,0.5,0.7068141424515129
36.0,crank_nicolson,0.42857142857142855,0.5714285714285714,0.6666732670430614
36.0,crank_nicolson,0.42857142857142855,0.6428571428571428,0.5755017689763422
36.0,crank_nicolson,0.42857142857142855,0.7142857142857142,0.465107436428544
36.0,crank_nicolson,0.42857142857142855,0.7857142857142857,0.349462358326596
36.0,crank_nicolson,0.42857142857142855,0.8571428571428571,0.2319495115771024
36.0,crank_nicolson,0.42857142857142855,0.9285714285714285,0.11342246936243852
36.0,crank_nicolson,0.42857142857142855,1.0,-0.047917423784529
36.0,crank_nicolson,0.5,0.0,-0.047917423784529
36.0,crank_nicolson,0.5,0.07142857142857142,0.1204454934696391
36.0,crank_nicolson,0.5,0.14285714285714285,0.2459941347902006
36.0,crank_nicolson,0.5,0.21428571428571427,0.3705185370518078
36.0,crank_nicolson,0.5,0.2857142857142857,0.4931136641977934
36.0,crank_nicolson,0.5,0.3571428571428571,0.6101533355133923
36.0,crank_nicolson,0.5,0.42857142857142855,0.7068141424515163
36.0,crank_nicolson,0.5,0.5,0.7493717684358647
36.0,crank_nicolson,0.5,0.5714285714285714,0.706814142451513
36.0,crank_nicolson,0.5,0.6428571428571428,0.6101533355133919
36.0,crank_nicolson,0.5,0.7142857142857142,0.4931136641977953
36.0,crank_nicolson,0.5,0.7857142857142857,0.37051853705180915
36.0,crank_nicolson,0.5,0.8571428571428571,0.24599413479020113
36.0,crank_nicolson,0.5,0.9285714285714285,0.12044549346963923
36.0,crank_nicolson,0.5,1.0,-0.047917423784529
36.0,crank_nicolson,0.5714285714285714,0.0,-0.047917423784529
36.0,crank_nicolson,0.5714285714285714,0.07142857142857142,0.11342246936243908
36.0,crank_nicolson,0.5714285714285714,0.14285714285714285,0.2319495115771026
36.0,crank_nicolson,0.5714285714285714,0.21428571428571427,0.3494623583265921
36.0,crank_nicolson,0.5714285714285714,0.2857142857142857,0.4651074364285392
36.0,crank_nicolson,0.5714285714285714,0.3571428571428571,0.5755017689763382
36.0,crank_nicolson,0.5714285714285714,0.42857142857142855,0.6666732670430622
36.0,crank_nicolson,0.5714285714285714,0.5,0.7068141424515147
36.0,crank_nicolson,0.5714285714285714,0.5714285714285714,0.6666732670430634
36.0,crank_nicolson,0.5714285714285714,0.6428571428571428,0.5755017689763421
36.0,crank_nicolson,0.5714285714285714,0.7142857142857142,0.4651074364285421
36.0,crank_nicolson,0.5714285714285714,0.7857142857142857,0.34946235832659533
36.0,crank_nicolson,0.5714285714285714,0.8571428571428571,0.2319495115771043
36.0,crank_nicolson,0.5714285714285714,0.9285714285714285,0.11342246936243953
36.0,crank_nicolson,0.5714285714285714,1.0,-0.047917423784529
36.0,crank_nicolson,0.6428571428571428,0.0,-0.047917423784529
36.0,crank_nicolson,0.6428571428571428,0.07142857142857142,0.0974700836602861
36.0,crank_nicolson,0.6428571428571428,0.14285714285714285,0.2000490083067019
36.0,crank_nicolson,0.6428571428571428,0.21428571428571427,0.3016369769786307
36.0,crank_nicolson,0.6428571428571428,0.2857142857142857,0.40149688658603594
36.0,crank_nicolson,0.6428571428571428,0.3571428571428571,0.49679802687297303
36.0,crank_nicolson,0.6428571428571428,0.42857142857142855,0.5755017689763413
36.0,crank_nicolson,0.6428571428571428,0.5,0.6101533355133935
36.0,crank_nicolson,0.6428571428571428,0.5714285714285714,0.5755017689763426
36.0,crank_nicolson,0.6428571428571428,0.6428571428571428,0.49679802687297736
36.0,crank_nicolson,0.6428571428571428,0.7142857142857142,0.4014968865860383
36.0,crank_nicolson,0.6428571428571428,0.7857142857142857,0.3016369769786322
36.0,crank_nicolson,0.6428571428571428,0.8571428571428571,0.20004900830670314
36.0,crank_nicolson,0.6428571428571428,0.9285714285714285,0.09747008366028641
36.0,crank_nicolson,0.6428571428571428,1.0,-0.047917423784529
36.0,crank_nicolson,0.7142857142857142,0.0,-0.047917423784529
36.0,crank_nicolson,0.7142857142857142,0.07142857142857142,0.0781415381628455
36.0,crank_nicolson,0.7142857142857142,0.14285714285714285,0.1614075504573207
36.0,crank_nicolson,0.7142857142857142,0.21428571428571427,0.2437162287965334
36.0,crank_nicolson,0.7142857142857142,0.2857142857142857,0.32446709688567754
36.0,crank_nicolson,0.7142857142857142,0.3571428571428571,0.4014968865860367
36.0,crank_nicolson,0.7142857142857142,0.42857142857142855,0.46510743642854135
36.0,crank_nicolson,0.7142857142857142,0.5,0.49311366419779684
36.0,crank_nicolson,0.7142857142857142,0.5714285714285714,0.46510743642854435
36.0,crank_nicolson,0.7142857142857142,0.6428571428571428,0.40149688658603877
36.0,crank_nicolson,0.7142857142857142,0.7142857142857142,0.3244670968856784
36.0,crank_nicolson,0.7142857142857142,0.7857142857142857,0.24371622879653382
36.0,crank_nicolson,0.7142857142857142,0.8571428571428571,0.16140755045732105
36.0,crank_nicolson,0.7142857142857142,0.9285714285714285,0.07814153816284564
36.0,crank_nicolson,0.7142857142857142,1.0,-0.047917423784529
36.0,crank_nicolson,0.7857142857142857,0.0,-0.047917423784529
36.0,crank_nicolson,0.7857142857142857,0.07142857142857142,0.057805458861224894
36.0,crank_nicolson,0.7857142857142857,0.14285714285714285,0.1208191229367756
36.0,crank_nicolson,0.7857142857142857,0.21428571428571427,0.18295200459432617
36.0,crank_nicolson,0.7857142857142857,0.2857142857142857,0.2437162287965338
36.0,crank_nicolson,0.7857142857142857,0.3571428571428571,0.3016369769786311
36.0,crank_nicolson,0.7857142857142857,0.42857142857142855,0.34946235832659367
36.0,crank_nicolson,0.7857142857142857,0.5,0.3705185370518088
36.0,crank_nicolson,0.7857142857142857,0.5714285714285714,0.3494623583265948
36.0,crank_nicolson,0.7857142857142857,0.6428571428571428,0.3016369769786327
36.0,crank_nicolson,0.7857142857142857,0.7142857142857142,0.24371622879653426
36.0,crank_nicolson,0.7857142857142857,0.7857142857142857,0.18295200459432634
36.0,crank_nicolson,0.7857142857142857,0.8571428571428571,0.12081912293677569
36.0,crank_nicolson,0.7857142857142857,0.9285714285714285,0.05780545886122495
36.0,crank_nicolson,0.7857142857142857,1.0,-0.047917423784529
36.0,crank_nicolson,0.8571428571428571,0.0,-0.047917423784529
36.0,crank_nicolson,0.8571428571428571,0.07142857142857142,0.03680247287026744
36.0,crank_nicolson,0.8571428571428571,0.14285714285714285,0.07911479500578435
36.0,crank_nicolson,0.8571428571428571,0.21428571428571427,0.12081912293677545
36.0,crank_nicolson,0.8571428571428571,0.2857142857142857,0.1614075504573208
36.0,crank_nicolson,0.8571428571428571,0.3571428571428571,0.2000490083067021
36.0,crank_nicolson,0.8571428571428571,0.42857142857142855,0.23194951157710203
36.0,crank_nicolson,0.8571428571428571,0.5,0.24599413479020102
36.0,crank_nicolson,0.8571428571428571,0.5714285714285714,0.23194951157710442
36.0,crank_nicolson,0.8571428571428571,0.6428571428571428,0.20004900830670336
36.0,crank_nicolson,0.8571428571428571,0.7142857142857142,0.16140755045732122
36.0,crank_nicolson,0.8571428571428571,0.7857142857142857,0.12081912293677559
36.0,crank_nicolson,0.8571428571428571,0.8571428571428571,0.07911479500578444
36.0,crank_nicolson,0.8571428571428571,0.9285714285714285,0.036802472870267486
36.0,crank_nicolson,0.8571428571428571,1.0,-0.047917423784529
36.0,crank_nicolson,0.9285714285714285,0.0,-0.047917423784529
36.0,crank_nicolson,0.9285714285714285,0.07142857142857142,0.01587955260969559
36.0,crank_nicolson,0.9285714285714285,0.14285714285714285,0.03680247287026741
36.0,crank_nicolson,0.9285714285714285,0.21428571428571427,0.057805458861224714
36.0,crank_nicolson,0.9285714285714285,0.2857142857142857,0.07814153816284516
36.0,crank_nicolson,0.9285714285714285,0.3571428571428571,0.09747008366028613
36.0,crank_nicolson,0.9285714285714285,0.42857142857142855,0.11342246936243841
36.0,crank_nicolson,0.9285714285714285,0.5,0.1204454934696392
36.0,crank_nicolson,0.9285714285714285,0.5714285714285714,0.1134224693624396
36.0,crank_nicolson,0.9285714285714285,0.6428571428571428,0.09747008366028653
36.0,crank_nicolson,0.9285714285714285,0.7142857142857142,0.07814153816284543
36.0,crank_nicolson,0.9285714285714285,0.7857142857142857,0.05780545886122482
36.0,crank_nicolson,0.9285714285714285,0.8571428571428571,0.03680247287026744
36.0,crank_nicolson,0.9285714285714285,0.9285714285714285,0.01587955260969561
36.0,crank_nicolson,0.9285714285714285,1.0,-0.047917423784529
36.0,crank_nicolson,1.0,0.0,-0.047917423784529
36.0,crank_nicolson,1.0,0.07142857142857142,-0.047917423784529
36.0,crank_nicolson,1.0,0.14285714285714285,-0.047917423784529
36.0,crank_nicolson,1.0,0.21428571428571427,-0.047917423784529
36.0,crank_nicolson,1.0,0.2857142857142857,-0.047917423784529
36.0,crank_nicolson,1.0,0.3571428571428571,-0.047917423784529
36.0,crank_nicolson,1.0,0.42857142857142855,-0.047917423784529
36.0,crank_nicolson,1.0,0.5,-0.047917423784529
36.0,crank_nicolson,1.0,0.5714285714285714,-0.047917423784529
36.0,crank_nicolson,1.0,0.6428571428571428,-0.047917423784529
36.0,crank_nicolson,1.0,0.7142857142857142,-0.047917423784529
36.0,crank_nicolson,1.0,0.7857142857142857,-0.047917423784529
36.0,crank_nicolson,1.0,0.8571428571428571,-0.047917423784529
36.0,crank_nicolson,1.0,0.9285714285714285,-0.047917423784529
36.0,crank_nicolson,1.0,1.0,-0.047917423784529
37.0,crank_nicolson,0.0,0.0,-0.11063349740060283
37.0,crank_nicolson,0.0,0.07142857142857142,-0.11063349740060283
37.0,crank_nicolson,0.0,0.14285714285714285,-0.11063349740060283
37.0,crank_nicolson,0.0,0.21428571428571427,-0.11063349740060283
37.0,crank_nicolson,0.0,0.2857142857142857,-0.11063349740060283
37.0,crank_nicolson,0.0,0.3571428571428571,-0.11063349740060283
37.0,crank_nicolson,0.0,0.42857142857142855,-0.11063349740060283
37.0,crank_nicolson,0.0,0.5,-0.11063349740060283
37.0,crank_nicolson,0.0,0.5714285714285714,-0.11063349740060283
37.0,crank_nicolson,0.0,0.6428571428571428,-0.11063349740060283
37.0,crank_nicolson,0.0,0.7142857142857142,-0.11063349740060283
37.0,crank_nicolson,0.0,0.7857142857142857,-0.11063349740060283
37.0,crank_nicolson,0.0,0.8571428571428571,-0.11063349740060283
37.0,crank_nicolson,0.0,0.9285714285714285,-0.11063349740060283
37.0,crank_nicolson,0.0,1.0,-0.11063349740060283
37.0,crank_nicolson,0.07142857142857142,0.0,-0.11063349740060283
37.0,crank_nicolson,0.07142857142857142,0.07142857142857142,0.014421445429733226
37.0,crank_nicolson,0.07142857142857142,0.14285714285714285,0.0360755672885115
37.0,crank_nicolson,0.07142857142857142,0.21428571428571427,0.05705663298509206
37.0,crank_nicolson,0.07142857142857142,0.2857142857142857,0.07738017367509353
37.0,crank_nicolson,0.07142857142857142,0.3571428571428571,0.09664295892413947
37.0,crank_nicolson,0.07142857142857142,0.42857142857142855,0.11244449405178493
37.0,crank_nicolson,0.07142857142857142,0.5,0.11933092462403383
37.0,crank_nicolson,0.07142857142857142,0.5714285714285714,0.1124444940517847
37.0,crank_nicolson,0.07142857142857142,0.6428571428571428,0.09664295892413931
37.0,crank_nicolson,0.07142857142857142,0.7142857142857142,0.07738017367509349
37.0,crank_nicolson,0.07142857142857142,0.7857142857142857,0.05705663298509206
37.0,crank_nicolson,0.07142857142857142,0.8571428571428571,0.0360755672885115
37.0,crank_nicolson,0.07142857142857142,0.9285714285714285,0.014421445429733237
37.0,crank_nicolson,0.07142857142857142,1.0,-0.11063349740060283
37.0,crank_nicolson,0.14285714285714285,0.0,-0.11063349740060283
37.0,crank_nicolson,0.14285714285714285,0.07142857142857142,0.03607556728851144
37.0,crank_nicolson,0.14285714285714285,0.14285714285714285,0.07907072458361206
37.0,crank_nicolson,0.14285714285714285,0.21428571428571427,0.12075888079410568
37.0,crank_nicolson,0.14285714285714285,0.2857142857142857,0.1613209870570777
37.0,crank_nicolson,0.14285714285714285,0.3571428571428571,0.19982930956903658
37.0,crank_nicolson,0.14285714285714285,0.42857142857142855,0.23142745025032077
37.0,crank_nicolson,0.14285714285714285,0.5,0.24519868078132528
37.0,crank_nicolson,0.14285714285714285,0.5714285714285714,0.23142745025032013
37.0,crank_nicolson,0.14285714285714285,0.6428571428571428,0.1998293095690366
37.0,crank_nicolson,0.14285714285714285,0.7142857142857142,0.16132098705707767
37.0,crank_nicolson,0.14285714285714285,0.7857142857142857,0.12075888079410571
37.0,crank_nicolson,0.14285714285714285,0.8571428571428571,0.07907072458361204
37.0,crank_nicolson,0.14285714285714285,0.9285714285714285,0.03607556728851146
37.0,crank_nicolson,0.14285714285714285,1.0,-0.11063349740060283
37.0,crank_nicolson,0.21428571428571427,0.0,-0.11063349740060283
37.0,crank_nicolson,0.21428571428571427,0.07142857142857142,0.057056632985091865
37.0,crank_nicolson,0.21428571428571427,0.14285714285714285,0.12075888079410556
37.0,crank_nicolson,0.21428571428571427,0.21428571428571427,0.1828762356531877
37.0,crank_nicolson,0.21428571428571427,0.2857142857142857,0.24359290039296758
37.0,crank_nicolson,0.21428571428571427,0.3571428571428571,0.30130887184691724
37.0,crank_nicolson,0.21428571428571427,0.42857142857142855,0.3486777033176672
37.0,crank_nicolson,0.21428571428571427,0.5,0.3693226798028278
37.0,crank_nicolson,0.21428571428571427,0.5714285714285714,0.3486777033176664
37.0,crank_nicolson,0.21428571428571427,0.6428571428571428,0.3013088718469171
37.0,crank_nicolson,0.21428571428571427,0.7142857142857142,0.24359290039296747
37.0,crank_nicolson,0.21428571428571427,0.7857142857142857,0.18287623565318764
37.0,crank_nicolson,0.21428571428571427,0.8571428571428571,0.12075888079410561
37.0,crank_nicolson,0.21428571428571427,0.9285714285714285,0.05705663298509191
37.0,crank_nicolson,0.21428571428571427,1.0,-0.11063349740060283
37.0,crank_nicolson,0.2857142857142857,0.0,-0.11063349740060283
37.0,crank_nicolson,0.2857142857142857,0.07142857142857142,0.07738017367509321
37.0,crank_nicolson,0.2857142857142857,0.14285714285714285,0.16132098705707779
37.0,crank_nicolson,0.2857142857142857,0.21428571428571427,0.24359290039296816
37.0,crank_nicolson,0.2857142857142857,0.2857142857142857,0.32425766949713947
37.0,crank_nicolson,0.2857142857142857,0.3571428571428571,0.4009965841169271
37.0,crank_nicolson,0.2857142857142857,0.42857142857142855,0.4639856411112922
37.0,crank_nicolson,0.2857142857142857,0.5,0.491438806299473
37.0,crank_nicolson,0.2857142857142857,0.5714285714285714,0.46398564111129253
37.0,crank_nicolson,0.2857142857142857,0.6428571428571428,0.400996584116927
37.0,crank_nicolson,0.2857142857142857,0.7142857142857142,0.32425766949713936
37.0,crank_nicolson,0.2857142857142857,0.7857142857142857,0.24359290039296816
37.0,crank_nicolson,0.2857142857142857,0.8571428571428571,0.16132098705707795
37.0,crank_nicolson,0.2857142857142857,0.9285714285714285,0.07738017367509326
37.0,crank_nicolson,0.2857142857142857,1.0,-0.11063349740060283
37.0,crank_nicolson,0.3571428571428571,0.0,-0.11063349740060283
37.0,crank_nicolson,0.3571428571428571,0.07142857142857142,0.09664295892413934
37.0,crank_nicolson,0.3571428571428571,0.14285714285714285,0.19982930956903688
37.0,crank_nicolson,0.3571428571428571,0.21428571428571427,0.3013088718469183
37.0,crank_nicolson,0.3571428571428571,0.2857142857142857,0.40099658411692923
37.0,crank_nicolson,0.3571428571428571,0.3571428571428571,0.49587797732630184
37.0,crank_nicolson,0.3571428571428571,0.42857142857142855,0.5737643496045063
37.0,crank_nicolson,0.3571428571428571,0.5,0.6077105812733476
37.0,crank_nicolson,0.3571428571428571,0.5714285714285714,0.5737643496045077
37.0,crank_nicolson,0.3571428571428571,0.6428571428571428,0.4958779773263018
37.0,crank_nicolson,0.3571428571428571,0.7142857142857142,0.4009965841169294
37.0,crank_nicolson,0.3571428571428571,0.7857142857142857,0.30130887184691846
37.0,crank_nicolson,0.3571428571428571,0.8571428571428571,0.19982930956903733
37.0,crank_nicolson,0.3571428571428571,0.9285714285714285,0.09664295892413924
37.0,crank_nicolson,0.3571428571428571,1.0,-0.11063349740060283
37.0,crank_nicolson,0.42857142857142855,0.0,-0.11063349740060283
37.0,crank_nicolson,0.42857142857142855,0.07142857142857142,0.11244449405178478
37.0,crank_nicolson,0.42857142857142855,0.14285714285714285,0.23142745025032077
37.0,crank_nicolson,0.42857142857142855,0.21428571428571427,0.34867770331766884
37.0,crank_nicolson,0.42857142857142855,0.2857142857142857,0.4639856411112936
37.0,crank_nicolson,0.42857142857142855,0.3571428571428571,0.5737643496045078
37.0,crank_nicolson,0.42857142857142855,0.42857142857142855,0.6638832526601759
37.0,crank_nicolson,0.42857142857142855,0.5,0.7031610137155893
37.0,crank_nicolson,0.42857142857142855,0.5714285714285714,0.6638832526601768
37.0,crank_nicolson,0.42857142857142855,0.6428571428571428,0.5737643496045078
37.0,crank_nicolson,0.42857142857142855,0.7142857142857142,0.46398564111129487
37.0,crank_nicolson,0.42857142857142855,0.7857142857142857,0.34867770331766956
37.0,crank_nicolson,0.42857142857142855,0.8571428571428571,0.2314274502503209
37.0,crank_nicolson,0.42857142857142855,0.9285714285714285,0.11244449405178439
37.0,crank_nicolson,0.42857142857142855,1.0,-0.11063349740060283
37.0,crank_nicolson,0.5,0.0,-0.11063349740060283
37.0,crank_nicolson,0.5,0.07142857142857142,0.11933092462403383
37.0,crank_nicolson,0.5,0.14285714285714285,0.2451986807813256
37.0,crank_nicolson,0.5,0.21428571428571427,0.36932267980282846
37.0,crank_nicolson,0.5,0.2857142857142857,0.4914388062994712
37.0,crank_nicolson,0.5,0.3571428571428571,0.6077105812733473
37.0,crank_nicolson,0.5,0.42857142857142855,0.7031610137155925
37.0,crank_nicolson,0.5,0.5,0.7447624389205465
37.0,crank_nicolson,0.5,0.5714285714285714,0.7031610137155891
37.0,crank_nicolson,0.5,0.6428571428571428,0.6077105812733469
37.0,crank_nicolson,0.5,0.7142857142857142,0.49143880629947334
37.0,crank_nicolson,0.5,0.7857142857142857,0.36932267980282985
37.0,crank_nicolson,0.5,0.8571428571428571,0.24519868078132612
37.0,crank_nicolson,0.5,0.9285714285714285,0.11933092462403393
37.0,crank_nicolson,0.5,1.0,-0.11063349740060283
37.0,crank_nicolson,0.5714285714285714,0.0,-0.11063349740060283
37.0,crank_nicolson,0.5714285714285714,0.07142857142857142,0.11244449405178494
37.0,crank_nicolson,0.5714285714285714,0.14285714285714285,0.2314274502503212
37.0,crank_nicolson,0.5714285714285714,0.21428571428571427,0.34867770331766557
37.0,crank_nicolson,0.5714285714285714,0.2857142857142857,0.4639856411112901
37.0,crank_nicolson,0.5714285714285714,0.3571428571428571,0.5737643496045038
37.0,crank_nicolson,0.5714285714285714,0.42857142857142855,0.6638832526601772
37.0,crank_nicolson,0.5714285714285714,0.5,0.703161013715591
37.0,crank_nicolson,0.5714285714285714,0.5714285714285714,0.6638832526601788
37.0,crank_nicolson,0.5714285714285714,0.6428571428571428,0.5737643496045078
37.0,crank_nicolson,0.5714285714285714,0.7142857142857142,0.4639856411112929
37.0,crank_nicolson,0.5714285714285714,0.7857142857142857,0.34867770331766906
37.0,crank_nicolson,0.5714285714285714,0.8571428571428571,0.2314274502503229
37.0,crank_nicolson,0.5714285714285714,0.9285714285714285,0.11244449405178539
37.0,crank_nicolson,0.5714285714285714,1.0,-0.11063349740060283
37.0,crank_nicolson,0.6428571428571428,0.0,-0.11063349740060283
37.0,crank_nicolson,0.6428571428571428,0.07142857142857142,0.09664295892413914
37.0,crank_nicolson,0.6428571428571428,0.14285714285714285,0.19982930956903652
37.0,crank_nicolson,0.6428571428571428,0.21428571428571427,0.3013088718469167
37.0,crank_nicolson,0.6428571428571428,0.2857142857142857,0.4009965841169262
37.0,crank_nicolson,0.6428571428571428,0.3571428571428571,0.4958779773262999
37.0,crank_nicolson,0.6428571428571428,0.42857142857142855,0.5737643496045068
37.0,crank_nicolson,0.6428571428571428,0.5,0.6077105812733485
37.0,crank_nicolson,0.6428571428571428,0.5714285714285714,0.5737643496045086
37.0,crank_nicolson,0.6428571428571428,0.6428571428571428,0.4958779773263041
37.0,crank_nicolson,0.6428571428571428,0.7142857142857142,0.40099658411692846
37.0,crank_nicolson,0.6428571428571428,0.7857142857142857,0.3013088718469181
37.0,crank_nicolson,0.6428571428571428,0.8571428571428571,0.19982930956903786
37.0,crank_nicolson,0.6428571428571428,0.9285714285714285,0.09664295892413943
37.0,crank_nicolson,0.6428571428571428,1.0,-0.11063349740060283
37.0,crank_nicolson,0.7142857142857142,0.0,-0.11063349740060283
37.0,crank_nicolson,0.7142857142857142,0.07142857142857142,0.07738017367509345
37.0,crank_nicolson,0.7142857142857142,0.14285714285714285,0.16132098705707762
37.0,crank_nicolson,0.7142857142857142,0.21428571428571427,0.24359290039296727
37.0,crank_nicolson,0.7142857142857142,0.2857142857142857,0.32425766949713886
37.0,crank_nicolson,0.7142857142857142,0.3571428571428571,0.40099658411692674
37.0,crank_nicolson,0.7142857142857142,0.42857142857142855,0.46398564111129204
37.0,crank_nicolson,0.7142857142857142,0.5,0.4914388062994749
37.0,crank_nicolson,0.7142857142857142,0.5714285714285714,0.4639856411112953
37.0,crank_nicolson,0.7142857142857142,0.6428571428571428,0.400996584116929
37.0,crank_nicolson,0.7142857142857142,0.7142857142857142,0.3242576694971397
37.0,crank_nicolson,0.7142857142857142,0.7857142857142857,0.2435929003929678
37.0,crank_nicolson,0.7142857142857142,0.8571428571428571,0.16132098705707804
37.0,crank_nicolson,0.7142857142857142,0.9285714285714285,0.07738017367509362
37.0,crank_nicolson,0.7142857142857142,1.0,-0.11063349740060283
37.0,crank_nicolson,0.7857142857142857,0.0,-0.11063349740060283
37.0,crank_nicolson,0.7857142857142857,0.07142857142857142,0.05705663298509205
37.0,crank_nicolson,0.7857142857142857,0.14285714285714285,0.12075888079410571
37.0,crank_nicolson,0.7857142857142857,0.21428571428571427,0.1828762356531876
37.0,crank_nicolson,0.7857142857142857,0.2857142857142857,0.24359290039296774
37.0,crank_nicolson,0.7857142857142857,0.3571428571428571,0.3013088718469173
37.0,crank_nicolson,0.7857142857142857,0.42857142857142855,0.3486777033176671
37.0,crank_nicolson,0.7857142857142857,0.5,0.36932267980282946
37.0,crank_nicolson,0.7857142857142857,0.5714285714285714,0.34867770331766834
37.0,crank_nicolson,0.7857142857142857,0.6428571428571428,0.30130887184691874
37.0,crank_nicolson,0.7857142857142857,0.7142857142857142,0.24359290039296824
37.0,crank_nicolson,0.7857142857142857,0.7857142857142857,0.18287623565318775
37.0,crank_nicolson,0.7857142857142857,0.8571428571428571,0.12075888079410581
37.0,crank_nicolson,0.7857142857142857,0.9285714285714285,0.057056632985092115
37.0,crank_nicolson,0.7857142857142857,1.0,-0.11063349740060283
37.0,crank_nicolson,0.8571428571428571,0.0,-0.11063349740060283
37.0,crank_nicolson,0.8571428571428571,0.07142857142857142,0.036075567288511495
37.0,crank_nicolson,0.8571428571428571,0.14285714285714285,0.07907072458361203
37.0,crank_nicolson,0.8571428571428571,0.21428571428571427,0.12075888079410554
37.0,crank_nicolson,0.8571428571428571,0.2857142857142857,0.16132098705707779
37.0,crank_nicolson,0.8571428571428571,0.3571428571428571,0.1998293095690369
37.0,crank_nicolson,0.8571428571428571,0.42857142857142855,0.23142745025032055
37.0,crank_nicolson,0.8571428571428571,0.5,0.24519868078132598
37.0,crank_nicolson,0.8571428571428571,0.5714285714285714,0.2314274502503231
37.0,crank_nicolson,0.8571428571428571,0.6428571428571428,0.19982930956903813
37.0,crank_nicolson,0.8571428571428571,0.7142857142857142,0.16132098705707817
37.0,crank_nicolson,0.8571428571428571,0.7857142857142857,0.1207588807941057
37.0,crank_nicolson,0.8571428571428571,0.8571428571428571,0.07907072458361211
37.0,crank_nicolson,0.8571428571428571,0.9285714285714285,0.03607556728851155
37.0,crank_nicolson,0.8571428571428571,1.0,-0.11063349740060283
37.0,crank_nicolson,0.9285714285714285,0.0,-0.11063349740060283
37.0,crank_nicolson,0.9285714285714285,0.07142857142857142,0.014421445429733233
37.0,crank_nicolson,0.9285714285714285,0.14285714285714285,0.03607556728851146
37.0,crank_nicolson,0.9285714285714285,0.21428571428571427,0.057056632985091865
37.0,crank_nicolson,0.9285714285714285,0.2857142857142857,0.07738017367509317
37.0,crank_nicolson,0.9285714285714285,0.3571428571428571,0.09664295892413916
37.0,crank_nicolson,0.9285714285714285,0.42857142857142855,0.11244449405178428
37.0,crank_nicolson,0.9285714285714285,0.5,0.1193309246240339
37.0,crank_nicolson,0.9285714285714285,0.5714285714285714,0.11244449405178544
37.0,crank_nicolson,0.9285714285714285,0.6428571428571428,0.09664295892413956
37.0,crank_nicolson,0.9285714285714285,0.7142857142857142,0.07738017367509341
37.0,crank_nicolson,0.9285714285714285,0.7857142857142857,0.05705663298509198
37.0,crank_nicolson,0.9285714285714285,0.8571428571428571,0.03607556728851149
37.0,crank_nicolson,0.9285714285714285,0.9285714285714285,0.014421445429733252
37.0,crank_nicolson,0.9285714285714285,1.0,-0.11063349740060283
37.0,crank_nicolson,1.0,0.0,-0.11063349740060283
37.0,crank_nicolson,1.0,0.07142857142857142,-0.11063349740060283
37.0,crank_nicolson,1.0,0.14285714285714285,-0.11063349740060283
37.0,crank_nicolson,1.0,0.21428571428571427,-0.11063349740060283
37.0,crank_nicolson,1.0,0.2857142857142857,-0.11063349740060283
37.0,crank_nicolson,1.0,0.3571428571428571,-0.11063349740060283
37.0,crank_nicolson,1.0,0.42857142857142855,-0.11063349740060283
37.0,crank_nicolson,1.0,0.5,-0.11063349740060283
37.0,crank_nicolson,1.0,0.5714285714285714,-0.11063349740060283
37.0,crank_nicolson,1.0,0.6428571428571428,-0.11063349740060283
37.0,crank_nicolson,1.0,0.7142857142857142,-0.11063349740060283
37.0,crank_nicolson,1.0,0.7857142857142857,-0.11063349740060283
37.0,crank_nicolson,1.0,0.8571428571428571,-0.11063349740060283
37.0,crank_nicolson,1.0,0.9285714285714285,-0.11063349740060283
37.0,crank_nicolson,1.0,1.0,-0.11063349740060283
38.0,crank_nicolson,0.0,0.0,-0.11962066240806708
38.0,crank_nicolson,0.0,0.07142857142857142,-0.11962066240806708
38.0,crank_nicolson,0.0,0.14285714285714285,-0.11962066240806708
38.0,crank_nicolson,0.0,0.21428571428571427,-0.11962066240806708
38.0,crank_nicolson,0.0,0.2857142857142857,-0.11962066240806708
38.0,crank_nicolson,0.0,0.3571428571428571,-0.11962066240806708
38.0,crank_nicolson,0.0,0.42857142857142855,-0.11962066240806708
38.0,crank_nicolson,0.0,0.5,-0.11962066240806708
38.0,crank_nicolson,0.0,0.5714285714285714,-0.11962066240806708
38.0,crank_nicolson,0.0,0.6428571428571428,-0.11962066240806708
38.0,crank_nicolson,0.0,0.7142857142857142,-0.11962066240806708
38.0,crank_nicolson,0.0,0.7857142857142857,-0.11962066240806708
38.0,crank_nicolson,0.0,0.8571428571428571,-0.11962066240806708
38.0,crank_nicolson,0.0,0.9285714285714285,-0.11962066240806708
38.0,crank_nicolson,0.0,1.0,-0.11962066240806708
38.0,crank_nicolson,0.07142857142857142,0.0,-0.11962066240806708
38.0,crank_nicolson,0.07142857142857142,0.07142857142857142,0.013010191989532684
38.0,crank_nicolson,0.07142857142857142,0.14285714285714285,0.03534709871561054
38.0,crank_nicolson,0.07142857142857142,0.21428571428571427,0.0563292458573159
38.0,crank_nicolson,0.07142857142857142,0.2857142857142857,0.07664597132164123
38.0,crank_nicolson,0.07142857142857142,0.3571428571428571,0.09587554277012765
38.0,crank_nicolson,0.07142857142857142,0.42857142857142855,0.11160266817108
38.0,crank_nicolson,0.07142857142857142,0.5,0.11842339679338867
38.0,crank_nicolson,0.07142857142857142,0.5714285714285714,0.11160266817107975
38.0,crank_nicolson,0.07142857142857142,0.6428571428571428,0.0958755427701275
38.0,crank_nicolson,0.07142857142857142,0.7142857142857142,0.0766459713216412
38.0,crank_nicolson,0.07142857142857142,0.7857142857142857,0.05632924585731589
38.0,crank_nicolson,0.07142857142857142,0.8571428571428571,0.03534709871561054
38.0,crank_nicolson,0.07142857142857142,0.9285714285714285,0.013010191989532691
38.0,crank_nicolson,0.07142857142857142,1.0,-0.11962066240806708
38.0,crank_nicolson,0.14285714285714285,0.0,-0.11962066240806708
38.0,crank_nicolson,0.14285714285714285,0.07142857142857142,0.035347098715610495
38.0,crank_nicolson,0.14285714285714285,0.14285714285714285,0.07902561642915451
38.0,crank_nicolson,0.14285714285714285,0.21428571428571427,0.12071696877259967
38.0,crank_nicolson,0.14285714285714285,0.2857142857142857,0.16126495052675885
38.0,crank_nicolson,0.14285714285714285,0.3571428571428571,0.19970604126410452
38.0,crank_nicolson,0.14285714285714285,0.42857142857142855,0.23115501287176868
38.0,crank_nicolson,0.14285714285714285,0.5,0.2447947300399868
38.0,crank_nicolson,0.14285714285714285,0.5714285714285714,0.23115501287176804
38.0,crank_nicolson,0.14285714285714285,0.6428571428571428,0.19970604126410452
38.0,crank_nicolson,0.14285714285714285,0.7142857142857142,0.16126495052675882
38.0,crank_nicolson,0.14285714285714285,0.7857142857142857,0.1207169687725997
38.0,crank_nicolson,0.14285714285714285,0.8571428571428571,0.0790256164291545
38.0,crank_nicolson,0.14285714285714285,0.9285714285714285,0.03534709871561051
38.0,crank_nicolson,0.14285714285714285,1.0,-0.11962066240806708
38.0,crank_nicolson,0.21428571428571427,0.0,-0.11962066240806708
38.0,crank_nicolson,0.21428571428571427,0.07142857142857142,0.056329245857315705
38.0,crank_nicolson,0.21428571428571427,0.14285714285714285,0.12071696877259956
38.0,crank_nicolson,0.21428571428571427,0.21428571428571427,0.1828374878146568
38.0,crank_nicolson,0.21428571428571427,0.2857142857142857,0.24352901282209855
38.0,crank_nicolson,0.21428571428571427,0.3571428571428571,0.30114150899148023
38.0,crank_nicolson,0.21428571428571427,0.42857142857142855,0.348285013073461
38.0,crank_nicolson,0.21428571428571427,0.5,0.3687321403572278
38.0,crank_nicolson,0.21428571428571427,0.5714285714285714,0.3482850130734603
38.0,crank_nicolson,0.21428571428571427,0.6428571428571428,0.3011415089914801
38.0,crank_nicolson,0.21428571428571427,0.7142857142857142,0.2435290128220984
38.0,crank_nicolson,0.21428571428571427,0.7857142857142857,0.18283748781465675
38.0,crank_nicolson,0.21428571428571427,0.8571428571428571,0.1207169687725996
38.0,crank_nicolson,0.21428571428571427,0.9285714285714285,0.056329245857315746
38.0,crank_nicolson,0.21428571428571427,1.0,-0.11962066240806708
38.0,crank_nicolson,0.2857142857142857,0.0,-0.11962066240806708
38.0,crank_nicolson,0.2857142857142857,0.07142857142857142,0.0766459713216409
38.0,crank_nicolson,0.2857142857142857,0.14285714285714285,0.1612649505267589
38.0,crank_nicolson,0.2857142857142857,0.21428571428571427,0.24352901282209913
38.0,crank_nicolson,0.2857142857142857,0.2857142857142857,0.32414875533340376
38.0,crank_nicolson,0.2857142857142857,0.3571428571428571,0.4007405490991557
38.0,crank_nicolson,0.2857142857142857,0.42857142857142855,0.4634226521077681
38.0,crank_nicolson,0.2857142857142857,0.5,0.4906095880513654
38.0,crank_nicolson,0.2857142857142857,0.5714285714285714,0.46342265210776845
38.0,crank_nicolson,0.2857142857142857,0.6428571428571428,0.4007405490991556
38.0,crank_nicolson,0.2857142857142857,0.7142857142857142,0.3241487553334036
38.0,crank_nicolson,0.2857142857142857,0.7857142857142857,0.2435290128220991
38.0,crank_nicolson,0.2857142857142857,0.8571428571428571,0.16126495052675907
38.0,crank_nicolson,0.2857142857142857,0.9285714285714285,0.07664597132164094
38.0,crank_nicolson,0.2857142857142857,1.0,-0.11962066240806708
38.0,crank_nicolson,0.3571428571428571,0.0,-0.11962066240806708
38.0,crank_nicolson,0.3571428571428571,0.07142857142857142,0.09587554277012754
38.0,crank_nicolson,0.3571428571428571,0.14285714285714285,0.19970604126410485
38.0,crank_nicolson,0.3571428571428571,0.21428571428571427,0.3011415089914813
38.0,crank_nicolson,0.3571428571428571,0.2857142857142857,0.40074054909915774
38.0,crank_nicolson,0.3571428571428571,0.3571428571428571,0.49540991356405534
38.0,crank_nicolson,0.3571428571428571,0.42857142857142855,0.5728924539523275
38.0,crank_nicolson,0.3571428571428571,0.5,0.6064989894090492
38.0,crank_nicolson,0.3571428571428571,0.5714285714285714,0.572892453952329
38.0,crank_nicolson,0.3571428571428571,0.6428571428571428,0.4954099135640555
38.0,crank_nicolson,0.3571428571428571,0.7142857142857142,0.4007405490991579
38.0,crank_nicolson,0.3571428571428571,0.7857142857142857,0.3011415089914814
38.0,crank_nicolson,0.3571428571428571,0.8571428571428571,0.19970604126410524
38.0,crank_nicolson,0.3571428571428571,0.9285714285714285,0.09587554277012741
38.0,crank_nicolson,0.3571428571428571,1.0,-0.11962066240806708
38.0,crank_nicolson,0.42857142857142855,0.0,-0.11962066240806708
38.0,crank_nicolson,0.42857142857142855,0.07142857142857142,0.11160266817107983
38.0,crank_nicolson,0.42857142857142855,0.14285714285714285,0.2311550128717687
38.0,crank_nicolson,0.42857142857142855,0.21428571428571427,0.3482850130734628
38.0,crank_nicolson,0.42857142857142855,0.2857142857142857,0.46342265210776956
38.0,crank_nicolson,0.42857142857142855,0.3571428571428571,0.5728924539523289
38.0,crank_nicolson,0.42857142857142855,0.42857142857142855,0.6624923003000769
38.0,crank_nicolson,0.42857142857142855,0.5,0.7013545683516327
38.0,crank_nicolson,0.42857142857142855,0.5714285714285714,0.6624923003000778
38.0,crank_nicolson,0.42857142857142855,0.6428571428571428,0.5728924539523292
38.0,crank_nicolson,0.42857142857142855,0.7142857142857142,0.4634226521077707
38.0,crank_nicolson,0.42857142857142855,0.7857142857142857,0.3482850130734636
38.0,crank_nicolson,0.42857142857142855,0.8571428571428571,0.23115501287176882
38.0,crank_nicolson,0.42857142857142855,0.9285714285714285,0.11160266817107943
38.0,crank_nicolson,0.42857142857142855,1.0,-0.11962066240806708
38.0,crank_nicolson,0.5,0.0,-0.11962066240806708
38.0,crank_nicolson,0.5,0.07142857142857142,0.11842339679338867
38.0,crank_nicolson,0.5,0.14285714285714285,0.24479473003998717
38.0,crank_nicolson,0.5,0.21428571428571427,0.3687321403572287
38.0,crank_nicolson,0.5,0.2857142857142857,0.49060958805136334
38.0,crank_nicolson,0.5,0.3571428571428571,0.606498989409049
38.0,crank_nicolson,0.5,0.42857142857142855,0.7013545683516359
38.0,crank_nicolson,0.5,0.5,0.742496375823125
38.0,crank_nicolson,0.5,0.5714285714285714,0.7013545683516325
38.0,crank_nicolson,0.5,0.6428571428571428,0.6064989894090485
38.0,crank_nicolson,0.5,0.7142857142857142,0.4906095880513655
38.0,crank_nicolson,0.5,0.7857142857142857,0.36873214035723006
38.0,crank_nicolson,0.5,0.8571428571428571,0.2447947300399877
38.0,crank_nicolson,0.5,0.9285714285714285,0.11842339679338877
38.0,crank_nicolson,0.5,1.0,-0.11962066240806708
38.0,crank_nicolson,0.5714285714285714,0.0,-0.11962066240806708
38.0,crank_nicolson,0.5714285714285714,0.07142857142857142,0.11160266817107999
38.0,crank_nicolson,0.5714285714285714,0.14285714285714285,0.2311550128717691
38.0,crank_nicolson,0.5714285714285714,0.21428571428571427,0.3482850130734596
38.0,crank_nicolson,0.5714285714285714,0.2857142857142857,0.463422652107766
38.0,crank_nicolson,0.5714285714285714,0.3571428571428571,0.5728924539523251
38.0,crank_nicolson,0.5714285714285714,0.42857142857142855,0.662492300300078
38.0,crank_nicolson,0.5714285714285714,0.5,0.7013545683516343
38.0,crank_nicolson,0.5714285714285714,0.5714285714285714,0.6624923003000798
38.0,crank_nicolson,0.5714285714285714,0.6428571428571428,0.5728924539523291
38.0,crank_nicolson,0.5714285714285714,0.7142857142857142,0.46342265210776884
38.0,crank_nicolson,0.5714285714285714,0.7857142857142857,0.34828501307346305
38.0,crank_nicolson,0.5714285714285714,0.8571428571428571,0.23115501287177082
38.0,crank_nicolson,0.5714285714285714,0.9285714285714285,0.11160266817108044
38.0,crank_nicolson,0.5714285714285714,1.0,-0.11962066240806708
38.0,crank_nicolson,0.6428571428571428,0.0,-0.11962066240806708
38.0,crank_nicolson,0.6428571428571428,0.07142857142857142,0.09587554277012732
38.0,crank_nicolson,0.6428571428571428,0.14285714285714285,0.19970604126410443
38.0,crank_nicolson,0.6428571428571428,0.21428571428571427,0.3011415089914797
38.0,crank_nicolson,0.6428571428571428,0.2857142857142857,0.4007405490991547
38.0,crank_nicolson,0.6428571428571428,0.3571428571428571,0.4954099135640535
38.0,crank_nicolson,0.6428571428571428,0.42857142857142855,0.5728924539523279
38.0,crank_nicolson,0.6428571428571428,0.5,0.6064989894090502
38.0,crank_nicolson,0.6428571428571428,0.5714285714285714,0.5728924539523298
38.0,crank_nicolson,0.6428571428571428,0.6428571428571428,0.49540991356405756
38.0,crank_nicolson,0.6428571428571428,0.7142857142857142,0.40074054909915696
38.0,crank_nicolson,0.6428571428571428,0.7857142857142857,0.3011415089914811
38.0,crank_nicolson,0.6428571428571428,0.8571428571428571,0.19970604126410574
38.0,crank_nicolson,0.6428571428571428,0.9285714285714285,0.09587554277012762
38.0,crank_nicolson,0.6428571428571428,1.0,-0.11962066240806708
38.0,crank_nicolson,0.7142857142857142,0.0,-0.11962066240806708
38.0,crank_nicolson,0.7142857142857142,0.07142857142857142,0.07664597132164115
38.0,crank_nicolson,0.7142857142857142,0.14285714285714285,0.16126495052675874
38.0,crank_nicolson,0.7142857142857142,0.21428571428571427,0.2435290128220982
38.0,crank_nicolson,0.7142857142857142,0.2857142857142857,0.32414875533340315
38.0,crank_nicolson,0.7142857142857142,0.3571428571428571,0.4007405490991551
38.0,crank_nicolson,0.7142857142857142,0.42857142857142855,0.463422652107768
38.0,crank_nicolson,0.7142857142857142,0.5,0.49060958805136706
38.0,crank_nicolson,0.7142857142857142,0.5714285714285714,0.4634226521077712
38.0,crank_nicolson,0.7142857142857142,0.6428571428571428,0.40074054909915746
38.0,crank_nicolson,0.7142857142857142,0.7142857142857142,0.3241487553334039
38.0,crank_nicolson,0.7142857142857142,0.7857142857142857,0.24352901282209877
38.0,crank_nicolson,0.7142857142857142,0.8571428571428571,0.16126495052675915
38.0,crank_nicolson,0.7142857142857142,0.9285714285714285,0.07664597132164132
38.0,crank_nicolson,0.7142857142857142,1.0,-0.11962066240806708
38.0,crank_nicolson,0.7857142857142857,0.0,-0.11962066240806708
38.0,crank_nicolson,0.7857142857142857,0.07142857142857142,0.056329245857315885
38.0,crank_nicolson,0.7857142857142857,0.14285714285714285,0.1207169687725997
38.0,crank_nicolson,0.7857142857142857,0.21428571428571427,0.18283748781465672
38.0,crank_nicolson,0.7857142857142857,0.2857142857142857,0.2435290128220987
38.0,crank_nicolson,0.7857142857142857,0.3571428571428571,0.30114150899148023
38.0,crank_nicolson,0.7857142857142857,0.42857142857142855,0.3482850130734611
38.0,crank_nicolson,0.7857142857142857,0.5,0.3687321403572296
38.0,crank_nicolson,0.7857142857142857,0.5714285714285714,0.3482850130734623
38.0,crank_nicolson,0.7857142857142857,0.6428571428571428,0.30114150899148173
38.0,crank_nicolson,0.7857142857142857,0.7142857142857142,0.24352901282209918
38.0,crank_nicolson,0.7857142857142857,0.7857142857142857,0.1828374878146568
38.0,crank_nicolson,0.7857142857142857,0.8571428571428571,0.12071696877259981
38.0,crank_nicolson,0.7857142857142857,0.9285714285714285,0.056329245857315954
38.0,crank_nicolson,0.7857142857142857,1.0,-0.11962066240806708
38.0,crank_nicolson,0.8571428571428571,0.0,-0.11962066240806708
38.0,crank_nicolson,0.8571428571428571,0.07142857142857142,0.035347098715610537
38.0,crank_nicolson,0.8571428571428571,0.14285714285714285,0.07902561642915448
38.0,crank_nicolson,0.8571428571428571,0.21428571428571427,0.12071696877259955
38.0,crank_nicolson,0.8571428571428571,0.2857142857142857,0.1612649505267589
38.0,crank_nicolson,0.8571428571428571,0.3571428571428571,0.19970604126410485
38.0,crank_nicolson,0.8571428571428571,0.42857142857142855,0.23115501287176843
38.0,crank_nicolson,0.8571428571428571,0.5,0.24479473003998756
38.0,crank_nicolson,0.8571428571428571,0.5714285714285714,0.23115501287177104
38.0,crank_nicolson,0.8571428571428571,0.6428571428571428,0.19970604126410613
38.0,crank_nicolson,0.8571428571428571,0.7142857142857142,0.1612649505267593
38.0,crank_nicolson,0.8571428571428571,0.7857142857142857,0.12071696877259969
38.0,crank_nicolson,0.8571428571428571,0.8571428571428571,0.07902561642915455
38.0,crank_nicolson,0.8571428571428571,0.9285714285714285,0.03534709871561059
38.0,crank_nicolson,0.8571428571428571,1.0,-0.11962066240806708
38.0,crank_nicolson,0.9285714285714285,0.0,-0.11962066240806708
38.0,crank_nicolson,0.9285714285714285,0.07142857142857142,0.013010191989532688
38.0,crank_nicolson,0.9285714285714285,0.14285714285714285,0.03534709871561051
38.0,crank_nicolson,0.9285714285714285,0.21428571428571427,0.056329245857315705
38.0,crank_nicolson,0.9285714285714285,0.2857142857142857,0.07664597132164086
38.0,crank_nicolson,0.9285714285714285,0.3571428571428571,0.0958755427701273
38.0,crank_nicolson,0.9285714285714285,0.42857142857142855,0.1116026681710793
38.0,crank_nicolson,0.9285714285714285,0.5,0.11842339679338873
38.0,crank_nicolson,0.9285714285714285,0.5714285714285714,0.11160266817108047
38.0,crank_nicolson,0.9285714285714285,0.6428571428571428,0.09587554277012772
38.0,crank_nicolson,0.9285714285714285,0.7142857142857142,0.07664597132164111
38.0,crank_nicolson,0.9285714285714285,0.7857142857142857,0.05632924585731582
38.0,crank_nicolson,0.9285714285714285,0.8571428571428571,0.03534709871561054
38.0,crank_nicolson,0.9285714285714285,0.9285714285714285,0.013010191989532708
38.0,crank_nicolson,0.9285714285714285,1.0,-0.11962066240806708
38.0,crank_nicolson,1.0,0.0,-0.11962066240806708
38.0,crank_nicolson,1.0,0.07142857142857142,-0.11962066240806708
38.0,crank_nicolson,1.0,0.14285714285714285,-0.11962066240806708
38.0,crank_nicolson,1.0,0.21428571428571427,-0.11962066240806708
38.0,crank_nicolson,1.0,0.2857142857142857,-0.11962066240806708
38.0,crank_nicolson,1.0,0.3571428571428571,-0.11962066240806708
38.0,crank_nicolson,1.0,0.42857142857142855,-0.11962066240806708
38.0,crank_nicolson,1.0,0.5,-0.11962066240806708
38.0,crank_nicolson,1.0,0.5714285714285714,-0.11962066240806708
38.0,crank_nicolson,1.0,0.6428571428571428,-0.11962066240806708
38.0,crank_nicolson,1.0,0.7142857142857142,-0.11962066240806708
38.0,crank_nicolson,1.0,0.7857142857142857,-0.11962066240806708
38.0,crank_nicolson,1.0,0.8571428571428571,-0.11962066240806708
38.0,crank_nicolson,1.0,0.9285714285714285,-0.11962066240806708
38.0,crank_nicolson,1.0,1.0,-0.11962066240806708
39.0,crank_nicolson,0.0,0.0,0.1356240028570823
39.0,crank_nicolson,0.0,0.07142857142857142,0.1356240028570823
39.0,crank_nicolson,0.0,0.14285714285714285,0.1356240028570823
39.0,crank_nicolson,0.0,0.21428571428571427,0.1356240028570823
39.0,crank_nicolson,0.0,0.2857142857142857,0.1356240028570823
39.0,crank_nicolson,0.0,0.3571428571428571,0.1356240028570823
39.0,crank_nicolson,0.0,0.42857142857142855,0.1356240028570823
39.0,crank_nicolson,0.0,0.5,0.1356240028570823
39.0,crank_nicolson,0.0,0.5714285714285714,0.1356240028570823
39.0,crank_nicolson,0.0,0.6428571428571428,0.1356240028570823
39.0,crank_nicolson,0.0,0.7142857142857142,0.1356240028570823
39.0,crank_nicolson,0.0,0.7857142857142857,0.1356240028570823
39.0,crank_nicolson,0.0,0.8571428571428571,0.1356240028570823
39.0,crank_nicolson,0.0,0.9285714285714285,0.1356240028570823
39.0,crank_nicolson,0.0,1.0,0.1356240028570823
39.0,crank_nicolson,0.07142857142857142,0.0,0.1356240028570823
39.0,crank_nicolson,0.07142857142857142,0.07142857142857142,0.01636590447743673
39.0,crank_nicolson,0.07142857142857142,0.14285714285714285,0.03700265243434629
39.0,crank_nicolson,0.07142857142857142,0.21428571428571427,0.05797509218037396
39.0,crank_nicolson,0.07142857142857142,0.2857142857142857,0.07827733470725398
39.0,crank_nicolson,0.07142857142857142,0.3571428571428571,0.09743986563371732
39.0,crank_nicolson,0.07142857142857142,0.42857142857142855,0.11302020936438661
39.0,crank_nicolson,0.07142857142857142,0.5,0.11971442483526726
39.0,crank_nicolson,0.07142857142857142,0.5714285714285714,0.11302020936438636
39.0,crank_nicolson,0.07142857142857142,0.6428571428571428,0.09743986563371711
39.0,crank_nicolson,0.07142857142857142,0.7142857142857142,0.07827733470725395
39.0,crank_nicolson,0.07142857142857142,0.7857142857142857,0.05797509218037396
39.0,crank_nicolson,0.07142857142857142,0.8571428571428571,0.03700265243434629
39.0,crank_nicolson,0.07142857142857142,0.9285714285714285,0.016365904477436737
39.0,crank_nicolson,0.07142857142857142,1.0,0.1356240028570823
39.0,crank_nicolson,0.14285714285714285,0.0,0.1356240028570823
39.0,crank_nicolson,0.14285714285714285,0.07142857142857142,0.03700265243434624
39.0,crank_nicolson,0.14285714285714285,0.14285714285714285,0.07895930254605901
39.0,crank_nicolson,0.14285714285714285,0.21428571428571427,0.12064436905222135
39.0,crank_nicolson,0.14285714285714285,0.2857142857142857,0.1611624118229803
39.0,crank_nicolson,0.14285714285714285,0.3571428571428571,0.19946781643279843
39.0,crank_nicolson,0.14285714285714285,0.42857142857142855,0.2306224881139414
39.0,crank_nicolson,0.14285714285714285,0.5,0.24400894654117566
39.0,crank_nicolson,0.14285714285714285,0.5714285714285714,0.23062248811394076
39.0,crank_nicolson,0.14285714285714285,0.6428571428571428,0.19946781643279846
39.0,crank_nicolson,0.14285714285714285,0.7142857142857142,0.16116241182298024
39.0,crank_nicolson,0.14285714285714285,0.7857142857142857,0.12064436905222137
39.0,crank_nicolson,0.14285714285714285,0.8571428571428571,0.07895930254605901
39.0,crank_nicolson,0.14285714285714285,0.9285714285714285,0.037002652434346264
39.0,crank_nicolson,0.14285714285714285,1.0,0.1356240028570823
39.0,crank_nicolson,0.21428571428571427,0.0,0.1356240028570823
39.0,crank_nicolson,0.21428571428571427,0.07142857142857142,0.05797509218037378
39.0,crank_nicolson,0.21428571428571427,0.14285714285714285,0.12064436905222123
39.0,crank_nicolson,0.21428571428571427,0.21428571428571427,0.18275781085011547
39.0,crank_nicolson,0.21428571428571427,0.2857142857142857,0.24339656485961575
39.0,crank_nicolson,0.21428571428571427,0.3571428571428571,0.3008001005517022
39.0,crank_nicolson,0.21428571428571427,0.42857142857142855,0.347498867165881
39.0,crank_nicolson,0.21428571428571427,0.5,0.3675649032907255
39.0,crank_nicolson,0.21428571428571427,0.5714285714285714,0.34749886716588024
39.0,crank_nicolson,0.21428571428571427,0.6428571428571428,0.3008001005517021
39.0,crank_nicolson,0.21428571428571427,0.7142857142857142,0.2433965648596156
39.0,crank_nicolson,0.21428571428571427,0.7857142857142857,0.1827578108501154
39.0,crank_nicolson,0.21428571428571427,0.8571428571428571,0.12064436905222127
39.0,crank_nicolson,0.21428571428571427,0.9285714285714285,0.057975092180373826
39.0,crank_nicolson,0.21428571428571427,1.0,0.1356240028570823
39.0,crank_nicolson,0.2857142857142857,0.0,0.1356240028570823
39.0,crank_nicolson,0.2857142857142857,0.07142857142857142,0.07827733470725365
39.0,crank_nicolson,0.2857142857142857,0.14285714285714285,0.16116241182298024
39.0,crank_nicolson,0.2857142857142857,0.21428571428571427,0.24339656485961625
39.0,crank_nicolson,0.2857142857142857,0.2857142857142857,0.3239225510458883
39.0,crank_nicolson,0.2857142857142857,0.3571428571428571,0.4002169779442238
39.0,crank_nicolson,0.2857142857142857,0.42857142857142855,0.462292803196387
39.0,crank_nicolson,0.2857142857142857,0.5,0.4889666941671979
39.0,crank_nicolson,0.2857142857142857,0.5714285714285714,0.46229280319638744
39.0,crank_nicolson,0.2857142857142857,0.6428571428571428,0.4002169779442237
39.0,crank_nicolson,0.2857142857142857,0.7142857142857142,0.32392255104588813
39.0,crank_nicolson,0.2857142857142857,0.7857142857142857,0.24339656485961625
39.0,crank_nicolson,0.2857142857142857,0.8571428571428571,0.1611624118229804
39.0,crank_nicolson,0.2857142857142857,0.9285714285714285,0.07827733470725369
39.0,crank_nicolson,0.2857142857142857,1.0,0.1356240028570823
39.0,crank_nicolson,0.3571428571428571,0.0,0.1356240028570823
39.0,crank_nicolson,0.3571428571428571,0.07142857142857142,0.09743986563371722
39.0,crank_nicolson,0.3571428571428571,0.14285714285714285,0.19946781643279865
39.0,crank_nicolson,0.3571428571428571,0.21428571428571427,0.30080010055170325
39.0,crank_nicolson,0.3571428571428571,0.2857142857142857,0.4002169779442256
39.0,crank_nicolson,0.3571428571428571,0.3571428571428571,0.49445834167220454
39.0,crank_nicolson,0.3571428571428571,0.42857142857142855,0.5711430192260668
39.0,crank_nicolson,0.3571428571428571,0.5,0.6040946209316403
39.0,crank_nicolson,0.3571428571428571,0.5714285714285714,0.5711430192260681
39.0,crank_nicolson,0.3571428571428571,0.6428571428571428,0.49445834167220465
39.0,crank_nicolson,0.3571428571428571,0.7142857142857142,0.40021697794422584
39.0,crank_nicolson,0.3571428571428571,0.7857142857142857,0.30080010055170336
39.0,crank_nicolson,0.3571428571428571,0.8571428571428571,0.19946781643279904
39.0,crank_nicolson,0.3571428571428571,0.9285714285714285,0.09743986563371704
39.0,crank_nicolson,0.3571428571428571,1.0,0.1356240028570823
39.0,crank_nicolson,0.42857142857142855,0.0,0.1356240028570823
39.0,crank_nicolson,0.42857142857142855,0.07142857142857142,0.11302020936438643
39.0,crank_nicolson,0.42857142857142855,0.14285714285714285,0.23062248811394148
39.0,crank_nicolson,0.42857142857142855,0.21428571428571427,0.34749886716588296
39.0,crank_nicolson,0.42857142857142855,0.2857142857142857,0.4622928031963885
39.0,crank_nicolson,0.42857142857142855,0.3571428571428571,0.5711430192260684
39.0,crank_nicolson,0.42857142857142855,0.42857142857142855,0.6597192676683535
39.0,crank_nicolson,0.42857142857142855,0.5,0.6977808416362828
39.0,crank_nicolson,0.42857142857142855,0.5714285714285714,0.6597192676683541
39.0,crank_nicolson,0.42857142857142855,0.6428571428571428,0.5711430192260687
39.0,crank_nicolson,0.42857142857142855,0.7142857142857142,0.4622928031963899
39.0,crank_nicolson,0.42857142857142855,0.7857142857142857,0.34749886716588385
39.0,crank_nicolson,0.42857142857142855,0.8571428571428571,0.23062248811394165
39.0,crank_nicolson,0.42857142857142855,0.9285714285714285,0.11302020936438603
39.0,crank_nicolson,0.42857142857142855,1.0,0.1356240028570823
39.0,crank_nicolson,0.5,0.0,0.1356240028570823
39.0,crank_nicolson,0.5,0.07142857142857142,0.11971442483526727
39.0,crank_nicolson,0.5,0.14285714285714285,0.244008946541176
39.0,crank_nicolson,0.5,0.21428571428571427,0.3675649032907263
39.0,crank_nicolson,0.5,0.2857142857142857,0.4889666941671958
39.0,crank_nicolson,0.5,0.3571428571428571,0.60409462093164
39.0,crank_nicolson,0.5,0.42857142857142855,0.6977808416362858
39.0,crank_nicolson,0.5,0.5,0.7380381795166474
39.0,crank_nicolson,0.5,0.5714285714285714,0.6977808416362827
39.0,crank_nicolson,0.5,0.6428571428571428,0.6040946209316396
39.0,crank_nicolson,0.5,0.7142857142857142,0.48896669416719796
39.0,crank_nicolson,0.5,0.7857142857142857,0.36756490329072794
39.0,crank_nicolson,0.5,0.8571428571428571,0.2440089465411766
39.0,crank_nicolson,0.5,0.9285714285714285,0.11971442483526737
39.0,crank_nicolson,0.5,1.0,0.1356240028570823
39.0,crank_nicolson,0.5714285714285714,0.0,0.1356240028570823
39.0,crank_nicolson,0.5714285714285714,0.07142857142857142,0.1130202093643866
39.0,crank_nicolson,0.5714285714285714,0.14285714285714285,0.23062248811394168
39.0,crank_nicolson,0.5714285714285714,0.21428571428571427,0.3474988671658796
39.0,crank_nicolson,0.5714285714285714,0.2857142857142857,0.46229280319638494
39.0,crank_nicolson,0.5714285714285714,0.3571428571428571,0.5711430192260643
39.0,crank_nicolson,0.5714285714285714,0.42857142857142855,0.6597192676683542
39.0,crank_nicolson,0.5714285714285714,0.5,0.6977808416362848
39.0,crank_nicolson,0.5714285714285714,0.5714285714285714,0.6597192676683562
39.0,crank_nicolson,0.5714285714285714,0.6428571428571428,0.5711430192260687
39.0,crank_nicolson,0.5714285714285714,0.7142857142857142,0.46229280319638794
39.0,crank_nicolson,0.5714285714285714,0.7857142857142857,0.347498867165883
39.0,crank_nicolson,0.5714285714285714,0.8571428571428571,0.2306224881139436
39.0,crank_nicolson,0.5714285714285714,0.9285714285714285,0.11302020936438704
39.0,crank_nicolson,0.5714285714285714,1.0,0.1356240028570823
39.0,crank_nicolson,0.6428571428571428,0.0,0.1356240028570823
39.0,crank_nicolson,0.6428571428571428,0.07142857142857142,0.0974398656337169
39.0,crank_nicolson,0.6428571428571428,0.14285714285714285,0.1994678164327984
39.0,crank_nicolson,0.6428571428571428,0.21428571428571427,0.30080010055170164
39.0,crank_nicolson,0.6428571428571428,0.2857142857142857,0.4002169779442229
39.0,crank_nicolson,0.6428571428571428,0.3571428571428571,0.4944583416722023
39.0,crank_nicolson,0.6428571428571428,0.42857142857142855,0.5711430192260671
39.0,crank_nicolson,0.6428571428571428,0.5,0.6040946209316415
39.0,crank_nicolson,0.6428571428571428,0.5714285714285714,0.5711430192260696
39.0,crank_nicolson,0.6428571428571428,0.6428571428571428,0.4944583416722067
39.0,crank_nicolson,0.6428571428571428,0.7142857142857142,0.40021697794422506
39.0,crank_nicolson,0.6428571428571428,0.7857142857142857,0.3008001005517031
39.0,crank_nicolson,0.6428571428571428,0.8571428571428571,0.19946781643279965
39.0,crank_nicolson,0.6428571428571428,0.9285714285714285,0.09743986563371726
39.0,crank_nicolson,0.6428571428571428,1.0,0.1356240028570823
39.0,crank_nicolson,0.7142857142857142,0.0,0.1356240028570823
39.0,crank_nicolson,0.7142857142857142,0.07142857142857142,0.0782773347072539
39.0,crank_nicolson,0.7142857142857142,0.14285714285714285,0.16116241182298016
39.0,crank_nicolson,0.7142857142857142,0.21428571428571427,0.24339656485961544
39.0,crank_nicolson,0.7142857142857142,0.2857142857142857,0.32392255104588763
39.0,crank_nicolson,0.7142857142857142,0.3571428571428571,0.400216977944223
39.0,crank_nicolson,0.7142857142857142,0.42857142857142855,0.46229280319638705
39.0,crank_nicolson,0.7142857142857142,0.5,0.4889666941671995
39.0,crank_nicolson,0.7142857142857142,0.5714285714285714,0.46229280319639027
39.0,crank_nicolson,0.7142857142857142,0.6428571428571428,0.4002169779442256
39.0,crank_nicolson,0.7142857142857142,0.7142857142857142,0.3239225510458885
39.0,crank_nicolson,0.7142857142857142,0.7857142857142857,0.243396564859616
39.0,crank_nicolson,0.7142857142857142,0.8571428571428571,0.1611624118229806
39.0,crank_nicolson,0.7142857142857142,0.9285714285714285,0.07827733470725408
39.0,crank_nicolson,0.7142857142857142,1.0,0.1356240028570823
39.0,crank_nicolson,0.7857142857142857,0.0,0.1356240028570823
39.0,crank_nicolson,0.7857142857142857,0.07142857142857142,0.05797509218037395
39.0,crank_nicolson,0.7857142857142857,0.14285714285714285,0.12064436905222137
39.0,crank_nicolson,0.7857142857142857,0.21428571428571427,0.18275781085011536
39.0,crank_nicolson,0.7857142857142857,0.2857142857142857,0.2433965648596159
39.0,crank_nicolson,0.7857142857142857,0.3571428571428571,0.3008001005517022
39.0,crank_nicolson,0.7857142857142857,0.42857142857142855,0.3474988671658812
39.0,crank_nicolson,0.7857142857142857,0.5,0.36756490329072733
39.0,crank_nicolson,0.7857142857142857,0.5714285714285714,0.34749886716588246
39.0,crank_nicolson,0.7857142857142857,0.6428571428571428,0.3008001005517036
39.0,crank_nicolson,0.7857142857142857,0.7142857142857142,0.24339656485961636
39.0,crank_nicolson,0.7857142857142857,0.7857142857142857,0.18275781085011544
39.0,crank_nicolson,0.7857142857142857,0.8571428571428571,0.12064436905222152
39.0,crank_nicolson,0.7857142857142857,0.9285714285714285,0.05797509218037401
39.0,crank_nicolson,0.7857142857142857,1.0,0.1356240028570823
39.0,crank_nicolson,0.8571428571428571,0.0,0.1356240028570823
39.0,crank_nicolson,0.8571428571428571,0.07142857142857142,0.037002652434346285
39.0,crank_nicolson,0.8571428571428571,0.14285714285714285,0.078959302546059
39.0,crank_nicolson,0.8571428571428571,0.21428571428571427,0.12064436905222123
39.0,crank_nicolson,0.8571428571428571,0.2857142857142857,0.16116241182298024
39.0,crank_nicolson,0.8571428571428571,0.3571428571428571,0.19946781643279868
39.0,crank_nicolson,0.8571428571428571,0.42857142857142855,0.2306224881139412
39.0,crank_nicolson,0.8571428571428571,0.5,0.24400894654117644
39.0,crank_nicolson,0.8571428571428571,0.5714285714285714,0.23062248811394376
39.0,crank_nicolson,0.8571428571428571,0.6428571428571428,0.19946781643279995
39.0,crank_nicolson,0.8571428571428571,0.7142857142857142,0.16116241182298063
39.0,crank_nicolson,0.8571428571428571,0.7857142857142857,0.12064436905222134
39.0,crank_nicolson,0.8571428571428571,0.8571428571428571,0.07895930254605908
39.0,crank_nicolson,0.8571428571428571,0.9285714285714285,0.037002652434346334
39.0,crank_nicolson,0.8571428571428571,1.0,0.1356240028570823
39.0,crank_nicolson,0.9285714285714285,0.0,0.1356240028570823
39.0,crank_nicolson,0.9285714285714285,0.07142857142857142,0.016365904477436733
39.0,crank_nicolson,0.9285714285714285,0.14285714285714285,0.03700265243434626
39.0,crank_nicolson,0.9285714285714285,0.21428571428571427,0.05797509218037378
39.0,crank_nicolson,0.9285714285714285,0.2857142857142857,0.07827733470725359
39.0,crank_nicolson,0.9285714285714285,0.3571428571428571,0.09743986563371691
39.0,crank_nicolson,0.9285714285714285,0.42857142857142855,0.1130202093643859
39.0,crank_nicolson,0.9285714285714285,0.5,0.11971442483526733
39.0,crank_nicolson,0.9285714285714285,0.5714285714285714,0.11302020936438709
39.0,crank_nicolson,0.9285714285714285,0.6428571428571428,0.09743986563371737
39.0,crank_nicolson,0.9285714285714285,0.7142857142857142,0.07827733470725387
39.0,crank_nicolson,0.9285714285714285,0.7857142857142857,0.057975092180373895
39.0,crank_nicolson,0.9285714285714285,0.8571428571428571,0.03700265243434629
39.0,crank_nicolson,0.9285714285714285,0.9285714285714285,0.016365904477436757
39.0,crank_nicolson,0.9285714285714285,1.0,0.1356240028570823
39.0,crank_nicolson,1.0,0.0,0.1356240028570823
39.0,crank_nicolson,1.0,0.07142857142857142,0.1356240028570823
39.0,crank_nicolson,1.0,0.14285714285714285,0.1356240028570823
39.0,crank_nicolson,1.0,0.21428571428571427,0.1356240028570823
39.0,crank_nicolson,1.0,0.2857142857142857,0.1356240028570823
39.0,crank_nicolson,1.0,0.3571428571428571,0.1356240028570823
39.0,crank_nicolson,1.0,0.42857142857142855,0.1356240028570823
39.0,crank_nicolson,1.0,0.5,0.1356240028570823
39.0,crank_nicolson,1.0,0.5714285714285714,0.1356240028570823
39.0,crank_nicolson,1.0,0.6428571428571428,0.1356240028570823
39.0,crank_nicolson,1.0,0.7142857142857142,0.1356240028570823
39.0,crank_nicolson,1.0,0.7857142857142857,0.1356240028570823
39.0,crank_nicolson,1.0,0.8571428571428571,0.1356240028570823
39.0,crank_nicolson,1.0,0.9285714285714285,0.1356240028570823
39.0,crank_nicolson,1.0,1.0,0.1356240028570823
40.0,crank_nicolson,0.0,0.0,0.10035328978920242
40.0,crank_nicolson,0.0,0.07142857142857142,0.10035328978920242
40.0,crank_nicolson,0.0,0.14285714285714285,0.10035328978920242
40.0,crank_nicolson,0.0,0.21428571428571427,0.10035328978920242
40.0,crank_nicolson,0.0,0.2857142857142857,0.10035328978920242
40.0,crank_nicolson,0.0,0.3571428571428571,0.10035328978920242
40.0,crank_nicolson,0.0,0.42857142857142855,0.10035328978920242
40.0,crank_nicolson,0.0,0.5,0.10035328978920242
40.0,crank_nicolson,0.0,0.5714285714285714,0.10035328978920242
40.0,crank_nicolson,0.0,0.6428571428571428,0.10035328978920242
40.0,crank_nicolson,0.0,0.7142857142857142,0.10035328978920242
40.0,crank_nicolson,0.0,0.7857142857142857,0.10035328978920242
40.0,crank_nicolson,0.0,0.8571428571428571,0.10035328978920242
40.0,crank_nicolson,0.0,0.9285714285714285,0.10035328978920242
40.0,crank_nicolson,0.0,1.0,0.10035328978920242
40.0,crank_nicolson,0.07142857142857142,0.0,0.10035328978920242
40.0,crank_nicolson,0.07142857142857142,0.07142857142857142,0.017845132171910836
40.0,crank_nicolson,0.07142857142857142,0.14285714285714285,0.037778197153886334
40.0,crank_nicolson,0.07142857142857142,0.21428571428571427,0.0587124939382855
40.0,crank_nicolson,0.07142857142857142,0.2857142857142857,0.0789985201840626
40.0,crank_nicolson,0.07142857142857142,0.3571428571428571,0.09809325774049542
40.0,crank_nicolson,0.07142857142857142,0.42857142857142855,0.11352953796556299
40.0,crank_nicolson,0.07142857142857142,0.5,0.12010339049403611
40.0,crank_nicolson,0.07142857142857142,0.5714285714285714,0.11352953796556267
40.0,crank_nicolson,0.07142857142857142,0.6428571428571428,0.09809325774049521
40.0,crank_nicolson,0.07142857142857142,0.7142857142857142,0.07899852018406257
40.0,crank_nicolson,0.07142857142857142,0.7857142857142857,0.0587124939382855
40.0,crank_nicolson,0.07142857142857142,0.8571428571428571,0.037778197153886334
40.0,crank_nicolson,0.07142857142857142,0.9285714285714285,0.017845132171910846
40.0,crank_nicolson,0.07142857142857142,1.0,0.10035328978920242
40.0,crank_nicolson,0.14285714285714285,0.0,0.10035328978920242
40.0,crank_nicolson,0.14285714285714285,0.07142857142857142,0.03777819715388628
40.0,crank_nicolson,0.14285714285714285,0.14285714285714285,0.07895496463022525
40.0,crank_nicolson,0.14285714285714285,0.21428571428571427,0.12060245349568582
40.0,crank_nicolson,0.14285714285714285,0.2857142857142857,0.1610876874600654
40.0,crank_nicolson,0.14285714285714285,0.3571428571428571,0.19925590552505046
40.0,crank_nicolson,0.14285714285714285,0.42857142857142855,0.2301216643488281
40.0,crank_nicolson,0.14285714285714285,0.5,0.2432671462295112
40.0,crank_nicolson,0.14285714285714285,0.5714285714285714,0.2301216643488275
40.0,crank_nicolson,0.14285714285714285,0.6428571428571428,0.1992559055250505
40.0,crank_nicolson,0.14285714285714285,0.7142857142857142,0.16108768746006538
40.0,crank_nicolson,0.14285714285714285,0.7857142857142857,0.12060245349568582
40.0,crank_nicolson,0.14285714285714285,0.8571428571428571,0.07895496463022526
40.0,crank_nicolson,0.14285714285714285,0.9285714285714285,0.03777819715388631
40.0,crank_nicolson,0.14285714285714285,1.0,0.10035328978920242
40.0,crank_nicolson,0.21428571428571427,0.0,0.10035328978920242
40.0,crank_nicolson,0.21428571428571427,0.07142857142857142,0.05871249393828532
40.0,crank_nicolson,0.21428571428571427,0.14285714285714285,0.12060245349568566
40.0,crank_nicolson,0.21428571428571427,0.21428571428571427,0.1826765042198584
40.0,crank_nicolson,0.21428571428571427,0.2857142857142857,0.24325853886931342
40.0,crank_nicolson,0.21428571428571427,0.3571428571428571,0.3004506382993363
40.0,crank_nicolson,0.21428571428571427,0.42857142857142855,0.34671256389698724
40.0,crank_nicolson,0.21428571428571427,0.5,0.3664158731329206
40.0,crank_nicolson,0.21428571428571427,0.5714285714285714,0.3467125638969867
40.0,crank_nicolson,0.21428571428571427,0.6428571428571428,0.30045063829933627
40.0,crank_nicolson,0.21428571428571427,0.7142857142857142,0.24325853886931326
40.0,crank_nicolson,0.21428571428571427,0.7857142857142857,0.18267650421985834
40.0,crank_nicolson,0.21428571428571427,0.8571428571428571,0.1206024534956857
40.0,crank_nicolson,0.21428571428571427,0.9285714285714285,0.05871249393828537
40.0,crank_nicolson,0.21428571428571427,1.0,0.10035328978920242
40.0,crank_nicolson,0.2857142857142857,0.0,0.10035328978920242
40.0,crank_nicolson,0.2857142857142857,0.07142857142857142,0.07899852018406228
40.0,crank_nicolson,0.2857142857142857,0.14285714285714285,0.16108768746006538
40.0,crank_nicolson,0.2857142857142857,0.21428571428571427,0.24325853886931392
40.0,crank_nicolson,0.2857142857142857,0.2857142857142857,0.3236852364224545
40.0,crank_nicolson,0.2857142857142857,0.3571428571428571,0.3996784343921557
40.0,crank_nicolson,0.2857142857142857,0.42857142857142855,0.46115818547671344
40.0,crank_nicolson,0.2857142857142857,0.5,0.4873434397925317
40.0,crank_nicolson,0.2857142857142857,0.5714285714285714,0.4611581854767141
40.0,crank_nicolson,0.2857142857142857,0.6428571428571428,0.3996784343921556
40.0,crank_nicolson,0.2857142857142857,0.7142857142857142,0.3236852364224543
40.0,crank_nicolson,0.2857142857142857,0.7857142857142857,0.24325853886931387
40.0,crank_nicolson,0.2857142857142857,0.8571428571428571,0.1610876874600656
40.0,crank_nicolson,0.2857142857142857,0.9285714285714285,0.0789985201840623
40.0,crank_nicolson,0.2857142857142857,1.0,0.10035328978920242
40.0,crank_nicolson,0.3571428571428571,0.0,0.10035328978920242
40.0,crank_nicolson,0.3571428571428571,0.07142857142857142,0.09809325774049527
40.0,crank_nicolson,0.3571428571428571,0.14285714285714285,0.19925590552505068
40.0,crank_nicolson,0.3571428571428571,0.21428571428571427,0.30045063829933755
40.0,crank_nicolson,0.3571428571428571,0.2857142857142857,0.3996784343921574
40.0,crank_nicolson,0.3571428571428571,0.3571428571428571,0.4934870042083543
40.0,crank_nicolson,0.3571428571428571,0.42857142857142855,0.5693869706287371
40.0,crank_nicolson,0.3571428571428571,0.5,0.6017144095445518
40.0,crank_nicolson,0.3571428571428571,0.5714285714285714,0.5693869706287387
40.0,crank_nicolson,0.3571428571428571,0.6428571428571428,0.49348700420835434
40.0,crank_nicolson,0.3571428571428571,0.7142857142857142,0.3996784343921577
40.0,crank_nicolson,0.3571428571428571,0.7857142857142857,0.30045063829933777
40.0,crank_nicolson,0.3571428571428571,0.8571428571428571,0.19925590552505115
40.0,crank_nicolson,0.3571428571428571,0.9285714285714285,0.09809325774049514
40.0,crank_nicolson,0.3571428571428571,1.0,0.10035328978920242
40.0,crank_nicolson,0.42857142857142855,0.0,0.10035328978920242
40.0,crank_nicolson,0.42857142857142855,0.07142857142857142,0.11352953796556277
40.0,crank_nicolson,0.42857142857142855,0.14285714285714285,0.23012166434882822
40.0,crank_nicolson,0.42857142857142855,0.21428571428571427,0.3467125638969894
40.0,crank_nicolson,0.42857142857142855,0.2857142857142857,0.4611581854767152
40.0,crank_nicolson,0.42857142857142855,0.3571428571428571,0.569386970628738
40.0,crank_nicolson,0.42857142857142855,0.42857142857142855,0.6569589670892814
40.0,crank_nicolson,0.42857142857142855,0.5,0.694257957581231
40.0,crank_nicolson,0.42857142857142855,0.5714285714285714,0.6569589670892821
40.0,crank_nicolson,0.42857142857142855,0.6428571428571428,0.569386970628739
40.0,crank_nicolson,0.42857142857142855,0.7142857142857142,0.4611581854767166
40.0,crank_nicolson,0.42857142857142855,0.7857142857142857,0.3467125638969902
40.0,crank_nicolson,0.42857142857142855,0.8571428571428571,0.23012166434882841
40.0,crank_nicolson,0.42857142857142855,0.9285714285714285,0.11352953796556234
40.0,crank_nicolson,0.42857142857142855,1.0,0.10035328978920242
40.0,crank_nicolson,0.5,0.0,0.10035328978920242
40.0,crank_nicolson,0.5,0.07142857142857142,0.12010339049403614
40.0,crank_nicolson,0.5,0.14285714285714285,0.2432671462295115
40.0,crank_nicolson,0.5,0.21428571428571427,0.3664158731329214
40.0,crank_nicolson,0.5,0.2857142857142857,0.48734343979252964
40.0,crank_nicolson,0.5,0.3571428571428571,0.6017144095445511
40.0,crank_nicolson,0.5,0.42857142857142855,0.6942579575812341
40.0,crank_nicolson,0.5,0.5,0.7336744622541009
40.0,crank_nicolson,0.5,0.5714285714285714,0.6942579575812312
40.0,crank_nicolson,0.5,0.6428571428571428,0.6017144095445508
40.0,crank_nicolson,0.5,0.7142857142857142,0.4873434397925317
40.0,crank_nicolson,0.5,0.7857142857142857,0.3664158731329232
40.0,crank_nicolson,0.5,0.8571428571428571,0.2432671462295122
40.0,crank_nicolson,0.5,0.9285714285714285,0.12010339049403623
40.0,crank_nicolson,0.5,1.0,0.10035328978920242
40.0,crank_nicolson,0.5714285714285714,0.0,0.10035328978920242
40.0,crank_nicolson,0.5714285714285714,0.07142857142857142,0.11352953796556291
40.0,crank_nicolson,0.5714285714285714,0.14285714285714285,0.2301216643488284
40.0,crank_nicolson,0.5714285714285714,0.21428571428571427,0.34671256389698596
40.0,crank_nicolson,0.5714285714285714,0.2857142857142857,0.4611581854767115
40.0,crank_nicolson,0.5714285714285714,0.3571428571428571,0.5693869706287348
40.0,crank_nicolson,0.5714285714285714,0.42857142857142855,0.6569589670892823
40.0,crank_nicolson,0.5714285714285714,0.5,0.6942579575812333
40.0,crank_nicolson,0.5714285714285714,0.5714285714285714,0.6569589670892846
40.0,crank_nicolson,0.5714285714285714,0.6428571428571428,0.569386970628739
40.0,crank_nicolson,0.5714285714285714,0.7142857142857142,0.46115818547671455
40.0,crank_nicolson,0.5714285714285714,0.7857142857142857,0.34671256389698935
40.0,crank_nicolson,0.5714285714285714,0.8571428571428571,0.23012166434883033
40.0,crank_nicolson,0.5714285714285714,0.9285714285714285,0.11352953796556339
40.0,crank_nicolson,0.5714285714285714,1.0,0.10035328978920242
40.0,crank_nicolson,0.6428571428571428,0.0,0.10035328978920242
40.0,crank_nicolson,0.6428571428571428,0.07142857142857142,0.09809325774049497
40.0,crank_nicolson,0.6428571428571428,0.14285714285714285,0.1992559055250504
40.0,crank_nicolson,0.6428571428571428,0.21428571428571427,0.3004506382993358
40.0,crank_nicolson,0.6428571428571428,0.2857142857142857,0.39967843439215495
40.0,crank_nicolson,0.6428571428571428,0.3571428571428571,0.4934870042083522
40.0,crank_nicolson,0.6428571428571428,0.42857142857142855,0.5693869706287376
40.0,crank_nicolson,0.6428571428571428,0.5,0.6017144095445527
40.0,crank_nicolson,0.6428571428571428,0.5714285714285714,0.5693869706287397
40.0,crank_nicolson,0.6428571428571428,0.6428571428571428,0.49348700420835656
40.0,crank_nicolson,0.6428571428571428,0.7142857142857142,0.3996784343921569
40.0,crank_nicolson,0.6428571428571428,0.7857142857142857,0.3004506382993372
40.0,crank_nicolson,0.6428571428571428,0.8571428571428571,0.19925590552505165
40.0,crank_nicolson,0.6428571428571428,0.9285714285714285,0.09809325774049542
40.0,crank_nicolson,0.6428571428571428,1.0,0.10035328978920242
40.0,crank_nicolson,0.7142857142857142,0.0,0.10035328978920242
40.0,crank_nicolson,0.7142857142857142,0.07142857142857142,0.07899852018406252
40.0,crank_nicolson,0.7142857142857142,0.14285714285714285,0.16108768746006533
40.0,crank_nicolson,0.7142857142857142,0.21428571428571427,0.2432585388693131
40.0,crank_nicolson,0.7142857142857142,0.2857142857142857,0.3236852364224537
40.0,crank_nicolson,0.7142857142857142,0.3571428571428571,0.39967843439215495
40.0,crank_nicolson,0.7142857142857142,0.42857142857142855,0.4611581854767136
40.0,crank_nicolson,0.7142857142857142,0.5,0.4873434397925332
40.0,crank_nicolson,0.7142857142857142,0.5714285714285714,0.46115818547671683
40.0,crank_nicolson,0.7142857142857142,0.6428571428571428,0.39967843439215756
40.0,crank_nicolson,0.7142857142857142,0.7142857142857142,0.3236852364224547
40.0,crank_nicolson,0.7142857142857142,0.7857142857142857,0.2432585388693137
40.0,crank_nicolson,0.7142857142857142,0.8571428571428571,0.16108768746006577
40.0,crank_nicolson,0.7142857142857142,0.9285714285714285,0.07899852018406268
40.0,crank_nicolson,0.7142857142857142,1.0,0.10035328978920242
40.0,crank_nicolson,0.7857142857142857,0.0,0.10035328978920242
40.0,crank_nicolson,0.7857142857142857,0.07142857142857142,0.058712493938285495
40.0,crank_nicolson,0.7857142857142857,0.14285714285714285,0.12060245349568582
40.0,crank_nicolson,0.7857142857142857,0.21428571428571427,0.18267650421985832
40.0,crank_nicolson,0.7857142857142857,0.2857142857142857,0.24325853886931353
40.0,crank_nicolson,0.7857142857142857,0.3571428571428571,0.30045063829933644
40.0,crank_nicolson,0.7857142857142857,0.42857142857142855,0.3467125638969875
40.0,crank_nicolson,0.7857142857142857,0.5,0.36641587313292284
40.0,crank_nicolson,0.7857142857142857,0.5714285714285714,0.346712563896989
40.0,crank_nicolson,0.7857142857142857,0.6428571428571428,0.3004506382993378
40.0,crank_nicolson,0.7857142857142857,0.7142857142857142,0.243258538869314
40.0,crank_nicolson,0.7857142857142857,0.7857142857142857,0.1826765042198584
40.0,crank_nicolson,0.7857142857142857,0.8571428571428571,0.12060245349568596
40.0,crank_nicolson,0.7857142857142857,0.9285714285714285,0.05871249393828557
40.0,crank_nicolson,0.7857142857142857,1.0,0.10035328978920242
40.0,crank_nicolson,0.8571428571428571,0.0,0.10035328978920242
40.0,crank_nicolson,0.8571428571428571,0.07142857142857142,0.03777819715388633
40.0,crank_nicolson,0.8571428571428571,0.14285714285714285,0.07895496463022525
40.0,crank_nicolson,0.8571428571428571,0.21428571428571427,0.12060245349568566
40.0,crank_nicolson,0.8571428571428571,0.2857142857142857,0.1610876874600654
40.0,crank_nicolson,0.8571428571428571,0.3571428571428571,0.1992559055250507
40.0,crank_nicolson,0.8571428571428571,0.42857142857142855,0.2301216643488279
40.0,crank_nicolson,0.8571428571428571,0.5,0.24326714622951204
40.0,crank_nicolson,0.8571428571428571,0.5714285714285714,0.23012166434883044
40.0,crank_nicolson,0.8571428571428571,0.6428571428571428,0.19925590552505193
40.0,crank_nicolson,0.8571428571428571,0.7142857142857142,0.16108768746006577
40.0,crank_nicolson,0.8571428571428571,0.7857142857142857,0.12060245349568575
40.0,crank_nicolson,0.8571428571428571,0.8571428571428571,0.07895496463022532
40.0,crank_nicolson,0.8571428571428571,0.9285714285714285,0.03777819715388637
40.0,crank_nicolson,0.8571428571428571,1.0,0.10035328978920242
40.0,crank_nicolson,0.9285714285714285,0.0,0.10035328978920242
40.0,crank_nicolson,0.9285714285714285,0.07142857142857142,0.01784513217191084
40.0,crank_nicolson,0.9285714285714285,0.14285714285714285,0.0377781971538863
40.0,crank_nicolson,0.9285714285714285,0.21428571428571427,0.05871249393828532
40.0,crank_nicolson,0.9285714285714285,0.2857142857142857,0.0789985201840622
40.0,crank_nicolson,0.9285714285714285,0.3571428571428571,0.09809325774049503
40.0,crank_nicolson,0.9285714285714285,0.42857142857142855,0.11352953796556224
40.0,crank_nicolson,0.9285714285714285,0.5,0.12010339049403619
40.0,crank_nicolson,0.9285714285714285,0.5714285714285714,0.11352953796556343
40.0,crank_nicolson,0.9285714285714285,0.6428571428571428,0.0980932577404955
40.0,crank_nicolson,0.9285714285714285,0.7142857142857142,0.07899852018406248
40.0,crank_nicolson,0.9285714285714285,0.7857142857142857,0.05871249393828544
40.0,crank_nicolson,0.9285714285714285,0.8571428571428571,0.037778197153886334
40.0,crank_nicolson,0.9285714285714285,0.9285714285714285,0.01784513217191087
40.0,crank_nicolson,0.9285714285714285,1.0,0.10035328978920242
40.0,crank_nicolson,1.0,0.0,0.10035328978920242
40.0,crank_nicolson,1.0,0.07142857142857142,0.10035328978920242
40.0,crank_nicolson,1.0,0.14285714285714285,0.10035328978920242
40.0,crank_nicolson,1.0,0.21428571428571427,0.10035328978920242
40.0,crank_nicolson,1.0,0.2857142857142857,0.10035328978920242
40.0,crank_nicolson,1.0,0.3571428571428571,0.10035328978920242
40.0,crank_nicolson,1.0,0.42857142857142855,0.10035328978920242
40.0,crank_nicolson,1.0,0.5,0.10035328978920242
40.0,crank_nicolson,1.0,0.5714285714285714,0.10035328978920242
40.0,crank_nicolson,1.0,0.6428571428571428,0.10035328978920242
40.0,crank_nicolson,1.0,0.7142857142857142,0.10035328978920242
40.0,crank_nicolson,1.0,0.7857142857142857,0.10035328978920242
40.0,crank_nicolson,1.0,0.8571428571428571,0.10035328978920242
40.0,crank_nicolson,1.0,0.9285714285714285,0.10035328978920242
40.0,crank_nicolson,1.0,1.0,0.10035328978920242
41.0,crank_nicolson,0.0,0.0,0.036163602504763415
41.0,crank_nicolson,0.0,0.07142857142857142,0.036163602504763415
41.0,crank_nicolson,0.0,0.14285714285714285,0.036163602504763415
41.0,crank_nicolson,0.0,0.21428571428571427,0.036163602504763415
41.0,crank_nicolson,0.0,0.2857142857142857,0.036163602504763415
41.0,crank_nicolson,0.0,0.3571428571428571,0.036163602504763415
41.0,crank_nicolson,0.0,0.42857142857142855,0.036163602504763415
41.0,crank_nicolson,0.0,0.5,0.036163602504763415
41.0,crank_nicolson,0.0,0.5714285714285714,0.036163602504763415
41.0,crank_nicolson,0.0,0.6428571428571428,0.036163602504763415
41.0,crank_nicolson,0.0,0.7142857142857142,0.036163602504763415
41.0,crank_nicolson,0.0,0.7857142857142857,0.036163602504763415
41.0,crank_nicolson,0.0,0.8571428571428571,0.036163602504763415
41.0,crank_nicolson,0.0,0.9285714285714285,0.036163602504763415
41.0,crank_nicolson,0.0,1.0,0.036163602504763415
41.0,crank_nicolson,0.07142857142857142,0.0,0.036163602504763415
41.0,crank_nicolson,0.07142857142857142,0.07142857142857142,0.01838685776687211
41.0,crank_nicolson,0.07142857142857142,0.14285714285714285,0.038083414856801605
41.0,crank_nicolson,0.07142857142857142,0.21428571428571427,0.05899095741906222
41.0,crank_nicolson,0.07142857142857142,0.2857142857142857,0.07926806534880067
41.0,crank_nicolson,0.07142857142857142,0.3571428571428571,0.09832864309028536
41.0,crank_nicolson,0.07142857142857142,0.42857142857142855,0.11369390900200613
41.0,crank_nicolson,0.07142857142857142,0.5,0.12020975563572618
41.0,crank_nicolson,0.07142857142857142,0.5714285714285714,0.11369390900200581
41.0,crank_nicolson,0.07142857142857142,0.6428571428571428,0.0983286430902851
41.0,crank_nicolson,0.07142857142857142,0.7142857142857142,0.07926806534880064
41.0,crank_nicolson,0.07142857142857142,0.7857142857142857,0.05899095741906222
41.0,crank_nicolson,0.07142857142857142,0.8571428571428571,0.038083414856801605
41.0,crank_nicolson,0.07142857142857142,0.9285714285714285,0.01838685776687212
41.0,crank_nicolson,0.07142857142857142,1.0,0.036163602504763415
41.0,crank_nicolson,0.14285714285714285,0.0,0.036163602504763415
41.0,crank_nicolson,0.14285714285714285,0.07142857142857142,0.03808341485680154
41.0,crank_nicolson,0.14285714285714285,0.14285714285714285,0.07897142673344573
41.0,crank_nicolson,0.14285714285714285,0.21428571428571427,0.12059091466963334
41.0,crank_nicolson,0.14285714285714285,0.2857142857142857,0.16105848597234337
41.0,crank_nicolson,0.14285714285714285,0.3571428571428571,0.19915759050938917
41.0,crank_nicolson,0.14285714285714285,0.42857142857142855,0.2298809095581096
41.0,crank_nicolson,0.14285714285714285,0.5,0.24291024742438658
41.0,crank_nicolson,0.14285714285714285,0.5714285714285714,0.229880909558109
41.0,crank_nicolson,0.14285714285714285,0.6428571428571428,0.1991575905093892
41.0,crank_nicolson,0.14285714285714285,0.7142857142857142,0.16105848597234335
41.0,crank_nicolson,0.14285714285714285,0.7857142857142857,0.12059091466963334
41.0,crank_nicolson,0.14285714285714285,0.8571428571428571,0.07897142673344575
41.0,crank_nicolson,0.14285714285714285,0.9285714285714285,0.03808341485680159
41.0,crank_nicolson,0.14285714285714285,1.0,0.036163602504763415
41.0,crank_nicolson,0.21428571428571427,0.0,0.036163602504763415
41.0,crank_nicolson,0.21428571428571427,0.07142857142857142,0.05899095741906204
41.0,crank_nicolson,0.21428571428571427,0.14285714285714285,0.12059091466963318
41.0,crank_nicolson,0.21428571428571427,0.21428571428571427,0.18263563333997554
41.0,crank_nicolson,0.21428571428571427,0.2857142857142857,0.2431876420836403
41.0,crank_nicolson,0.21428571428571427,0.3571428571428571,0.30027316421010014
41.0,crank_nicolson,0.21428571428571427,0.42857142857142855,0.3463196263535708
41.0,crank_nicolson,0.21428571428571427,0.5,0.36584806667552994
41.0,crank_nicolson,0.21428571428571427,0.5714285714285714,0.34631962635357016
41.0,crank_nicolson,0.21428571428571427,0.6428571428571428,0.3002731642101001
41.0,crank_nicolson,0.21428571428571427,0.7142857142857142,0.24318764208364013
41.0,crank_nicolson,0.21428571428571427,0.7857142857142857,0.18263563333997548
41.0,crank_nicolson,0.21428571428571427,0.8571428571428571,0.12059091466963322
41.0,crank_nicolson,0.21428571428571427,0.9285714285714285,0.05899095741906209
41.0,crank_nicolson,0.21428571428571427,1.0,0.036163602504763415
41.0,crank_nicolson,0.2857142857142857,0.0,0.036163602504763415
41.0,crank_nicolson,0.2857142857142857,0.07142857142857142,0.07926806534880035
41.0,crank_nicolson,0.2857142857142857,0.14285714285714285,0.16105848597234337
41.0,crank_nicolson,0.2857142857142857,0.21428571428571427,0.2431876420836408
41.0,crank_nicolson,0.2857142857142857,0.2857142857142857,0.32356244733750783
41.0,crank_nicolson,0.2857142857142857,0.3571428571428571,0.39940368869150966
41.0,crank_nicolson,0.2857142857142857,0.42857142857142855,0.46058923145294095
41.0,crank_nicolson,0.2857142857142857,0.5,0.4865388001419711
41.0,crank_nicolson,0.2857142857142857,0.5714285714285714,0.4605892314529416
41.0,crank_nicolson,0.2857142857142857,0.6428571428571428,0.3994036886915095
41.0,crank_nicolson,0.2857142857142857,0.7142857142857142,0.32356244733750766
41.0,crank_nicolson,0.2857142857142857,0.7857142857142857,0.24318764208364074
41.0,crank_nicolson,0.2857142857142857,0.8571428571428571,0.1610584859723436
41.0,crank_nicolson,0.2857142857142857,0.9285714285714285,0.07926806534880035
41.0,crank_nicolson,0.2857142857142857,1.0,0.036163602504763415
41.0,crank_nicolson,0.3571428571428571,0.0,0.036163602504763415
41.0,crank_nicolson,0.3571428571428571,0.07142857142857142,0.09832864309028513
41.0,crank_nicolson,0.3571428571428571,0.14285714285714285,0.1991575905093894
41.0,crank_nicolson,0.3571428571428571,0.21428571428571427,0.3002731642101012
41.0,crank_nicolson,0.3571428571428571,0.2857142857142857,0.3994036886915112
41.0,crank_nicolson,0.3571428571428571,0.3571428571428571,0.49299422758135775
41.0,crank_nicolson,0.3571428571428571,0.42857142857142855,0.5685067893066682
41.0,crank_nicolson,0.3571428571428571,0.5,0.6005330369289047
41.0,crank_nicolson,0.3571428571428571,0.5714285714285714,0.5685067893066696
41.0,crank_nicolson,0.3571428571428571,0.6428571428571428,0.4929942275813578
41.0,crank_nicolson,0.3571428571428571,0.7142857142857142,0.39940368869151155
41.0,crank_nicolson,0.3571428571428571,0.7857142857142857,0.3002731642101015
41.0,crank_nicolson,0.3571428571428571,0.8571428571428571,0.19915759050938986
41.0,crank_nicolson,0.3571428571428571,0.9285714285714285,0.09832864309028505
41.0,crank_nicolson,0.3571428571428571,1.0,0.036163602504763415
41.0,crank_nicolson,0.42857142857142855,0.0,0.036163602504763415
41.0,crank_nicolson,0.42857142857142855,0.07142857142857142,0.1136939090020059
41.0,crank_nicolson,0.42857142857142855,0.14285714285714285,0.22988090955810978
41.0,crank_nicolson,0.42857142857142855,0.21428571428571427,0.34631962635357294
41.0,crank_nicolson,0.42857142857142855,0.2857142857142857,0.4605892314529428
41.0,crank_nicolson,0.42857142857142855,0.3571428571428571,0.5685067893066688
41.0,crank_nicolson,0.42857142857142855,0.42857142857142855,0.655583896188344
41.0,crank_nicolson,0.42857142857142855,0.5,0.6925150828115807
41.0,crank_nicolson,0.42857142857142855,0.5714285714285714,0.6555838961883448
41.0,crank_nicolson,0.42857142857142855,0.6428571428571428,0.5685067893066698
41.0,crank_nicolson,0.42857142857142855,0.7142857142857142,0.4605892314529443
41.0,crank_nicolson,0.42857142857142855,0.7857142857142857,0.34631962635357383
41.0,crank_nicolson,0.42857142857142855,0.8571428571428571,0.22988090955811
41.0,crank_nicolson,0.42857142857142855,0.9285714285714285,0.11369390900200549
41.0,crank_nicolson,0.42857142857142855,1.0,0.036163602504763415
41.0,crank_nicolson,0.5,0.0,0.036163602504763415
41.0,crank_nicolson,0.5,0.07142857142857142,0.12020975563572621
41.0,crank_nicolson,0.5,0.14285714285714285,0.24291024742438688
41.0,crank_nicolson,0.5,0.21428571428571427,0.36584806667553077
41.0,crank_nicolson,0.5,0.2857142857142857,0.48653880014196893
41.0,crank_nicolson,0.5,0.3571428571428571,0.6005330369289039
41.0,crank_nicolson,0.5,0.42857142857142855,0.6925150828115837
41.0,crank_nicolson,0.5,0.5,0.7315265790623419
41.0,crank_nicolson,0.5,0.5714285714285714,0.6925150828115808
41.0,crank_nicolson,0.5,0.6428571428571428,0.6005330369289036
41.0,crank_nicolson,0.5,0.7142857142857142,0.486538800141971
41.0,crank_nicolson,0.5,0.7857142857142857,0.36584806667553255
41.0,crank_nicolson,0.5,0.8571428571428571,0.2429102474243876
41.0,crank_nicolson,0.5,0.9285714285714285,0.12020975563572633
41.0,crank_nicolson,0.5,1.0,0.036163602504763415
41.0,crank_nicolson,0.5714285714285714,0.0,0.036163602504763415
41.0,crank_nicolson,0.5714285714285714,0.07142857142857142,0.11369390900200607
41.0,crank_nicolson,0.5714285714285714,0.14285714285714285,0.22988090955810989
41.0,crank_nicolson,0.5714285714285714,0.21428571428571427,0.34631962635356933
41.0,crank_nicolson,0.5714285714285714,0.2857142857142857,0.46058923145293906
41.0,crank_nicolson,0.5714285714285714,0.3571428571428571,0.5685067893066659
41.0,crank_nicolson,0.5714285714285714,0.42857142857142855,0.6555838961883448
41.0,crank_nicolson,0.5714285714285714,0.5,0.6925150828115828
41.0,crank_nicolson,0.5714285714285714,0.5714285714285714,0.6555838961883472
41.0,crank_nicolson,0.5714285714285714,0.6428571428571428,0.56850678930667
41.0,crank_nicolson,0.5714285714285714,0.7142857142857142,0.4605892314529421
41.0,crank_nicolson,0.5714285714285714,0.7857142857142857,0.3463196263535728
41.0,crank_nicolson,0.5714285714285714,0.8571428571428571,0.22988090955811186
41.0,crank_nicolson,0.5714285714285714,0.9285714285714285,0.11369390900200654
41.0,crank_nicolson,0.5714285714285714,1.0,0.036163602504763415
41.0,crank_nicolson,0.6428571428571428,0.0,0.036163602504763415
41.0,crank_nicolson,0.6428571428571428,0.07142857142857142,0.09832864309028488
41.0,crank_nicolson,0.6428571428571428,0.14285714285714285,0.19915759050938905
41.0,crank_nicolson,0.6428571428571428,0.21428571428571427,0.3002731642100996
41.0,crank_nicolson,0.6428571428571428,0.2857142857142857,0.39940368869150866
41.0,crank_nicolson,0.6428571428571428,0.3571428571428571,0.49299422758135536
41.0,crank_nicolson,0.6428571428571428,0.42857142857142855,0.5685067893066685
41.0,crank_nicolson,0.6428571428571428,0.5,0.6005330369289051
41.0,crank_nicolson,0.6428571428571428,0.5714285714285714,0.5685067893066706
41.0,crank_nicolson,0.6428571428571428,0.6428571428571428,0.4929942275813599
41.0,crank_nicolson,0.6428571428571428,0.7142857142857142,0.3994036886915107
41.0,crank_nicolson,0.6428571428571428,0.7857142857142857,0.30027316421010103
41.0,crank_nicolson,0.6428571428571428,0.8571428571428571,0.1991575905093904
41.0,crank_nicolson,0.6428571428571428,0.9285714285714285,0.09832864309028531
41.0,crank_nicolson,0.6428571428571428,1.0,0.036163602504763415
41.0,crank_nicolson,0.7142857142857142,0.0,0.036163602504763415
41.0,crank_nicolson,0.7142857142857142,0.07142857142857142,0.0792680653488006
41.0,crank_nicolson,0.7142857142857142,0.14285714285714285,0.1610584859723433
41.0,crank_nicolson,0.7142857142857142,0.21428571428571427,0.24318764208363997
41.0,crank_nicolson,0.7142857142857142,0.2857142857142857,0.32356244733750705
41.0,crank_nicolson,0.7142857142857142,0.3571428571428571,0.39940368869150883
41.0,crank_nicolson,0.7142857142857142,0.42857142857142855,0.46058923145294123
41.0,crank_nicolson,0.7142857142857142,0.5,0.48653880014197254
41.0,crank_nicolson,0.7142857142857142,0.5714285714285714,0.46058923145294434
41.0,crank_nicolson,0.7142857142857142,0.6428571428571428,0.39940368869151144
41.0,crank_nicolson,0.7142857142857142,0.7142857142857142,0.32356244733750805
41.0,crank_nicolson,0.7142857142857142,0.7857142857142857,0.24318764208364058
41.0,crank_nicolson,0.7142857142857142,0.8571428571428571,0.16105848597234376
41.0,crank_nicolson,0.7142857142857142,0.9285714285714285,0.07926806534880076
41.0,crank_nicolson,0.7142857142857142,1.0,0.036163602504763415
41.0,crank_nicolson,0.7857142857142857,0.0,0.036163602504763415
41.0,crank_nicolson,0.7857142857142857,0.07142857142857142,0.05899095741906221
41.0,crank_nicolson,0.7857142857142857,0.14285714285714285,0.12059091466963334
41.0,crank_nicolson,0.7857142857142857,0.21428571428571427,0.18263563333997546
41.0,crank_nicolson,0.7857142857142857,0.2857142857142857,0.24318764208364038
41.0,crank_nicolson,0.7857142857142857,0.3571428571428571,0.30027316421010025
41.0,crank_nicolson,0.7857142857142857,0.42857142857142855,0.3463196263535711
41.0,crank_nicolson,0.7857142857142857,0.5,0.36584806667553216
41.0,crank_nicolson,0.7857142857142857,0.5714285714285714,0.34631962635357255
41.0,crank_nicolson,0.7857142857142857,0.6428571428571428,0.3002731642101016
41.0,crank_nicolson,0.7857142857142857,0.7142857142857142,0.24318764208364088
41.0,crank_nicolson,0.7857142857142857,0.7857142857142857,0.18263563333997557
41.0,crank_nicolson,0.7857142857142857,0.8571428571428571,0.1205909146696335
41.0,crank_nicolson,0.7857142857142857,0.9285714285714285,0.05899095741906229
41.0,crank_nicolson,0.7857142857142857,1.0,0.036163602504763415
41.0,crank_nicolson,0.8571428571428571,0.0,0.036163602504763415
41.0,crank_nicolson,0.8571428571428571,0.07142857142857142,0.0380834148568016
41.0,crank_nicolson,0.8571428571428571,0.14285714285714285,0.07897142673344573
41.0,crank_nicolson,0.8571428571428571,0.21428571428571427,0.12059091466963318
41.0,crank_nicolson,0.8571428571428571,0.2857142857142857,0.1610584859723434
41.0,crank_nicolson,0.8571428571428571,0.3571428571428571,0.1991575905093894
41.0,crank_nicolson,0.8571428571428571,0.42857142857142855,0.22988090955810941
41.0,crank_nicolson,0.8571428571428571,0.5,0.2429102474243874
41.0,crank_nicolson,0.8571428571428571,0.5714285714285714,0.22988090955811194
41.0,crank_nicolson,0.8571428571428571,0.6428571428571428,0.19915759050939064
41.0,crank_nicolson,0.8571428571428571,0.7142857142857142,0.16105848597234373
41.0,crank_nicolson,0.8571428571428571,0.7857142857142857,0.12059091466963329
41.0,crank_nicolson,0.8571428571428571,0.8571428571428571,0.07897142673344582
41.0,crank_nicolson,0.8571428571428571,0.9285714285714285,0.03808341485680165
41.0,crank_nicolson,0.8571428571428571,1.0,0.036163602504763415
41.0,crank_nicolson,0.9285714285714285,0.0,0.036163602504763415
41.0,crank_nicolson,0.9285714285714285,0.07142857142857142,0.018386857766872114
41.0,crank_nicolson,0.9285714285714285,0.14285714285714285,0.03808341485680157
41.0,crank_nicolson,0.9285714285714285,0.21428571428571427,0.05899095741906204
41.0,crank_nicolson,0.9285714285714285,0.2857142857142857,0.07926806534880025
41.0,crank_nicolson,0.9285714285714285,0.3571428571428571,0.09832864309028491
41.0,crank_nicolson,0.9285714285714285,0.42857142857142855,0.11369390900200538
41.0,crank_nicolson,0.9285714285714285,0.5,0.12020975563572628
41.0,crank_nicolson,0.9285714285714285,0.5714285714285714,0.11369390900200659
41.0,crank_nicolson,0.9285714285714285,0.6428571428571428,0.09832864309028537
41.0,crank_nicolson,0.9285714285714285,0.7142857142857142,0.07926806534880056
41.0,crank_nicolson,0.9285714285714285,0.7857142857142857,0.05899095741906216
41.0,crank_nicolson,0.9285714285714285,0.8571428571428571,0.03808341485680162
41.0,crank_nicolson,0.9285714285714285,0.9285714285714285,0.01838685776687215
41.0,crank_nicolson,0.9285714285714285,1.0,0.036163602504763415
41.0,crank_nicolson,1.0,0.0,0.036163602504763415
41.0,crank_nicolson,1.0,0.07142857142857142,0.036163602504763415
41.0,crank_nicolson,1.0,0.14285714285714285,0.036163602504763415
41.0,crank_nicolson,1.0,0.21428571428571427,0.036163602504763415
41.0,crank_nicolson,1.0,0.2857142857142857,0.036163602504763415
41.0,crank_nicolson,1.0,0.3571428571428571,0.036163602504763415
41.0,crank_nicolson,1.0,0.42857142857142855,0.036163602504763415
41.0,crank_nicolson,1.0,0.5,0.036163602504763415
41.0,crank_nicolson,1.0,0.5714285714285714,0.036163602504763415
41.0,crank_nicolson,1.0,0.6428571428571428,0.036163602504763415
41.0,crank_nicolson,1.0,0.7142857142857142,0.036163602504763415
41.0,crank_nicolson,1.0,0.7857142857142857,0.036163602504763415
41.0,crank_nicolson,1.0,0.8571428571428571,0.036163602504763415
41.0,crank_nicolson,1.0,0.9285714285714285,0.036163602504763415
41.0,crank_nicolson,1.0,1.0,0.036163602504763415
42.0,crank_nicolson,0.0,0.0,0.036139560550841394
42.0,crank_nicolson,0.0,0.07142857142857142,0.036139560550841394
42.0,crank_nicolson,0.0,0.14285714285714285,0.036139560550841394
42.0,crank_nicolson,0.0,0.21428571428571427,0.036139560550841394
42.0,crank_nicolson,0.0,0.2857142857142857,0.036139560550841394
42.0,crank_nicolson,0.0,0.3571428571428571,0.036139560550841394
42.0,crank_nicolson,0.0,0.42857142857142855,0.036139560550841394
42.0,crank_nicolson,0.0,0.5,0.036139560550841394
42.0,crank_nicolson,0.0,0.5714285714285714,0.036139560550841394
42.0,crank_nicolson,0.0,0.6428571428571428,0.036139560550841394
42.0,crank_nicolson,0.0,0.7142857142857142,0.036139560550841394
42.0,crank_nicolson,0.0,0.7857142857142857,0.036139560550841394
42.0,crank_nicolson,0.0,0.8571428571428571,0.036139560550841394
42.0,crank_nicolson,0.0,0.9285714285714285,0.036139560550841394
42.0,crank_nicolson,0.0,1.0,0.036139560550841394
42.0,crank_nicolson,0.07142857142857142,0.0,0.036139560550841394
42.0,crank_nicolson,0.07142857142857142,0.07142857142857142,0.018111455861389233
42.0,crank_nicolson,0.07142857142857142,0.14285714285714285,0.03800304830036328
42.0,crank_nicolson,0.07142857142857142,0.21428571428571427,0.0588638691908686
42.0,crank_nicolson,0.07142857142857142,0.2857142857142857,0.07912149683611235
42.0,crank_nicolson,0.07142857142857142,0.3571428571428571,0.09811326101835613
42.0,crank_nicolson,0.07142857142857142,0.42857142857142855,0.11333852453228449
42.0,crank_nicolson,0.07142857142857142,0.5,0.11974246704080274
42.0,crank_nicolson,0.07142857142857142,0.5714285714285714,0.11333852453228417
42.0,crank_nicolson,0.07142857142857142,0.6428571428571428,0.09811326101835585
42.0,crank_nicolson,0.07142857142857142,0.7142857142857142,0.07912149683611229
42.0,crank_nicolson,0.07142857142857142,0.7857142857142857,0.0588638691908686
42.0,crank_nicolson,0.07142857142857142,0.8571428571428571,0.03800304830036328
42.0,crank_nicolson,0.07142857142857142,0.9285714285714285,0.018111455861389243
42.0,crank_nicolson,0.07142857142857142,1.0,0.036139560550841394
42.0,crank_nicolson,0.14285714285714285,0.0,0.036139560550841394
42.0,crank_nicolson,0.14285714285714285,0.07142857142857142,0.038003048300363204
42.0,crank_nicolson,0.14285714285714285,0.14285714285714285,0.0789976632008056
42.0,crank_nicolson,0.14285714285714285,0.21428571428571427,0.12056486688810084
42.0,crank_nicolson,0.14285714285714285,0.2857142857142857,0.16099451847152418
42.0,crank_nicolson,0.14285714285714285,0.3571428571428571,0.19895443066460644
42.0,crank_nicolson,0.14285714285714285,0.42857142857142855,0.22939688688882695
42.0,crank_nicolson,0.14285714285714285,0.5,0.2422021381883651
42.0,crank_nicolson,0.14285714285714285,0.5714285714285714,0.22939688688882634
42.0,crank_nicolson,0.14285714285714285,0.6428571428571428,0.1989544306646065
42.0,crank_nicolson,0.14285714285714285,0.7142857142857142,0.16099451847152413
42.0,crank_nicolson,0.14285714285714285,0.7857142857142857,0.12056486688810084
42.0,crank_nicolson,0.14285714285714285,0.8571428571428571,0.07899766320080559
42.0,crank_nicolson,0.14285714285714285,0.9285714285714285,0.03800304830036325
42.0,crank_nicolson,0.14285714285714285,1.0,0.036139560550841394
42.0,crank_nicolson,0.21428571428571427,0.0,0.036139560550841394
42.0,crank_nicolson,0.21428571428571427,0.07142857142857142,0.05886386919086842
42.0,crank_nicolson,0.21428571428571427,0.14285714285714285,0.12056486688810067
42.0,crank_nicolson,0.21428571428571427,0.21428571428571427,0.18255369230460575
42.0,crank_nicolson,0.21428571428571427,0.2857142857142857,0.24304223101854644
42.0,crank_nicolson,0.21428571428571427,0.3571428571428571,0.2999130066313564
42.0,crank_nicolson,0.21428571428571427,0.42857142857142855,0.3455344338219005
42.0,crank_nicolson,0.21428571428571427,0.5,0.36472539543879434
42.0,crank_nicolson,0.21428571428571427,0.5714285714285714,0.34553443382189986
42.0,crank_nicolson,0.21428571428571427,0.6428571428571428,0.29991300663135634
42.0,crank_nicolson,0.21428571428571427,0.7142857142857142,0.24304223101854627
42.0,crank_nicolson,0.21428571428571427,0.7857142857142857,0.18255369230460572
42.0,crank_nicolson,0.21428571428571427,0.8571428571428571,0.12056486688810071
42.0,crank_nicolson,0.21428571428571427,0.9285714285714285,0.05886386919086847
42.0,crank_nicolson,0.21428571428571427,1.0,0.036139560550841394
42.0,crank_nicolson,0.2857142857142857,0.0,0.036139560550841394
42.0,crank_nicolson,0.2857142857142857,0.07142857142857142,0.07912149683611198
42.0,crank_nicolson,0.2857142857142857,0.14285714285714285,0.16099451847152424
42.0,crank_nicolson,0.2857142857142857,0.21428571428571427,0.24304223101854694
42.0,crank_nicolson,0.2857142857142857,0.2857142857142857,0.32330869513712784
42.0,crank_nicolson,0.2857142857142857,0.3571428571428571,0.3988435369687189
42.0,crank_nicolson,0.2857142857142857,0.42857142857142855,0.4594483069024499
42.0,crank_nicolson,0.2857142857142857,0.5,0.4849428010660711
42.0,crank_nicolson,0.2857142857142857,0.5714285714285714,0.45944830690245075
42.0,crank_nicolson,0.2857142857142857,0.6428571428571428,0.3988435369687188
42.0,crank_nicolson,0.2857142857142857,0.7142857142857142,0.32330869513712757
42.0,crank_nicolson,0.2857142857142857,0.7857142857142857,0.24304223101854688
42.0,crank_nicolson,0.2857142857142857,0.8571428571428571,0.16099451847152443
42.0,crank_nicolson,0.2857142857142857,0.9285714285714285,0.07912149683611201
42.0,crank_nicolson,0.2857142857142857,1.0,0.036139560550841394
42.0,crank_nicolson,0.3571428571428571,0.0,0.036139560550841394
42.0,crank_nicolson,0.3571428571428571,0.07142857142857142,0.09811326101835587
42.0,crank_nicolson,0.3571428571428571,0.14285714285714285,0.19895443066460655
42.0,crank_nicolson,0.3571428571428571,0.21428571428571427,0.2999130066313575
42.0,crank_nicolson,0.3571428571428571,0.2857142857142857,0.39884353696872055
42.0,crank_nicolson,0.3571428571428571,0.3571428571428571,0.4919950529429962
42.0,crank_nicolson,0.3571428571428571,0.42857142857142855,0.5667427187694951
42.0,crank_nicolson,0.3571428571428571,0.5,0.59818715554708
42.0,crank_nicolson,0.3571428571428571,0.5714285714285714,0.5667427187694962
42.0,crank_nicolson,0.3571428571428571,0.6428571428571428,0.4919950529429964
42.0,crank_nicolson,0.3571428571428571,0.7142857142857142,0.39884353696872077
42.0,crank_nicolson,0.3571428571428571,0.7857142857142857,0.29991300663135767
42.0,crank_nicolson,0.3571428571428571,0.8571428571428571,0.19895443066460708
42.0,crank_nicolson,0.3571428571428571,0.9285714285714285,0.09811326101835582
42.0,crank_nicolson,0.3571428571428571,1.0,0.036139560550841394
42.0,crank_nicolson,0.42857142857142855,0.0,0.036139560550841394
42.0,crank_nicolson,0.42857142857142855,0.07142857142857142,0.11333852453228434
42.0,crank_nicolson,0.42857142857142855,0.14285714285714285,0.22939688688882717
42.0,crank_nicolson,0.42857142857142855,0.21428571428571427,0.3455344338219029
42.0,crank_nicolson,0.42857142857142855,0.2857142857142857,0.4594483069024518
42.0,crank_nicolson,0.42857142857142855,0.3571428571428571,0.5667427187694958
42.0,crank_nicolson,0.42857142857142855,0.42857142857142855,0.652844450972918
42.0,crank_nicolson,0.42857142857142855,0.5,0.6890655089840694
42.0,crank_nicolson,0.42857142857142855,0.5714285714285714,0.6528444509729191
42.0,crank_nicolson,0.42857142857142855,0.6428571428571428,0.5667427187694966
42.0,crank_nicolson,0.42857142857142855,0.7142857142857142,0.4594483069024533
42.0,crank_nicolson,0.42857142857142855,0.7857142857142857,0.34553443382190374
42.0,crank_nicolson,0.42857142857142855,0.8571428571428571,0.22939688688882737
42.0,crank_nicolson,0.42857142857142855,0.9285714285714285,0.11333852453228394
42.0,crank_nicolson,0.42857142857142855,1.0,0.036139560550841394
42.0,crank_nicolson,0.5,0.0,0.036139560550841394
42.0,crank_nicolson,0.5,0.07142857142857142,0.11974246704080276
42.0,crank_nicolson,0.5,0.14285714285714285,0.24220213818836536
42.0,crank_nicolson,0.5,0.21428571428571427,0.364725395438795
42.0,crank_nicolson,0.5,0.2857142857142857,0.48494280106606885
42.0,crank_nicolson,0.5,0.3571428571428571,0.5981871555470791
42.0,crank_nicolson,0.5,0.42857142857142855,0.6890655089840725
42.0,crank_nicolson,0.5,0.5,0.7272960318394296
42.0,crank_nicolson,0.5,0.5714285714285714,0.6890655089840695
42.0,crank_nicolson,0.5,0.6428571428571428,0.5981871555470785
42.0,crank_nicolson,0.5,0.7142857142857142,0.48494280106607096
42.0,crank_nicolson,0.5,0.7857142857142857,0.364725395438797
42.0,crank_nicolson,0.5,0.8571428571428571,0.2422021381883661
42.0,crank_nicolson,0.5,0.9285714285714285,0.11974246704080295
42.0,crank_nicolson,0.5,1.0,0.036139560550841394
42.0,crank_nicolson,0.5714285714285714,0.0,0.036139560550841394
42.0,crank_nicolson,0.5714285714285714,0.07142857142857142,0.11333852453228445
42.0,crank_nicolson,0.5714285714285714,0.14285714285714285,0.22939688688882723
42.0,crank_nicolson,0.5714285714285714,0.21428571428571427,0.34553443382189897
42.0,crank_nicolson,0.5714285714285714,0.2857142857142857,0.4594483069024482
42.0,crank_nicolson,0.5714285714285714,0.3571428571428571,0.5667427187694926
42.0,crank_nicolson,0.5714285714285714,0.42857142857142855,0.652844450972919
42.0,crank_nicolson,0.5714285714285714,0.5,0.6890655089840717
42.0,crank_nicolson,0.5714285714285714,0.5714285714285714,0.6528444509729214
42.0,crank_nicolson,0.5714285714285714,0.6428571428571428,0.566742718769497
42.0,crank_nicolson,0.5714285714285714,0.7142857142857142,0.459448306902451
42.0,crank_nicolson,0.5714285714285714,0.7857142857142857,0.34553443382190274
42.0,crank_nicolson,0.5714285714285714,0.8571428571428571,0.2293968868888292
42.0,crank_nicolson,0.5714285714285714,0.9285714285714285,0.11333852453228495
42.0,crank_nicolson,0.5714285714285714,1.0,0.036139560550841394
42.0,crank_nicolson,0.6428571428571428,0.0,0.036139560550841394
42.0,crank_nicolson,0.6428571428571428,0.07142857142857142,0.09811326101835562
42.0,crank_nicolson,0.6428571428571428,0.14285714285714285,0.19895443066460644
42.0,crank_nicolson,0.6428571428571428,0.21428571428571427,0.2999130066313558
42.0,crank_nicolson,0.6428571428571428,0.2857142857142857,0.3988435369687179
42.0,crank_nicolson,0.6428571428571428,0.3571428571428571,0.49199505294299406
42.0,crank_nicolson,0.6428571428571428,0.42857142857142855,0.5667427187694956
42.0,crank_nicolson,0.6428571428571428,0.5,0.59818715554708
42.0,crank_nicolson,0.6428571428571428,0.5714285714285714,0.5667427187694979
42.0,crank_nicolson,0.6428571428571428,0.6428571428571428,0.49199505294299856
42.0,crank_nicolson,0.6428571428571428,0.7142857142857142,0.39884353696872005
42.0,crank_nicolson,0.6428571428571428,0.7857142857142857,0.29991300663135734
42.0,crank_nicolson,0.6428571428571428,0.8571428571428571,0.19895443066460772
42.0,crank_nicolson,0.6428571428571428,0.9285714285714285,0.09811326101835605
42.0,crank_nicolson,0.6428571428571428,1.0,0.036139560550841394
42.0,crank_nicolson,0.7142857142857142,0.0,0.036139560550841394
42.0,crank_nicolson,0.7142857142857142,0.07142857142857142,0.07912149683611225
42.0,crank_nicolson,0.7142857142857142,0.14285714285714285,0.16099451847152407
42.0,crank_nicolson,0.7142857142857142,0.21428571428571427,0.24304223101854605
42.0,crank_nicolson,0.7142857142857142,0.2857142857142857,0.323308695137127
42.0,crank_nicolson,0.7142857142857142,0.3571428571428571,0.3988435369687179
42.0,crank_nicolson,0.7142857142857142,0.42857142857142855,0.4594483069024505
42.0,crank_nicolson,0.7142857142857142,0.5,0.4849428010660724
42.0,crank_nicolson,0.7142857142857142,0.5714285714285714,0.4594483069024535
42.0,crank_nicolson,0.7142857142857142,0.6428571428571428,0.3988435369687207
42.0,crank_nicolson,0.7142857142857142,0.7142857142857142,0.32330869513712795
42.0,crank_nicolson,0.7142857142857142,0.7857142857142857,0.24304223101854674
42.0,crank_nicolson,0.7142857142857142,0.8571428571428571,0.16099451847152452
42.0,crank_nicolson,0.7142857142857142,0.9285714285714285,0.07912149683611244
42.0,crank_nicolson,0.7142857142857142,1.0,0.036139560550841394
42.0,crank_nicolson,0.7857142857142857,0.0,0.036139560550841394
42.0,crank_nicolson,0.7857142857142857,0.07142857142857142,0.05886386919086859
42.0,crank_nicolson,0.7857142857142857,0.14285714285714285,0.12056486688810084
42.0,crank_nicolson,0.7857142857142857,0.21428571428571427,0.18255369230460566
42.0,crank_nicolson,0.7857142857142857,0.2857142857142857,0.24304223101854652
42.0,crank_nicolson,0.7857142857142857,0.3571428571428571,0.2999130066313566
42.0,crank_nicolson,0.7857142857142857,0.42857142857142855,0.345534433821901
42.0,crank_nicolson,0.7857142857142857,0.5,0.36472539543879656
42.0,crank_nicolson,0.7857142857142857,0.5714285714285714,0.34553443382190246
42.0,crank_nicolson,0.7857142857142857,0.6428571428571428,0.2999130066313578
42.0,crank_nicolson,0.7857142857142857,0.7142857142857142,0.24304223101854702
42.0,crank_nicolson,0.7857142857142857,0.7857142857142857,0.18255369230460575
42.0,crank_nicolson,0.7857142857142857,0.8571428571428571,0.120564866888101
42.0,crank_nicolson,0.7857142857142857,0.9285714285714285,0.058863869190868674
42.0,crank_nicolson,0.7857142857142857,1.0,0.036139560550841394
42.0,crank_nicolson,0.8571428571428571,0.0,0.036139560550841394
42.0,crank_nicolson,0.8571428571428571,0.07142857142857142,0.038003048300363274
42.0,crank_nicolson,0.8571428571428571,0.14285714285714285,0.07899766320080559
42.0,crank_nicolson,0.8571428571428571,0.21428571428571427,0.12056486688810067
42.0,crank_nicolson,0.8571428571428571,0.2857142857142857,0.16099451847152427
42.0,crank_nicolson,0.8571428571428571,0.3571428571428571,0.1989544306646066
42.0,crank_nicolson,0.8571428571428571,0.42857142857142855,0.22939688688882678
42.0,crank_nicolson,0.8571428571428571,0.5,0.24220213818836592
42.0,crank_nicolson,0.8571428571428571,0.5714285714285714,0.22939688688882923
42.0,crank_nicolson,0.8571428571428571,0.6428571428571428,0.19895443066460794
42.0,crank_nicolson,0.8571428571428571,0.7142857142857142,0.16099451847152457
42.0,crank_nicolson,0.8571428571428571,0.7857142857142857,0.1205648668881008
42.0,crank_nicolson,0.8571428571428571,0.8571428571428571,0.07899766320080566
42.0,crank_nicolson,0.8571428571428571,0.9285714285714285,0.038003048300363315
42.0,crank_nicolson,0.8571428571428571,1.0,0.036139560550841394
42.0,crank_nicolson,0.9285714285714285,0.0,0.036139560550841394
42.0,crank_nicolson,0.9285714285714285,0.07142857142857142,0.018111455861389236
42.0,crank_nicolson,0.9285714285714285,0.14285714285714285,0.03800304830036323
42.0,crank_nicolson,0.9285714285714285,0.21428571428571427,0.05886386919086842
42.0,crank_nicolson,0.9285714285714285,0.2857142857142857,0.0791214968361119
42.0,crank_nicolson,0.9285714285714285,0.3571428571428571,0.09811326101835564
42.0,crank_nicolson,0.9285714285714285,0.42857142857142855,0.1133385245322838
42.0,crank_nicolson,0.9285714285714285,0.5,0.11974246704080288
42.0,crank_nicolson,0.9285714285714285,0.5714285714285714,0.11333852453228498
42.0,crank_nicolson,0.9285714285714285,0.6428571428571428,0.09811326101835613
42.0,crank_nicolson,0.9285714285714285,0.7142857142857142,0.07912149683611223
42.0,crank_nicolson,0.9285714285714285,0.7857142857142857,0.05886386919086853
42.0,crank_nicolson,0.9285714285714285,0.8571428571428571,0.03800304830036328
42.0,crank_nicolson,0.9285714285714285,0.9285714285714285,0.01811145586138927
42.0,crank_nicolson,0.9285714285714285,1.0,0.036139560550841394
42.0,crank_nicolson,1.0,0.0,0.036139560550841394
42.0,crank_nicolson,1.0,0.07142857142857142,0.036139560550841394
42.0,crank_nicolson,1.0,0.14285714285714285,0.036139560550841394
42.0,crank_nicolson,1.0,0.21428571428571427,0.036139560550841394
42.0,crank_nicolson,1.0,0.2857142857142857,0.036139560550841394
42.0,crank_nicolson,1.0,0.3571428571428571,0.036139560550841394
42.0,crank_nicolson,1.0,0.42857142857142855,0.036139560550841394
42.0,crank_nicolson,1.0,0.5,0.036139560550841394
42.0,crank_nicolson,1.0,0.5714285714285714,0.036139560550841394
42.0,crank_nicolson,1.0,0.6428571428571428,0.036139560550841394
42.0,crank_nicolson,1.0,0.7142857142857142,0.036139560550841394
42.0,crank_nicolson,1.0,0.7857142857142857,0.036139560550841394
42.0,crank_nicolson,1.0,0.8571428571428571,0.036139560550841394
42.0,crank_nicolson,1.0,0.9285714285714285,0.036139560550841394
42.0,crank_nicolson,1.0,1.0,0.036139560550841394
43.0,crank_nicolson,0.0,0.0,-0.003582603910995154
43.0,crank_nicolson,0.0,0.07142857142857142,-0.003582603910995154
43.0,crank_nicolson,0.0,0.14285714285714285,-0.003582603910995154
43.0,crank_nicolson,0.0,0.21428571428571427,-0.003582603910995154
43.0,crank_nicolson,0.0,0.2857142857142857,-0.003582603910995154
43.0,crank_nicolson,0.0,0.3571428571428571,-0.003582603910995154
43.0,crank_nicolson,0.0,0.42857142857142855,-0.003582603910995154
43.0,crank_nicolson,0.0,0.5,-0.003582603910995154
43.0,crank_nicolson,0.0,0.5714285714285714,-0.003582603910995154
43.0,crank_nicolson,0.0,0.6428571428571428,-0.003582603910995154
43.0,crank_nicolson,0.0,0.7142857142857142,-0.003582603910995154
43.0,crank_nicolson,0.0,0.7857142857142857,-0.003582603910995154
43.0,crank_nicolson,0.0,0.8571428571428571,-0.003582603910995154
43.0,crank_nicolson,0.0,0.9285714285714285,-0.003582603910995154
43.0,crank_nicolson,0.0,1.0,-0.003582603910995154
43.0,crank_nicolson,0.07142857142857142,0.0,-0.003582603910995154
43.0,crank_nicolson,0.07142857142857142,0.07142857142857142,0.020140074799373384
43.0,crank_nicolson,0.07142857142857142,0.14285714285714285,0.03911490411497523
43.0,crank_nicolson,0.07142857142857142,0.21428571428571427,0.059910444607644664
43.0,crank_nicolson,0.07142857142857142,0.2857142857142857,0.0801463813011374
43.0,crank_nicolson,0.07142857142857142,0.3571428571428571,0.09906871527146058
43.0,crank_nicolson,0.07142857142857142,0.42857142857142855,0.11415666073171005
43.0,crank_nicolson,0.07142857142857142,0.5,0.12045387351248286
43.0,crank_nicolson,0.07142857142857142,0.5714285714285714,0.11415666073170973
43.0,crank_nicolson,0.07142857142857142,0.6428571428571428,0.09906871527146034
43.0,crank_nicolson,0.07142857142857142,0.7142857142857142,0.08014638130113734
43.0,crank_nicolson,0.07142857142857142,0.7857142857142857,0.05991044460764466
43.0,crank_nicolson,0.07142857142857142,0.8571428571428571,0.03911490411497523
43.0,crank_nicolson,0.07142857142857142,0.9285714285714285,0.02014007479937339
43.0,crank_nicolson,0.07142857142857142,1.0,-0.003582603910995154
43.0,crank_nicolson,0.14285714285714285,0.0,-0.003582603910995154
43.0,crank_nicolson,0.14285714285714285,0.07142857142857142,0.03911490411497515
43.0,crank_nicolson,0.14285714285714285,0.14285714285714285,0.0790705720764177
43.0,crank_nicolson,0.14285714285714285,0.21428571428571427,0.12056284851686465
43.0,crank_nicolson,0.14285714285714285,0.2857142857142857,0.16095104199620075
43.0,crank_nicolson,0.14285714285714285,0.3571428571428571,0.19877056936408344
43.0,crank_nicolson,0.14285714285714285,0.42857142857142855,0.22893748503435682
43.0,crank_nicolson,0.14285714285714285,0.5,0.24152898002706805
43.0,crank_nicolson,0.14285714285714285,0.5714285714285714,0.22893748503435618
43.0,crank_nicolson,0.14285714285714285,0.6428571428571428,0.19877056936408352
43.0,crank_nicolson,0.14285714285714285,0.7142857142857142,0.16095104199620072
43.0,crank_nicolson,0.14285714285714285,0.7857142857142857,0.12056284851686465
43.0,crank_nicolson,0.14285714285714285,0.8571428571428571,0.07907057207641767
43.0,crank_nicolson,0.14285714285714285,0.9285714285714285,0.0391149041149752
43.0,crank_nicolson,0.14285714285714285,1.0,-0.003582603910995154
43.0,crank_nicolson,0.21428571428571427,0.0,-0.003582603910995154
43.0,crank_nicolson,0.21428571428571427,0.07142857142857142,0.059910444607644484
43.0,crank_nicolson,0.21428571428571427,0.14285714285714285,0.12056284851686448
43.0,crank_nicolson,0.21428571428571427,0.21428571428571427,0.18247176459143255
43.0,crank_nicolson,0.21428571428571427,0.2857142857142857,0.24289218496461193
43.0,crank_nicolson,0.21428571428571427,0.3571428571428571,0.299546251054844
43.0,crank_nicolson,0.21428571428571427,0.42857142857142855,0.3447504533975582
43.0,crank_nicolson,0.21428571428571427,0.5,0.36361937525576526
43.0,crank_nicolson,0.21428571428571427,0.5714285714285714,0.3447504533975579
43.0,crank_nicolson,0.21428571428571427,0.6428571428571428,0.2995462510548439
43.0,crank_nicolson,0.21428571428571427,0.7142857142857142,0.2428921849646118
43.0,crank_nicolson,0.21428571428571427,0.7857142857142857,0.18247176459143252
43.0,crank_nicolson,0.21428571428571427,0.8571428571428571,0.12056284851686452
43.0,crank_nicolson,0.21428571428571427,0.9285714285714285,0.05991044460764453
43.0,crank_nicolson,0.21428571428571427,1.0,-0.003582603910995154
43.0,crank_nicolson,0.2857142857142857,0.0,-0.003582603910995154
43.0,crank_nicolson,0.2857142857142857,0.07142857142857142,0.08014638130113703
43.0,crank_nicolson,0.2857142857142857,0.14285714285714285,0.16095104199620083
43.0,crank_nicolson,0.2857142857142857,0.21428571428571427,0.24289218496461243
43.0,crank_nicolson,0.2857142857142857,0.2857142857142857,0.32304417618580983
43.0,crank_nicolson,0.2857142857142857,0.3571428571428571,0.3982695554002371
43.0,crank_nicolson,0.2857142857142857,0.42857142857142855,0.45830370424121497
43.0,crank_nicolson,0.2857142857142857,0.5,0.4833636500767767
43.0,crank_nicolson,0.2857142857142857,0.5714285714285714,0.45830370424121586
43.0,crank_nicolson,0.2857142857142857,0.6428571428571428,0.398269555400237
43.0,crank_nicolson,0.2857142857142857,0.7142857142857142,0.32304417618580955
43.0,crank_nicolson,0.2857142857142857,0.7857142857142857,0.2428921849646123
43.0,crank_nicolson,0.2857142857142857,0.8571428571428571,0.160951041996201
43.0,crank_nicolson,0.2857142857142857,0.9285714285714285,0.08014638130113705
43.0,crank_nicolson,0.2857142857142857,1.0,-0.003582603910995154
43.0,crank_nicolson,0.3571428571428571,0.0,-0.003582603910995154
43.0,crank_nicolson,0.3571428571428571,0.07142857142857142,0.09906871527146037
43.0,crank_nicolson,0.3571428571428571,0.14285714285714285,0.19877056936408372
43.0,crank_nicolson,0.3571428571428571,0.21428571428571427,0.29954625105484506
43.0,crank_nicolson,0.3571428571428571,0.2857142857142857,0.3982695554002388
43.0,crank_nicolson,0.3571428571428571,0.3571428571428571,0.4909784898501091
43.0,crank_nicolson,0.3571428571428571,0.42857142857142855,0.5649744624428117
43.0,crank_nicolson,0.3571428571428571,0.5,0.5958630163130277
43.0,crank_nicolson,0.3571428571428571,0.5714285714285714,0.5649744624428131
43.0,crank_nicolson,0.3571428571428571,0.6428571428571428,0.4909784898501094
43.0,crank_nicolson,0.3571428571428571,0.7142857142857142,0.3982695554002391
43.0,crank_nicolson,0.3571428571428571,0.7857142857142857,0.2995462510548453
43.0,crank_nicolson,0.3571428571428571,0.8571428571428571,0.1987705693640842
43.0,crank_nicolson,0.3571428571428571,0.9285714285714285,0.0990687152714603
43.0,crank_nicolson,0.3571428571428571,1.0,-0.003582603910995154
43.0,crank_nicolson,0.42857142857142855,0.0,-0.003582603910995154
43.0,crank_nicolson,0.42857142857142855,0.07142857142857142,0.11415666073170991
43.0,crank_nicolson,0.42857142857142855,0.14285714285714285,0.228937485034357
43.0,crank_nicolson,0.42857142857142855,0.21428571428571427,0.3447504533975608
43.0,crank_nicolson,0.42857142857142855,0.2857142857142857,0.45830370424121697
43.0,crank_nicolson,0.42857142857142855,0.3571428571428571,0.5649744624428124
43.0,crank_nicolson,0.42857142857142855,0.42857142857142855,0.6501198979859165
43.0,crank_nicolson,0.42857142857142855,0.5,0.6856629402685119
43.0,crank_nicolson,0.42857142857142855,0.5714285714285714,0.6501198979859181
43.0,crank_nicolson,0.42857142857142855,0.6428571428571428,0.5649744624428127
43.0,crank_nicolson,0.42857142857142855,0.7142857142857142,0.4583037042412185
43.0,crank_nicolson,0.42857142857142855,0.7857142857142857,0.3447504533975617
43.0,crank_nicolson,0.42857142857142855,0.8571428571428571,0.22893748503435732
43.0,crank_nicolson,0.42857142857142855,0.9285714285714285,0.11415666073170949
43.0,crank_nicolson,0.42857142857142855,1.0,-0.003582603910995154
43.0,crank_nicolson,0.5,0.0,-0.003582603910995154
43.0,crank_nicolson,0.5,0.07142857142857142,0.12045387351248286
43.0,crank_nicolson,0.5,0.14285714285714285,0.24152898002706832
43.0,crank_nicolson,0.5,0.21428571428571427,0.36361937525576615
43.0,crank_nicolson,0.5,0.2857142857142857,0.4833636500767742
43.0,crank_nicolson,0.5,0.3571428571428571,0.5958630163130268
43.0,crank_nicolson,0.5,0.42857142857142855,0.6856629402685147
43.0,crank_nicolson,0.5,0.5,0.7231490193941308
43.0,crank_nicolson,0.5,0.5714285714285714,0.6856629402685116
43.0,crank_nicolson,0.5,0.6428571428571428,0.5958630163130262
43.0,crank_nicolson,0.5,0.7142857142857142,0.48336365007677645
43.0,crank_nicolson,0.5,0.7857142857142857,0.3636193752557681
43.0,crank_nicolson,0.5,0.8571428571428571,0.2415289800270691
43.0,crank_nicolson,0.5,0.9285714285714285,0.1204538735124831
43.0,crank_nicolson,0.5,1.0,-0.003582603910995154
43.0,crank_nicolson,0.5714285714285714,0.0,-0.003582603910995154
43.0,crank_nicolson,0.5714285714285714,0.07142857142857142,0.11415666073171003
43.0,crank_nicolson,0.5714285714285714,0.14285714285714285,0.228937485034357
43.0,crank_nicolson,0.5714285714285714,0.21428571428571427,0.34475045339755683
43.0,crank_nicolson,0.5714285714285714,0.2857142857142857,0.45830370424121347
43.0,crank_nicolson,0.5714285714285714,0.3571428571428571,0.5649744624428092
43.0,crank_nicolson,0.5714285714285714,0.42857142857142855,0.6501198979859178
43.0,crank_nicolson,0.5714285714285714,0.5,0.6856629402685139
43.0,crank_nicolson,0.5714285714285714,0.5714285714285714,0.6501198979859202
43.0,crank_nicolson,0.5714285714285714,0.6428571428571428,0.5649744624428137
43.0,crank_nicolson,0.5714285714285714,0.7142857142857142,0.4583037042412162
43.0,crank_nicolson,0.5714285714285714,0.7857142857142857,0.3447504533975606
43.0,crank_nicolson,0.5714285714285714,0.8571428571428571,0.2289374850343591
43.0,crank_nicolson,0.5714285714285714,0.9285714285714285,0.11415666073171053
43.0,crank_nicolson,0.5714285714285714,1.0,-0.003582603910995154
43.0,crank_nicolson,0.6428571428571428,0.0,-0.003582603910995154
43.0,crank_nicolson,0.6428571428571428,0.07142857142857142,0.0990687152714601
43.0,crank_nicolson,0.6428571428571428,0.14285714285714285,0.19877056936408352
43.0,crank_nicolson,0.6428571428571428,0.21428571428571427,0.29954625105484334
43.0,crank_nicolson,0.6428571428571428,0.2857142857142857,0.39826955540023606
43.0,crank_nicolson,0.6428571428571428,0.3571428571428571,0.49097848985010695
43.0,crank_nicolson,0.6428571428571428,0.42857142857142855,0.564974462442812
43.0,crank_nicolson,0.6428571428571428,0.5,0.5958630163130276
43.0,crank_nicolson,0.6428571428571428,0.5714285714285714,0.5649744624428147
43.0,crank_nicolson,0.6428571428571428,0.6428571428571428,0.49097848985011155
43.0,crank_nicolson,0.6428571428571428,0.7142857142857142,0.39826955540023823
43.0,crank_nicolson,0.6428571428571428,0.7857142857142857,0.2995462510548449
43.0,crank_nicolson,0.6428571428571428,0.8571428571428571,0.19877056936408485
43.0,crank_nicolson,0.6428571428571428,0.9285714285714285,0.09906871527146058
43.0,crank_nicolson,0.6428571428571428,1.0,-0.003582603910995154
43.0,crank_nicolson,0.7142857142857142,0.0,-0.003582603910995154
43.0,crank_nicolson,0.7142857142857142,0.07142857142857142,0.08014638130113728
43.0,crank_nicolson,0.7142857142857142,0.14285714285714285,0.16095104199620067
43.0,crank_nicolson,0.7142857142857142,0.21428571428571427,0.2428921849646115
43.0,crank_nicolson,0.7142857142857142,0.2857142857142857,0.32304417618580894
43.0,crank_nicolson,0.7142857142857142,0.3571428571428571,0.3982695554002361
43.0,crank_nicolson,0.7142857142857142,0.42857142857142855,0.45830370424121575
43.0,crank_nicolson,0.7142857142857142,0.5,0.483363650076778
43.0,crank_nicolson,0.7142857142857142,0.5714285714285714,0.45830370424121863
43.0,crank_nicolson,0.7142857142857142,0.6428571428571428,0.39826955540023895
43.0,crank_nicolson,0.7142857142857142,0.7142857142857142,0.32304417618581005
43.0,crank_nicolson,0.7142857142857142,0.7857142857142857,0.24289218496461226
43.0,crank_nicolson,0.7142857142857142,0.8571428571428571,0.1609510419962011
43.0,crank_nicolson,0.7142857142857142,0.9285714285714285,0.08014638130113752
43.0,crank_nicolson,0.7142857142857142,1.0,-0.003582603910995154
43.0,crank_nicolson,0.7857142857142857,0.0,-0.003582603910995154
43.0,crank_nicolson,0.7857142857142857,0.07142857142857142,0.05991044460764464
43.0,crank_nicolson,0.7857142857142857,0.14285714285714285,0.12056284851686465
43.0,crank_nicolson,0.7857142857142857,0.21428571428571427,0.18247176459143244
43.0,crank_nicolson,0.7857142857142857,0.2857142857142857,0.24289218496461196
43.0,crank_nicolson,0.7857142857142857,0.3571428571428571,0.2995462510548442
43.0,crank_nicolson,0.7857142857142857,0.42857142857142855,0.344750453397559
43.0,crank_nicolson,0.7857142857142857,0.5,0.36361937525576754
43.0,crank_nicolson,0.7857142857142857,0.5714285714285714,0.34475045339756033
43.0,crank_nicolson,0.7857142857142857,0.6428571428571428,0.2995462510548454
43.0,crank_nicolson,0.7857142857142857,0.7142857142857142,0.24289218496461257
43.0,crank_nicolson,0.7857142857142857,0.7857142857142857,0.18247176459143258
43.0,crank_nicolson,0.7857142857142857,0.8571428571428571,0.12056284851686484
43.0,crank_nicolson,0.7857142857142857,0.9285714285714285,0.05991044460764474
43.0,crank_nicolson,0.7857142857142857,1.0,-0.003582603910995154
43.0,crank_nicolson,0.8571428571428571,0.0,-0.003582603910995154
43.0,crank_nicolson,0.8571428571428571,0.07142857142857142,0.03911490411497522
43.0,crank_nicolson,0.8571428571428571,0.14285714285714285,0.07907057207641767
43.0,crank_nicolson,0.8571428571428571,0.21428571428571427,0.1205628485168645
43.0,crank_nicolson,0.8571428571428571,0.2857142857142857,0.16095104199620086
43.0,crank_nicolson,0.8571428571428571,0.3571428571428571,0.19877056936408372
43.0,crank_nicolson,0.8571428571428571,0.42857142857142855,0.22893748503435674
43.0,crank_nicolson,0.8571428571428571,0.5,0.24152898002706893
43.0,crank_nicolson,0.8571428571428571,0.5714285714285714,0.22893748503435915
43.0,crank_nicolson,0.8571428571428571,0.6428571428571428,0.1987705693640852
43.0,crank_nicolson,0.8571428571428571,0.7142857142857142,0.16095104199620117
43.0,crank_nicolson,0.8571428571428571,0.7857142857142857,0.1205628485168646
43.0,crank_nicolson,0.8571428571428571,0.8571428571428571,0.07907057207641775
43.0,crank_nicolson,0.8571428571428571,0.9285714285714285,0.03911490411497527
43.0,crank_nicolson,0.8571428571428571,1.0,-0.003582603910995154
43.0,crank_nicolson,0.9285714285714285,0.0,-0.003582603910995154
43.0,crank_nicolson,0.9285714285714285,0.07142857142857142,0.020140074799373384
43.0,crank_nicolson,0.9285714285714285,0.14285714285714285,0.03911490411497518
43.0,crank_nicolson,0.9285714285714285,0.21428571428571427,0.059910444607644484
43.0,crank_nicolson,0.9285714285714285,0.2857142857142857,0.08014638130113692
43.0,crank_nicolson,0.9285714285714285,0.3571428571428571,0.09906871527146012
43.0,crank_nicolson,0.9285714285714285,0.42857142857142855,0.11415666073170935
43.0,crank_nicolson,0.9285714285714285,0.5,0.12045387351248303
43.0,crank_nicolson,0.9285714285714285,0.5714285714285714,0.11415666073171052
43.0,crank_nicolson,0.9285714285714285,0.6428571428571428,0.09906871527146066
43.0,crank_nicolson,0.9285714285714285,0.7142857142857142,0.08014638130113728
43.0,crank_nicolson,0.9285714285714285,0.7857142857142857,0.059910444607644595
43.0,crank_nicolson,0.9285714285714285,0.8571428571428571,0.03911490411497523
43.0,crank_nicolson,0.9285714285714285,0.9285714285714285,0.020140074799373412
43.0,crank_nicolson,0.9285714285714285,1.0,-0.003582603910995154
43.0,crank_nicolson,1.0,0.0,-0.003582603910995154
43.0,crank_nicolson,1.0,0.07142857142857142,-0.003582603910995154
43.0,crank_nicolson,1.0,0.14285714285714285,-0.003582603910995154
43.0,crank_nicolson,1.0,0.21428571428571427,-0.003582603910995154
43.0,crank_nicolson,1.0,0.2857142857142857,-0.003582603910995154
43.0,crank_nicolson,1.0,0.3571428571428571,-0.003582603910995154
43.0,crank_nicolson,1.0,0.42857142857142855,-0.003582603910995154
43.0,crank_nicolson,1.0,0.5,-0.003582603910995154
43.0,crank_nicolson,1.0,0.5714285714285714,-0.003582603910995154
43.0,crank_nicolson,1.0,0.6428571428571428,-0.003582603910995154
43.0,crank_nicolson,1.0,0.7142857142857142,-0.003582603910995154
43.0,crank_nicolson,1.0,0.7857142857142857,-0.003582603910995154
43.0,crank_nicolson,1.0,0.8571428571428571,-0.003582603910995154
43.0,crank_nicolson,1.0,0.9285714285714285,-0.003582603910995154
43.0,crank_nicolson,1.0,1.0,-0.003582603910995154
44.0,crank_nicolson,0.0,0.0,0.15646436558140064
44.0,crank_nicolson,0.0,0.07142857142857142,0.15646436558140064
44.0,crank_nicolson,0.0,0.14285714285714285,0.15646436558140064
44.0,crank_nicolson,0.0,0.21428571428571427,0.15646436558140064
44.0,crank_nicolson,0.0,0.2857142857142857,0.15646436558140064
44.0,crank_nicolson,0.0,0.3571428571428571,0.15646436558140064
44.0,crank_nicolson,0.0,0.42857142857142855,0.15646436558140064
44.0,crank_nicolson,0.0,0.5,0.15646436558140064
44.0,crank_nicolson,0.0,0.5714285714285714,0.15646436558140064
44.0,crank_nicolson,0.0,0.6428571428571428,0.15646436558140064
44.0,crank_nicolson,0.0,0.7142857142857142,0.15646436558140064
44.0,crank_nicolson,0.0,0.7857142857142857,0.15646436558140064
44.0,crank_nicolson,0.0,0.8571428571428571,0.15646436558140064
44.0,crank_nicolson,0.0,0.9285714285714285,0.15646436558140064
44.0,crank_nicolson,0.0,1.0,0.15646436558140064
44.0,crank_nicolson,0.07142857142857142,0.0,0.15646436558140064
44.0,crank_nicolson,0.07142857142857142,0.07142857142857142,0.022209074346469657
44.0,crank_nicolson,0.07142857142857142,0.14285714285714285,0.04021430138596471
44.0,crank_nicolson,0.07142857142857142,0.21428571428571427,0.06096994831979729
44.0,crank_nicolson,0.07142857142857142,0.2857142857142857,0.08119407342292523
44.0,crank_nicolson,0.07142857142857142,0.3571428571428571,0.10008147430014423
44.0,crank_nicolson,0.07142857142857142,0.42857142857142855,0.11510175922764455
44.0,crank_nicolson,0.07142857142857142,0.5,0.12134744074375255
44.0,crank_nicolson,0.07142857142857142,0.5714285714285714,0.1151017592276442
44.0,crank_nicolson,0.07142857142857142,0.6428571428571428,0.100081474300144
44.0,crank_nicolson,0.07142857142857142,0.7142857142857142,0.08119407342292517
44.0,crank_nicolson,0.07142857142857142,0.7857142857142857,0.06096994831979728
44.0,crank_nicolson,0.07142857142857142,0.8571428571428571,0.04021430138596471
44.0,crank_nicolson,0.07142857142857142,0.9285714285714285,0.022209074346469664
44.0,crank_nicolson,0.07142857142857142,1.0,0.15646436558140064
44.0,crank_nicolson,0.14285714285714285,0.0,0.15646436558140064
44.0,crank_nicolson,0.14285714285714285,0.07142857142857142,0.04021430138596464
44.0,crank_nicolson,0.14285714285714285,0.14285714285714285,0.07912630740337781
44.0,crank_nicolson,0.14285714285714285,0.21428571428571427,0.1205719544703249
44.0,crank_nicolson,0.14285714285714285,0.2857142857142857,0.16093792799242954
44.0,crank_nicolson,0.14285714285714285,0.3571428571428571,0.19868684735919134
44.0,crank_nicolson,0.14285714285714285,0.42857142857142855,0.22871797287196438
44.0,crank_nicolson,0.14285714285714285,0.5,0.24120624996077045
44.0,crank_nicolson,0.14285714285714285,0.5714285714285714,0.22871797287196374
44.0,crank_nicolson,0.14285714285714285,0.6428571428571428,0.1986868473591914
44.0,crank_nicolson,0.14285714285714285,0.7142857142857142,0.1609379279924295
44.0,crank_nicolson,0.14285714285714285,0.7857142857142857,0.12057195447032491
44.0,crank_nicolson,0.14285714285714285,0.8571428571428571,0.07912630740337778
44.0,crank_nicolson,0.14285714285714285,0.9285714285714285,0.040214301385964685
44.0,crank_nicolson,0.14285714285714285,1.0,0.15646436558140064
44.0,crank_nicolson,0.21428571428571427,0.0,0.15646436558140064
44.0,crank_nicolson,0.21428571428571427,0.07142857142857142,0.060969948319797115
44.0,crank_nicolson,0.21428571428571427,0.14285714285714285,0.1205719544703247
44.0,crank_nicolson,0.21428571428571427,0.21428571428571427,0.18243118739091435
44.0,crank_nicolson,0.21428571428571427,0.2857142857142857,0.24281563688121038
44.0,crank_nicolson,0.21428571428571427,0.3571428571428571,0.29936066696827757
44.0,crank_nicolson,0.21428571428571427,0.42857142857142855,0.3443591638357929
44.0,crank_nicolson,0.21428571428571427,0.5,0.36307253542981394
44.0,crank_nicolson,0.21428571428571427,0.5714285714285714,0.3443591638357924
44.0,crank_nicolson,0.21428571428571427,0.6428571428571428,0.29936066696827757
44.0,crank_nicolson,0.21428571428571427,0.7142857142857142,0.24281563688121022
44.0,crank_nicolson,0.21428571428571427,0.7857142857142857,0.18243118739091435
44.0,crank_nicolson,0.21428571428571427,0.8571428571428571,0.12057195447032473
44.0,crank_nicolson,0.21428571428571427,0.9285714285714285,0.06096994831979716
44.0,crank_nicolson,0.21428571428571427,1.0,0.15646436558140064
44.0,crank_nicolson,0.2857142857142857,0.0,0.15646436558140064
44.0,crank_nicolson,0.2857142857142857,0.07142857142857142,0.08119407342292487
44.0,crank_nicolson,0.2857142857142857,0.14285714285714285,0.16093792799242962
44.0,crank_nicolson,0.2857142857142857,0.21428571428571427,0.24281563688121083
44.0,crank_nicolson,0.2857142857142857,0.2857142857142857,0.3229079366698134
44.0,crank_nicolson,0.2857142857142857,0.3571428571428571,0.39797752447270685
44.0,crank_nicolson,0.2857142857142857,0.42857142857142855,0.4577301484330069
44.0,crank_nicolson,0.2857142857142857,0.5,0.482580092965493
44.0,crank_nicolson,0.2857142857142857,0.5714285714285714,0.45773014843300786
44.0,crank_nicolson,0.2857142857142857,0.6428571428571428,0.3979775244727066
44.0,crank_nicolson,0.2857142857142857,0.7142857142857142,0.3229079366698131
44.0,crank_nicolson,0.2857142857142857,0.7857142857142857,0.2428156368812107
44.0,crank_nicolson,0.2857142857142857,0.8571428571428571,0.16093792799242976
44.0,crank_nicolson,0.2857142857142857,0.9285714285714285,0.08119407342292488
44.0,crank_nicolson,0.2857142857142857,1.0,0.15646436558140064
44.0,crank_nicolson,0.3571428571428571,0.0,0.15646436558140064
44.0,crank_nicolson,0.3571428571428571,0.07142857142857142,0.10008147430014395
44.0,crank_nicolson,0.3571428571428571,0.14285714285714285,0.19868684735919162
44.0,crank_nicolson,0.3571428571428571,0.21428571428571427,0.29936066696827873
44.0,crank_nicolson,0.3571428571428571,0.2857142857142857,0.39797752447270857
44.0,crank_nicolson,0.3571428571428571,0.3571428571428571,0.4904639713981781
44.0,crank_nicolson,0.3571428571428571,0.42857142857142855,0.5640890337004255
44.0,crank_nicolson,0.3571428571428571,0.5,0.5947088392010413
44.0,crank_nicolson,0.3571428571428571,0.5714285714285714,0.5640890337004266
44.0,crank_nicolson,0.3571428571428571,0.6428571428571428,0.49046397139817827
44.0,crank_nicolson,0.3571428571428571,0.7142857142857142,0.39797752447270884
44.0,crank_nicolson,0.3571428571428571,0.7857142857142857,0.29936066696827907
44.0,crank_nicolson,0.3571428571428571,0.8571428571428571,0.19868684735919204
44.0,crank_nicolson,0.3571428571428571,0.9285714285714285,0.10008147430014391
44.0,crank_nicolson,0.3571428571428571,1.0,0.15646436558140064
44.0,crank_nicolson,0.42857142857142855,0.0,0.15646436558140064
44.0,crank_nicolson,0.42857142857142855,0.07142857142857142,0.1151017592276444
44.0,crank_nicolson,0.42857142857142855,0.14285714285714285,0.2287179728719646
44.0,crank_nicolson,0.42857142857142855,0.21428571428571427,0.3443591638357953
44.0,crank_nicolson,0.42857142857142855,0.2857142857142857,0.45773014843300897
44.0,crank_nicolson,0.42857142857142855,0.3571428571428571,0.5640890337004262
44.0,crank_nicolson,0.42857142857142855,0.42857142857142855,0.6487634167609964
44.0,crank_nicolson,0.42857142857142855,0.5,0.6839788370743616
44.0,crank_nicolson,0.42857142857142855,0.5714285714285714,0.6487634167609979
44.0,crank_nicolson,0.42857142857142855,0.6428571428571428,0.5640890337004264
44.0,crank_nicolson,0.42857142857142855,0.7142857142857142,0.4577301484330106
44.0,crank_nicolson,0.42857142857142855,0.7857142857142857,0.3443591638357962
44.0,crank_nicolson,0.42857142857142855,0.8571428571428571,0.22871797287196494
44.0,crank_nicolson,0.42857142857142855,0.9285714285714285,0.115101759227644
44.0,crank_nicolson,0.42857142857142855,1.0,0.15646436558140064
44.0,crank_nicolson,0.5,0.0,0.15646436558140064
44.0,crank_nicolson,0.5,0.07142857142857142,0.12134744074375255
44.0,crank_nicolson,0.5,0.14285714285714285,0.24120624996077075
44.0,crank_nicolson,0.5,0.21428571428571427,0.3630725354298149
44.0,crank_nicolson,0.5,0.2857142857142857,0.4825800929654906
44.0,crank_nicolson,0.5,0.3571428571428571,0.5947088392010406
44.0,crank_nicolson,0.5,0.42857142857142855,0.6839788370743644
44.0,crank_nicolson,0.5,0.5,0.7211056202144723
44.0,crank_nicolson,0.5,0.5714285714285714,0.6839788370743614
44.0,crank_nicolson,0.5,0.6428571428571428,0.5947088392010399
44.0,crank_nicolson,0.5,0.7142857142857142,0.48258009296549276
44.0,crank_nicolson,0.5,0.7857142857142857,0.3630725354298169
44.0,crank_nicolson,0.5,0.8571428571428571,0.2412062499607715
44.0,crank_nicolson,0.5,0.9285714285714285,0.12134744074375277
44.0,crank_nicolson,0.5,1.0,0.15646436558140064
44.0,crank_nicolson,0.5714285714285714,0.0,0.15646436558140064
44.0,crank_nicolson,0.5714285714285714,0.07142857142857142,0.11510175922764454
44.0,crank_nicolson,0.5714285714285714,0.14285714285714285,0.2287179728719646
44.0,crank_nicolson,0.5714285714285714,0.21428571428571427,0.34435916383579124
44.0,crank_nicolson,0.5714285714285714,0.2857142857142857,0.4577301484330053
44.0,crank_nicolson,0.5714285714285714,0.3571428571428571,0.5640890337004228
44.0,crank_nicolson,0.5714285714285714,0.42857142857142855,0.6487634167609978
44.0,crank_nicolson,0.5714285714285714,0.5,0.6839788370743636
44.0,crank_nicolson,0.5714285714285714,0.5714285714285714,0.648763416761
44.0,crank_nicolson,0.5714285714285714,0.6428571428571428,0.5640890337004271
44.0,crank_nicolson,0.5714285714285714,0.7142857142857142,0.45773014843300813
44.0,crank_nicolson,0.5714285714285714,0.7857142857142857,0.3443591638357952
44.0,crank_nicolson,0.5714285714285714,0.8571428571428571,0.2287179728719667
44.0,crank_nicolson,0.5714285714285714,0.9285714285714285,0.11510175922764504
44.0,crank_nicolson,0.5714285714285714,1.0,0.15646436558140064
44.0,crank_nicolson,0.6428571428571428,0.0,0.15646436558140064
44.0,crank_nicolson,0.6428571428571428,0.07142857142857142,0.10008147430014377
44.0,crank_nicolson,0.6428571428571428,0.14285714285714285,0.19868684735919137
44.0,crank_nicolson,0.6428571428571428,0.21428571428571427,0.299360666968277
44.0,crank_nicolson,0.6428571428571428,0.2857142857142857,0.39797752447270573
44.0,crank_nicolson,0.6428571428571428,0.3571428571428571,0.4904639713981757
44.0,crank_nicolson,0.6428571428571428,0.42857142857142855,0.5640890337004255
44.0,crank_nicolson,0.6428571428571428,0.5,0.5947088392010412
44.0,crank_nicolson,0.6428571428571428,0.5714285714285714,0.5640890337004283
44.0,crank_nicolson,0.6428571428571428,0.6428571428571428,0.4904639713981805
44.0,crank_nicolson,0.6428571428571428,0.7142857142857142,0.3979775244727079
44.0,crank_nicolson,0.6428571428571428,0.7857142857142857,0.2993606669682786
44.0,crank_nicolson,0.6428571428571428,0.8571428571428571,0.19868684735919273
44.0,crank_nicolson,0.6428571428571428,0.9285714285714285,0.1000814743001442
44.0,crank_nicolson,0.6428571428571428,1.0,0.15646436558140064
44.0,crank_nicolson,0.7142857142857142,0.0,0.15646436558140064
44.0,crank_nicolson,0.7142857142857142,0.07142857142857142,0.0811940734229251
44.0,crank_nicolson,0.7142857142857142,0.14285714285714285,0.16093792799242945
44.0,crank_nicolson,0.7142857142857142,0.21428571428571427,0.24281563688120994
44.0,crank_nicolson,0.7142857142857142,0.2857142857142857,0.32290793666981255
44.0,crank_nicolson,0.7142857142857142,0.3571428571428571,0.3979775244727058
44.0,crank_nicolson,0.7142857142857142,0.42857142857142855,0.4577301484330076
44.0,crank_nicolson,0.7142857142857142,0.5,0.4825800929654943
44.0,crank_nicolson,0.7142857142857142,0.5714285714285714,0.4577301484330106
44.0,crank_nicolson,0.7142857142857142,0.6428571428571428,0.3979775244727087
44.0,crank_nicolson,0.7142857142857142,0.7142857142857142,0.32290793666981366
44.0,crank_nicolson,0.7142857142857142,0.7857142857142857,0.2428156368812107
44.0,crank_nicolson,0.7142857142857142,0.8571428571428571,0.16093792799242987
44.0,crank_nicolson,0.7142857142857142,0.9285714285714285,0.08119407342292537
44.0,crank_nicolson,0.7142857142857142,1.0,0.15646436558140064
44.0,crank_nicolson,0.7857142857142857,0.0,0.15646436558140064
44.0,crank_nicolson,0.7857142857142857,0.07142857142857142,0.060969948319797275
44.0,crank_nicolson,0.7857142857142857,0.14285714285714285,0.1205719544703249
44.0,crank_nicolson,0.7857142857142857,0.21428571428571427,0.18243118739091427
44.0,crank_nicolson,0.7857142857142857,0.2857142857142857,0.24281563688121036
44.0,crank_nicolson,0.7857142857142857,0.3571428571428571,0.29936066696827796
44.0,crank_nicolson,0.7857142857142857,0.42857142857142855,0.3443591638357934
44.0,crank_nicolson,0.7857142857142857,0.5,0.36307253542981627
44.0,crank_nicolson,0.7857142857142857,0.5714285714285714,0.344359163835795
44.0,crank_nicolson,0.7857142857142857,0.6428571428571428,0.2993606669682791
44.0,crank_nicolson,0.7857142857142857,0.7142857142857142,0.24281563688121097
44.0,crank_nicolson,0.7857142857142857,0.7857142857142857,0.1824311873909144
44.0,crank_nicolson,0.7857142857142857,0.8571428571428571,0.1205719544703251
44.0,crank_nicolson,0.7857142857142857,0.9285714285714285,0.060969948319797365
44.0,crank_nicolson,0.7857142857142857,1.0,0.15646436558140064
44.0,crank_nicolson,0.8571428571428571,0.0,0.15646436558140064
44.0,crank_nicolson,0.8571428571428571,0.07142857142857142,0.040214301385964706
44.0,crank_nicolson,0.8571428571428571,0.14285714285714285,0.07912630740337778
44.0,crank_nicolson,0.8571428571428571,0.21428571428571427,0.1205719544703247
44.0,crank_nicolson,0.8571428571428571,0.2857142857142857,0.16093792799242965
44.0,crank_nicolson,0.8571428571428571,0.3571428571428571,0.19868684735919157
44.0,crank_nicolson,0.8571428571428571,0.42857142857142855,0.22871797287196433
44.0,crank_nicolson,0.8571428571428571,0.5,0.2412062499607713
44.0,crank_nicolson,0.8571428571428571,0.5714285714285714,0.22871797287196668
44.0,crank_nicolson,0.8571428571428571,0.6428571428571428,0.19868684735919306
44.0,crank_nicolson,0.8571428571428571,0.7142857142857142,0.16093792799242992
44.0,crank_nicolson,0.8571428571428571,0.7857142857142857,0.12057195447032486
44.0,crank_nicolson,0.8571428571428571,0.8571428571428571,0.07912630740337787
44.0,crank_nicolson,0.8571428571428571,0.9285714285714285,0.040214301385964754
44.0,crank_nicolson,0.8571428571428571,1.0,0.15646436558140064
44.0,crank_nicolson,0.9285714285714285,0.0,0.15646436558140064
44.0,crank_nicolson,0.9285714285714285,0.07142857142857142,0.022209074346469657
44.0,crank_nicolson,0.9285714285714285,0.14285714285714285,0.04021430138596467
44.0,crank_nicolson,0.9285714285714285,0.21428571428571427,0.06096994831979711
44.0,crank_nicolson,0.9285714285714285,0.2857142857142857,0.08119407342292476
44.0,crank_nicolson,0.9285714285714285,0.3571428571428571,0.10008147430014372
44.0,crank_nicolson,0.9285714285714285,0.42857142857142855,0.11510175922764386
44.0,crank_nicolson,0.9285714285714285,0.5,0.12134744074375271
44.0,crank_nicolson,0.9285714285714285,0.5714285714285714,0.11510175922764503
44.0,crank_nicolson,0.9285714285714285,0.6428571428571428,0.10008147430014426
44.0,crank_nicolson,0.9285714285714285,0.7142857142857142,0.0811940734229251
44.0,crank_nicolson,0.9285714285714285,0.7857142857142857,0.060969948319797226
44.0,crank_nicolson,0.9285714285714285,0.8571428571428571,0.04021430138596471
44.0,crank_nicolson,0.9285714285714285,0.9285714285714285,0.022209074346469685
44.0,crank_nicolson,0.9285714285714285,1.0,0.15646436558140064
44.0,crank_nicolson,1.0,0.0,0.15646436558140064
44.0,crank_nicolson,1.0,0.07142857142857142,0.15646436558140064
44.0,crank_nicolson,1.0,0.14285714285714285,0.15646436558140064
44.0,crank_nicolson,1.0,0.21428571428571427,0.15646436558140064
44.0,crank_nicolson,1.0,0.2857142857142857,0.15646436558140064
44.0,crank_nicolson,1.0,0.3571428571428571,0.15646436558140064
44.0,crank_nicolson,1.0,0.42857142857142855,0.15646436558140064
44.0,crank_nicolson,1.0,0.5,0.15646436558140064
44.0,crank_nicolson,1.0,0.5714285714285714,0.15646436558140064
44.0,crank_nicolson,1.0,0.6428571428571428,0.15646436558140064
44.0,crank_nicolson,1.0,0.7142857142857142,0.15646436558140064
44.0,crank_nicolson,1.0,0.7857142857142857,0.15646436558140064
44.0,crank_nicolson,1.0,0.8571428571428571,0.15646436558140064
44.0,crank_nicolson,1.0,0.9285714285714285,0.15646436558140064
44.0,crank_nicolson,1.0,1.0,0.15646436558140064
45.0,crank_nicolson,0.0,0.0,0.08219025043752239
45.0,crank_nicolson,0.0,0.07142857142857142,0.08219025043752239
45.0,crank_nicolson,0.0,0.14285714285714285,0.08219025043752239
45.0,crank_nicolson,0.0,0.21428571428571427,0.08219025043752239
45.0,crank_nicolson,0.0,0.2857142857142857,0.08219025043752239
45.0,crank_nicolson,0.0,0.3571428571428571,0.08219025043752239
45.0,crank_nicolson,0.0,0.42857142857142855,0.08219025043752239
45.0,crank_nicolson,0.0,0.5,0.08219025043752239
45.0,crank_nicolson,0.0,0.5714285714285714,0.08219025043752239
45.0,crank_nicolson,0.0,0.6428571428571428,0.08219025043752239
45.0,crank_nicolson,0.0,0.7142857142857142,0.08219025043752239
45.0,crank_nicolson,0.0,0.7857142857142857,0.08219025043752239
45.0,crank_nicolson,0.0,0.8571428571428571,0.08219025043752239
45.0,crank_nicolson,0.0,0.9285714285714285,0.08219025043752239
45.0,crank_nicolson,0.0,1.0,0.08219025043752239
45.0,crank_nicolson,0.07142857142857142,0.0,0.08219025043752239
45.0,crank_nicolson,0.07142857142857142,0.07142857142857142,0.019719650486244508
45.0,crank_nicolson,0.07142857142857142,0.14285714285714285,0.03905284096507127
45.0,crank_nicolson,0.07142857142857142,0.21428571428571427,0.05975334002124024
45.0,crank_nicolson,0.07142857142857142,0.2857142857142857,0.0799521093503884
45.0,crank_nicolson,0.07142857142857142,0.3571428571428571,0.09876923120158386
45.0,crank_nicolson,0.07142857142857142,0.42857142857142855,0.11365617230557049
45.0,crank_nicolson,0.07142857142857142,0.5,0.11980225930885215
45.0,crank_nicolson,0.07142857142857142,0.5714285714285714,0.11365617230557011
45.0,crank_nicolson,0.07142857142857142,0.6428571428571428,0.09876923120158361
45.0,crank_nicolson,0.07142857142857142,0.7142857142857142,0.07995210935038835
45.0,crank_nicolson,0.07142857142857142,0.7857142857142857,0.059753340021240234
45.0,crank_nicolson,0.07142857142857142,0.8571428571428571,0.03905284096507127
45.0,crank_nicolson,0.07142857142857142,0.9285714285714285,0.01971965048624452
45.0,crank_nicolson,0.07142857142857142,1.0,0.08219025043752239
45.0,crank_nicolson,0.14285714285714285,0.0,0.08219025043752239
45.0,crank_nicolson,0.14285714285714285,0.07142857142857142,0.039052840965071195
45.0,crank_nicolson,0.14285714285714285,0.14285714285714285,0.07919665128543318
45.0,crank_nicolson,0.14285714285714285,0.21428571428571427,0.12057051671296165
45.0,crank_nicolson,0.14285714285714285,0.2857142857142857,0.16088921375291723
45.0,crank_nicolson,0.14285714285714285,0.3571428571428571,0.19849614230878643
45.0,crank_nicolson,0.14285714285714285,0.42857142857142855,0.22825960954694774
45.0,crank_nicolson,0.14285714285714285,0.5,0.24054837301207593
45.0,crank_nicolson,0.14285714285714285,0.5714285714285714,0.22825960954694702
45.0,crank_nicolson,0.14285714285714285,0.6428571428571428,0.19849614230878648
45.0,crank_nicolson,0.14285714285714285,0.7142857142857142,0.16088921375291718
45.0,crank_nicolson,0.14285714285714285,0.7857142857142857,0.12057051671296166
45.0,crank_nicolson,0.14285714285714285,0.8571428571428571,0.07919665128543316
45.0,crank_nicolson,0.14285714285714285,0.9285714285714285,0.03905284096507124
45.0,crank_nicolson,0.14285714285714285,1.0,0.08219025043752239
45.0,crank_nicolson,0.21428571428571427,0.0,0.08219025043752239
45.0,crank_nicolson,0.21428571428571427,0.07142857142857142,0.05975334002124007
45.0,crank_nicolson,0.21428571428571427,0.14285714285714285,0.12057051671296147
45.0,crank_nicolson,0.21428571428571427,0.21428571428571427,0.1823506392220985
45.0,crank_nicolson,0.21428571428571427,0.2857142857142857,0.24265945851810833
45.0,crank_nicolson,0.21428571428571427,0.3571428571428571,0.29898515458783176
45.0,crank_nicolson,0.21428571428571427,0.42857142857142855,0.34357800104323294
45.0,crank_nicolson,0.21428571428571427,0.5,0.36199061476855315
45.0,crank_nicolson,0.21428571428571427,0.5714285714285714,0.34357800104323244
45.0,crank_nicolson,0.21428571428571427,0.6428571428571428,0.2989851545878317
45.0,crank_nicolson,0.21428571428571427,0.7142857142857142,0.2426594585181082
45.0,crank_nicolson,0.21428571428571427,0.7857142857142857,0.1823506392220985
45.0,crank_nicolson,0.21428571428571427,0.8571428571428571,0.1205705167129615
45.0,crank_nicolson,0.21428571428571427,0.9285714285714285,0.05975334002124011
45.0,crank_nicolson,0.21428571428571427,1.0,0.08219025043752239
45.0,crank_nicolson,0.2857142857142857,0.0,0.08219025043752239
45.0,crank_nicolson,0.2857142857142857,0.07142857142857142,0.07995210935038803
45.0,crank_nicolson,0.2857142857142857,0.14285714285714285,0.1608892137529174
45.0,crank_nicolson,0.2857142857142857,0.21428571428571427,0.24265945851810886
45.0,crank_nicolson,0.2857142857142857,0.2857142857142857,0.3226276267172691
45.0,crank_nicolson,0.2857142857142857,0.3571428571428571,0.39738367695658305
45.0,crank_nicolson,0.2857142857142857,0.42857142857142855,0.45658076704608974
45.0,crank_nicolson,0.2857142857142857,0.5,0.4810244635422883
45.0,crank_nicolson,0.2857142857142857,0.5714285714285714,0.45658076704609074
45.0,crank_nicolson,0.2857142857142857,0.6428571428571428,0.39738367695658294
45.0,crank_nicolson,0.2857142857142857,0.7142857142857142,0.3226276267172689
45.0,crank_nicolson,0.2857142857142857,0.7857142857142857,0.2426594585181087
45.0,crank_nicolson,0.2857142857142857,0.8571428571428571,0.1608892137529175
45.0,crank_nicolson,0.2857142857142857,0.9285714285714285,0.07995210935038805
45.0,crank_nicolson,0.2857142857142857,1.0,0.08219025043752239
45.0,crank_nicolson,0.3571428571428571,0.0,0.08219025043752239
45.0,crank_nicolson,0.3571428571428571,0.07142857142857142,0.09876923120158364
45.0,crank_nicolson,0.3571428571428571,0.14285714285714285,0.19849614230878676
45.0,crank_nicolson,0.3571428571428571,0.21428571428571427,0.29898515458783304
45.0,crank_nicolson,0.3571428571428571,0.2857142857142857,0.397383676956585
45.0,crank_nicolson,0.3571428571428571,0.3571428571428571,0.48942301359117424
45.0,crank_nicolson,0.3571428571428571,0.42857142857142855,0.5623160799245218
45.0,crank_nicolson,0.3571428571428571,0.5,0.5924157868301272
45.0,crank_nicolson,0.3571428571428571,0.5714285714285714,0.5623160799245228
45.0,crank_nicolson,0.3571428571428571,0.6428571428571428,0.48942301359117435
45.0,crank_nicolson,0.3571428571428571,0.7142857142857142,0.3973836769565851
45.0,crank_nicolson,0.3571428571428571,0.7857142857142857,0.29898515458783337
45.0,crank_nicolson,0.3571428571428571,0.8571428571428571,0.19849614230878718
45.0,crank_nicolson,0.3571428571428571,0.9285714285714285,0.09876923120158357
45.0,crank_nicolson,0.3571428571428571,1.0,0.08219025043752239
45.0,crank_nicolson,0.42857142857142855,0.0,0.08219025043752239
45.0,crank_nicolson,0.42857142857142855,0.07142857142857142,0.11365617230557033
45.0,crank_nicolson,0.42857142857142855,0.14285714285714285,0.22825960954694793
45.0,crank_nicolson,0.42857142857142855,0.21428571428571427,0.34357800104323544
45.0,crank_nicolson,0.42857142857142855,0.2857142857142857,0.4565807670460919
45.0,crank_nicolson,0.42857142857142855,0.3571428571428571,0.5623160799245221
45.0,crank_nicolson,0.42857142857142855,0.42857142857142855,0.6460624114802619
45.0,crank_nicolson,0.42857142857142855,0.5,0.6806441355086065
45.0,crank_nicolson,0.42857142857142855,0.5714285714285714,0.646062411480263
45.0,crank_nicolson,0.42857142857142855,0.6428571428571428,0.5623160799245228
45.0,crank_nicolson,0.42857142857142855,0.7142857142857142,0.4565807670460935
45.0,crank_nicolson,0.42857142857142855,0.7857142857142857,0.3435780010432363
45.0,crank_nicolson,0.42857142857142855,0.8571428571428571,0.2282596095469483
45.0,crank_nicolson,0.42857142857142855,0.9285714285714285,0.11365617230556994
45.0,crank_nicolson,0.42857142857142855,1.0,0.08219025043752239
45.0,crank_nicolson,0.5,0.0,0.08219025043752239
45.0,crank_nicolson,0.5,0.07142857142857142,0.11980225930885217
45.0,crank_nicolson,0.5,0.14285714285714285,0.2405483730120763
45.0,crank_nicolson,0.5,0.21428571428571427,0.3619906147685538
45.0,crank_nicolson,0.5,0.2857142857142857,0.4810244635422859
45.0,crank_nicolson,0.5,0.3571428571428571,0.5924157868301262
45.0,crank_nicolson,0.5,0.42857142857142855,0.6806441355086094
45.0,crank_nicolson,0.5,0.5,0.7170767419640467
45.0,crank_nicolson,0.5,0.5714285714285714,0.6806441355086059
45.0,crank_nicolson,0.5,0.6428571428571428,0.5924157868301259
45.0,crank_nicolson,0.5,0.7142857142857142,0.4810244635422881
45.0,crank_nicolson,0.5,0.7857142857142857,0.3619906147685559
45.0,crank_nicolson,0.5,0.8571428571428571,0.24054837301207702
45.0,crank_nicolson,0.5,0.9285714285714285,0.1198022593088524
45.0,crank_nicolson,0.5,1.0,0.08219025043752239
45.0,crank_nicolson,0.5714285714285714,0.0,0.08219025043752239
45.0,crank_nicolson,0.5714285714285714,0.07142857142857142,0.11365617230557049
45.0,crank_nicolson,0.5714285714285714,0.14285714285714285,0.228259609546948
45.0,crank_nicolson,0.5714285714285714,0.21428571428571427,0.34357800104323133
45.0,crank_nicolson,0.5714285714285714,0.2857142857142857,0.45658076704608813
45.0,crank_nicolson,0.5714285714285714,0.3571428571428571,0.5623160799245194
45.0,crank_nicolson,0.5714285714285714,0.42857142857142855,0.6460624114802631
45.0,crank_nicolson,0.5714285714285714,0.5,0.6806441355086085
45.0,crank_nicolson,0.5714285714285714,0.5714285714285714,0.6460624114802656
45.0,crank_nicolson,0.5714285714285714,0.6428571428571428,0.5623160799245233
45.0,crank_nicolson,0.5714285714285714,0.7142857142857142,0.45658076704609096
45.0,crank_nicolson,0.5714285714285714,0.7857142857142857,0.3435780010432354
45.0,crank_nicolson,0.5714285714285714,0.8571428571428571,0.22825960954695007
45.0,crank_nicolson,0.5714285714285714,0.9285714285714285,0.11365617230557097
45.0,crank_nicolson,0.5714285714285714,1.0,0.08219025043752239
45.0,crank_nicolson,0.6428571428571428,0.0,0.08219025043752239
45.0,crank_nicolson,0.6428571428571428,0.07142857142857142,0.0987692312015834
45.0,crank_nicolson,0.6428571428571428,0.14285714285714285,0.19849614230878643
45.0,crank_nicolson,0.6428571428571428,0.21428571428571427,0.2989851545878312
45.0,crank_nicolson,0.6428571428571428,0.2857142857142857,0.3973836769565819
45.0,crank_nicolson,0.6428571428571428,0.3571428571428571,0.48942301359117163
45.0,crank_nicolson,0.6428571428571428,0.42857142857142855,0.5623160799245217
45.0,crank_nicolson,0.6428571428571428,0.5,0.5924157868301272
45.0,crank_nicolson,0.6428571428571428,0.5714285714285714,0.5623160799245245
45.0,crank_nicolson,0.6428571428571428,0.6428571428571428,0.48942301359117657
45.0,crank_nicolson,0.6428571428571428,0.7142857142857142,0.39738367695658416
45.0,crank_nicolson,0.6428571428571428,0.7857142857142857,0.29898515458783287
45.0,crank_nicolson,0.6428571428571428,0.8571428571428571,0.1984961423087878
45.0,crank_nicolson,0.6428571428571428,0.9285714285714285,0.09876923120158386
45.0,crank_nicolson,0.6428571428571428,1.0,0.08219025043752239
45.0,crank_nicolson,0.7142857142857142,0.0,0.08219025043752239
45.0,crank_nicolson,0.7142857142857142,0.07142857142857142,0.0799521093503883
45.0,crank_nicolson,0.7142857142857142,0.14285714285714285,0.16088921375291712
45.0,crank_nicolson,0.7142857142857142,0.21428571428571427,0.24265945851810788
45.0,crank_nicolson,0.7142857142857142,0.2857142857142857,0.3226276267172683
45.0,crank_nicolson,0.7142857142857142,0.3571428571428571,0.39738367695658205
45.0,crank_nicolson,0.7142857142857142,0.42857142857142855,0.45658076704609035
45.0,crank_nicolson,0.7142857142857142,0.5,0.48102446354228945
45.0,crank_nicolson,0.7142857142857142,0.5714285714285714,0.4565807670460934
45.0,crank_nicolson,0.7142857142857142,0.6428571428571428,0.3973836769565851
45.0,crank_nicolson,0.7142857142857142,0.7142857142857142,0.3226276267172694
45.0,crank_nicolson,0.7142857142857142,0.7857142857142857,0.24265945851810863
45.0,crank_nicolson,0.7142857142857142,0.8571428571428571,0.1608892137529175
45.0,crank_nicolson,0.7142857142857142,0.9285714285714285,0.07995210935038854
45.0,crank_nicolson,0.7142857142857142,1.0,0.08219025043752239
45.0,crank_nicolson,0.7857142857142857,0.0,0.08219025043752239
45.0,crank_nicolson,0.7857142857142857,0.07142857142857142,0.05975334002124022
45.0,crank_nicolson,0.7857142857142857,0.14285714285714285,0.12057051671296165
45.0,crank_nicolson,0.7857142857142857,0.21428571428571427,0.18235063922209843
45.0,crank_nicolson,0.7857142857142857,0.2857142857142857,0.24265945851810833
45.0,crank_nicolson,0.7857142857142857,0.3571428571428571,0.29898515458783215
45.0,crank_nicolson,0.7857142857142857,0.42857142857142855,0.34357800104323355
45.0,crank_nicolson,0.7857142857142857,0.5,0.3619906147685555
45.0,crank_nicolson,0.7857142857142857,0.5714285714285714,0.34357800104323527
45.0,crank_nicolson,0.7857142857142857,0.6428571428571428,0.2989851545878335
45.0,crank_nicolson,0.7857142857142857,0.7142857142857142,0.24265945851810897
45.0,crank_nicolson,0.7857142857142857,0.7857142857142857,0.18235063922209857
45.0,crank_nicolson,0.7857142857142857,0.8571428571428571,0.12057051671296183
45.0,crank_nicolson,0.7857142857142857,0.9285714285714285,0.05975334002124033
45.0,crank_nicolson,0.7857142857142857,1.0,0.08219025043752239
45.0,crank_nicolson,0.8571428571428571,0.0,0.08219025043752239
45.0,crank_nicolson,0.8571428571428571,0.07142857142857142,0.039052840965071264
45.0,crank_nicolson,0.8571428571428571,0.14285714285714285,0.07919665128543316
45.0,crank_nicolson,0.8571428571428571,0.21428571428571427,0.12057051671296147
45.0,crank_nicolson,0.8571428571428571,0.2857142857142857,0.16088921375291743
45.0,crank_nicolson,0.8571428571428571,0.3571428571428571,0.19849614230878668
45.0,crank_nicolson,0.8571428571428571,0.42857142857142855,0.22825960954694766
45.0,crank_nicolson,0.8571428571428571,0.5,0.24054837301207685
45.0,crank_nicolson,0.8571428571428571,0.5714285714285714,0.22825960954695015
45.0,crank_nicolson,0.8571428571428571,0.6428571428571428,0.19849614230878815
45.0,crank_nicolson,0.8571428571428571,0.7142857142857142,0.16088921375291768
45.0,crank_nicolson,0.8571428571428571,0.7857142857142857,0.12057051671296158
45.0,crank_nicolson,0.8571428571428571,0.8571428571428571,0.07919665128543321
45.0,crank_nicolson,0.8571428571428571,0.9285714285714285,0.03905284096507132
45.0,crank_nicolson,0.8571428571428571,1.0,0.08219025043752239
45.0,crank_nicolson,0.9285714285714285,0.0,0.08219025043752239
45.0,crank_nicolson,0.9285714285714285,0.07142857142857142,0.019719650486244508
45.0,crank_nicolson,0.9285714285714285,0.14285714285714285,0.03905284096507122
45.0,crank_nicolson,0.9285714285714285,0.21428571428571427,0.05975334002124005
45.0,crank_nicolson,0.9285714285714285,0.2857142857142857,0.07995210935038793
45.0,crank_nicolson,0.9285714285714285,0.3571428571428571,0.09876923120158335
45.0,crank_nicolson,0.9285714285714285,0.42857142857142855,0.1136561723055698
45.0,crank_nicolson,0.9285714285714285,0.5,0.11980225930885233
45.0,crank_nicolson,0.9285714285714285,0.5714285714285714,0.11365617230557098
45.0,crank_nicolson,0.9285714285714285,0.6428571428571428,0.09876923120158392
45.0,crank_nicolson,0.9285714285714285,0.7142857142857142,0.07995210935038827
45.0,crank_nicolson,0.9285714285714285,0.7857142857142857,0.05975334002124018
45.0,crank_nicolson,0.9285714285714285,0.8571428571428571,0.03905284096507128
45.0,crank_nicolson,0.9285714285714285,0.9285714285714285,0.01971965048624454
45.0,crank_nicolson,0.9285714285714285,1.0,0.08219025043752239
45.0,crank_nicolson,1.0,0.0,0.08219025043752239
45.0,crank_nicolson,1.0,0.07142857142857142,0.08219025043752239
45.0,crank_nicolson,1.0,0.14285714285714285,0.08219025043752239
45.0,crank_nicolson,1.0,0.21428571428571427,0.08219025043752239
45.0,crank_nicolson,1.0,0.2857142857142857,0.08219025043752239
45.0,crank_nicolson,1.0,0.3571428571428571,0.08219025043752239
45.0,crank_nicolson,1.0,0.42857142857142855,0.08219025043752239
45.0,crank_nicolson,1.0,0.5,0.08219025043752239
45.0,crank_nicolson,1.0,0.5714285714285714,0.08219025043752239
45.0,crank_nicolson,1.0,0.6428571428571428,0.08219025043752239
45.0,crank_nicolson,1.0,0.7142857142857142,0.08219025043752239
45.0,crank_nicolson,1.0,0.7857142857142857,0.08219025043752239
45.0,crank_nicolson,1.0,0.8571428571428571,0.08219025043752239
45.0,crank_nicolson,1.0,0.9285714285714285,0.08219025043752239
45.0,crank_nicolson,1.0,1.0,0.08219025043752239
46.0,crank_nicolson,0.0,0.0,-0.029900735046586746
46.0,crank_nicolson,0.0,0.07142857142857142,-0.029900735046586746
46.0,crank_nicolson,0.0,0.14285714285714285,-0.029900735046586746
46.0,crank_nicolson,0.0,0.21428571428571427,-0.029900735046586746
46.0,crank_nicolson,0.0,0.2857142857142857,-0.029900735046586746
46.0,crank_nicolson,0.0,0.3571428571428571,-0.029900735046586746
46.0,crank_nicolson,0.0,0.42857142857142855,-0.029900735046586746
46.0,crank_nicolson,0.0,0.5,-0.029900735046586746
46.0,crank_nicolson,0.0,0.5714285714285714,-0.029900735046586746
46.0,crank_nicolson,0.0,0.6428571428571428,-0.029900735046586746
46.0,crank_nicolson,0.0,0.7142857142857142,-0.029900735046586746
46.0,crank_nicolson,0.0,0.7857142857142857,-0.029900735046586746
46.0,crank_nicolson,0.0,0.8571428571428571,-0.029900735046586746
46.0,crank_nicolson,0.0,0.9285714285714285,-0.029900735046586746
46.0,crank_nicolson,0.0,1.0,-0.029900735046586746
46.0,crank_nicolson,0.07142857142857142,0.0,-0.029900735046586746
46.0,crank_nicolson,0.07142857142857142,0.07142857142857142,0.019412223478468434
46.0,crank_nicolson,0.07142857142857142,0.14285714285714285,0.03897248995025719
46.0,crank_nicolson,0.07142857142857142,0.21428571428571427,0.05962384860779976
46.0,crank_nicolson,0.07142857142857142,0.2857142857142857,0.07979549151361857
46.0,crank_nicolson,0.07142857142857142,0.3571428571428571,0.09854182441768516
46.0,crank_nicolson,0.07142857142857142,0.42857142857142855,0.11329802780615006
46.0,crank_nicolson,0.07142857142857142,0.5,0.11934889649595425
46.0,crank_nicolson,0.07142857142857142,0.5714285714285714,0.11329802780614973
46.0,crank_nicolson,0.07142857142857142,0.6428571428571428,0.09854182441768489
46.0,crank_nicolson,0.07142857142857142,0.7142857142857142,0.07979549151361852
46.0,crank_nicolson,0.07142857142857142,0.7857142857142857,0.059623848607799755
46.0,crank_nicolson,0.07142857142857142,0.8571428571428571,0.03897248995025719
46.0,crank_nicolson,0.07142857142857142,0.9285714285714285,0.019412223478468445
46.0,crank_nicolson,0.07142857142857142,1.0,-0.029900735046586746
46.0,crank_nicolson,0.14285714285714285,0.0,-0.029900735046586746
46.0,crank_nicolson,0.14285714285714285,0.07142857142857142,0.038972489950257115
46.0,crank_nicolson,0.14285714285714285,0.14285714285714285,0.07926173205656901
46.0,crank_nicolson,0.14285714285714285,0.21428571428571427,0.12056724368617629
46.0,crank_nicolson,0.14285714285714285,0.2857142857142857,0.1608354030215306
46.0,crank_nicolson,0.14285714285714285,0.3571428571428571,0.19829938896947114
46.0,crank_nicolson,0.14285714285714285,0.42857142857142855,0.22780036871790332
46.0,crank_nicolson,0.14285714285714285,0.5,0.23989835261859796
46.0,crank_nicolson,0.14285714285714285,0.5714285714285714,0.22780036871790263
46.0,crank_nicolson,0.14285714285714285,0.6428571428571428,0.19829938896947114
46.0,crank_nicolson,0.14285714285714285,0.7142857142857142,0.16083540302153057
46.0,crank_nicolson,0.14285714285714285,0.7857142857142857,0.12056724368617629
46.0,crank_nicolson,0.14285714285714285,0.8571428571428571,0.079261732056569
46.0,crank_nicolson,0.14285714285714285,0.9285714285714285,0.03897248995025715
46.0,crank_nicolson,0.14285714285714285,1.0,-0.029900735046586746
46.0,crank_nicolson,0.21428571428571427,0.0,-0.029900735046586746
46.0,crank_nicolson,0.21428571428571427,0.07142857142857142,0.0596238486077996
46.0,crank_nicolson,0.21428571428571427,0.14285714285714285,0.12056724368617609
46.0,crank_nicolson,0.21428571428571427,0.21428571428571427,0.18227000925867382
46.0,crank_nicolson,0.21428571428571427,0.2857142857142857,0.24249878802071123
46.0,crank_nicolson,0.21428571428571427,0.3571428571428571,0.2986036042036538
46.0,crank_nicolson,0.21428571428571427,0.42857142857142855,0.3427983987600347
46.0,crank_nicolson,0.21428571428571427,0.5,0.3609233028646127
46.0,crank_nicolson,0.21428571428571427,0.5714285714285714,0.3427983987600343
46.0,crank_nicolson,0.21428571428571427,0.6428571428571428,0.2986036042036537
46.0,crank_nicolson,0.21428571428571427,0.7142857142857142,0.2424987880207111
46.0,crank_nicolson,0.21428571428571427,0.7857142857142857,0.18227000925867387
46.0,crank_nicolson,0.21428571428571427,0.8571428571428571,0.12056724368617612
46.0,crank_nicolson,0.21428571428571427,0.9285714285714285,0.05962384860779964
46.0,crank_nicolson,0.21428571428571427,1.0,-0.029900735046586746
46.0,crank_nicolson,0.2857142857142857,0.0,-0.029900735046586746
46.0,crank_nicolson,0.2857142857142857,0.07142857142857142,0.07979549151361817
46.0,crank_nicolson,0.2857142857142857,0.14285714285714285,0.16083540302153077
46.0,crank_nicolson,0.2857142857142857,0.21428571428571427,0.2424987880207118
46.0,crank_nicolson,0.2857142857142857,0.2857142857142857,0.32233703562230537
46.0,crank_nicolson,0.2857142857142857,0.3571428571428571,0.39677716226719034
46.0,crank_nicolson,0.2857142857142857,0.42857142857142855,0.45542865081713435
46.0,crank_nicolson,0.2857142857142857,0.5,0.4794834549808028
46.0,crank_nicolson,0.2857142857142857,0.5714285714285714,0.45542865081713546
46.0,crank_nicolson,0.2857142857142857,0.6428571428571428,0.3967771622671905
46.0,crank_nicolson,0.2857142857142857,0.7142857142857142,0.32233703562230526
46.0,crank_nicolson,0.2857142857142857,0.7857142857142857,0.24249878802071165
46.0,crank_nicolson,0.2857142857142857,0.8571428571428571,0.16083540302153088
46.0,crank_nicolson,0.2857142857142857,0.9285714285714285,0.0797954915136182
46.0,crank_nicolson,0.2857142857142857,1.0,-0.029900735046586746
46.0,crank_nicolson,0.3571428571428571,0.0,-0.029900735046586746
46.0,crank_nicolson,0.3571428571428571,0.07142857142857142,0.09854182441768497
46.0,crank_nicolson,0.3571428571428571,0.14285714285714285,0.19829938896947144
46.0,crank_nicolson,0.3571428571428571,0.21428571428571427,0.2986036042036551
46.0,crank_nicolson,0.3571428571428571,0.2857142857142857,0.39677716226719256
46.0,crank_nicolson,0.3571428571428571,0.3571428571428571,0.4883668785348857
46.0,crank_nicolson,0.3571428571428571,0.42857142857142855,0.5605409625587303
46.0,crank_nicolson,0.3571428571428571,0.5,0.5901425394264728
46.0,crank_nicolson,0.3571428571428571,0.5714285714285714,0.5605409625587316
46.0,crank_nicolson,0.3571428571428571,0.6428571428571428,0.4883668785348859
46.0,crank_nicolson,0.3571428571428571,0.7142857142857142,0.39677716226719284
46.0,crank_nicolson,0.3571428571428571,0.7857142857142857,0.29860360420365545
46.0,crank_nicolson,0.3571428571428571,0.8571428571428571,0.1982993889694719
46.0,crank_nicolson,0.3571428571428571,0.9285714285714285,0.09854182441768487
46.0,crank_nicolson,0.3571428571428571,1.0,-0.029900735046586746
46.0,crank_nicolson,0.42857142857142855,0.0,-0.029900735046586746
46.0,crank_nicolson,0.42857142857142855,0.07142857142857142,0.11329802780614993
46.0,crank_nicolson,0.42857142857142855,0.14285714285714285,0.22780036871790357
46.0,crank_nicolson,0.42857142857142855,0.21428571428571427,0.3427983987600373
46.0,crank_nicolson,0.42857142857142855,0.2857142857142857,0.4554286508171367
46.0,crank_nicolson,0.42857142857142855,0.3571428571428571,0.5605409625587306
46.0,crank_nicolson,0.42857142857142855,0.42857142857142855,0.6433777718694275
46.0,crank_nicolson,0.42857142857142855,0.5,0.6773530069790912
46.0,crank_nicolson,0.42857142857142855,0.5714285714285714,0.6433777718694287
46.0,crank_nicolson,0.42857142857142855,0.6428571428571428,0.5605409625587315
46.0,crank_nicolson,0.42857142857142855,0.7142857142857142,0.4554286508171381
46.0,crank_nicolson,0.42857142857142855,0.7857142857142857,0.34279839876003804
46.0,crank_nicolson,0.42857142857142855,0.8571428571428571,0.22780036871790385
46.0,crank_nicolson,0.42857142857142855,0.9285714285714285,0.11329802780614956
46.0,crank_nicolson,0.42857142857142855,1.0,-0.029900735046586746
46.0,crank_nicolson,0.5,0.0,-0.029900735046586746
46.0,crank_nicolson,0.5,0.07142857142857142,0.11934889649595427
46.0,crank_nicolson,0.5,0.14285714285714285,0.23989835261859835
46.0,crank_nicolson,0.5,0.21428571428571427,0.3609233028646133
46.0,crank_nicolson,0.5,0.2857142857142857,0.47948345498080047
46.0,crank_nicolson,0.5,0.3571428571428571,0.590142539426472
46.0,crank_nicolson,0.5,0.42857142857142855,0.6773530069790943
46.0,crank_nicolson,0.5,0.5,0.7131222088336894
46.0,crank_nicolson,0.5,0.5714285714285714,0.6773530069790905
46.0,crank_nicolson,0.5,0.6428571428571428,0.5901425394264717
46.0,crank_nicolson,0.5,0.7142857142857142,0.4794834549808026
46.0,crank_nicolson,0.5,0.7857142857142857,0.36092330286461544
46.0,crank_nicolson,0.5,0.8571428571428571,0.23989835261859915
46.0,crank_nicolson,0.5,0.9285714285714285,0.11934889649595448
46.0,crank_nicolson,0.5,1.0,-0.029900735046586746
46.0,crank_nicolson,0.5714285714285714,0.0,-0.029900735046586746
46.0,crank_nicolson,0.5714285714285714,0.07142857142857142,0.11329802780615009
46.0,crank_nicolson,0.5714285714285714,0.14285714285714285,0.22780036871790363
46.0,crank_nicolson,0.5714285714285714,0.21428571428571427,0.3427983987600334
46.0,crank_nicolson,0.5714285714285714,0.2857142857142857,0.45542865081713263
46.0,crank_nicolson,0.5714285714285714,0.3571428571428571,0.5605409625587277
46.0,crank_nicolson,0.5714285714285714,0.42857142857142855,0.6433777718694287
46.0,crank_nicolson,0.5714285714285714,0.5,0.677353006979093
46.0,crank_nicolson,0.5714285714285714,0.5714285714285714,0.6433777718694313
46.0,crank_nicolson,0.5714285714285714,0.6428571428571428,0.5605409625587318
46.0,crank_nicolson,0.5714285714285714,0.7142857142857142,0.4554286508171357
46.0,crank_nicolson,0.5714285714285714,0.7857142857142857,0.34279839876003715
46.0,crank_nicolson,0.5714285714285714,0.8571428571428571,0.22780036871790574
46.0,crank_nicolson,0.5714285714285714,0.9285714285714285,0.11329802780615061
46.0,crank_nicolson,0.5714285714285714,1.0,-0.029900735046586746
46.0,crank_nicolson,0.6428571428571428,0.0,-0.029900735046586746
46.0,crank_nicolson,0.6428571428571428,0.07142857142857142,0.09854182441768472
46.0,crank_nicolson,0.6428571428571428,0.14285714285714285,0.19829938896947105
46.0,crank_nicolson,0.6428571428571428,0.21428571428571427,0.2986036042036532
46.0,crank_nicolson,0.6428571428571428,0.2857142857142857,0.3967771622671894
46.0,crank_nicolson,0.6428571428571428,0.3571428571428571,0.4883668785348829
46.0,crank_nicolson,0.6428571428571428,0.42857142857142855,0.5605409625587299
46.0,crank_nicolson,0.6428571428571428,0.5,0.590142539426473
46.0,crank_nicolson,0.6428571428571428,0.5714285714285714,0.5605409625587328
46.0,crank_nicolson,0.6428571428571428,0.6428571428571428,0.48836687853488825
46.0,crank_nicolson,0.6428571428571428,0.7142857142857142,0.39677716226719184
46.0,crank_nicolson,0.6428571428571428,0.7857142857142857,0.29860360420365495
46.0,crank_nicolson,0.6428571428571428,0.8571428571428571,0.19829938896947258
46.0,crank_nicolson,0.6428571428571428,0.9285714285714285,0.09854182441768514
46.0,crank_nicolson,0.6428571428571428,1.0,-0.029900735046586746
46.0,crank_nicolson,0.7142857142857142,0.0,-0.029900735046586746
46.0,crank_nicolson,0.7142857142857142,0.07142857142857142,0.07979549151361848
46.0,crank_nicolson,0.7142857142857142,0.14285714285714285,0.16083540302153057
46.0,crank_nicolson,0.7142857142857142,0.21428571428571427,0.2424987880207108
46.0,crank_nicolson,0.7142857142857142,0.2857142857142857,0.3223370356223046
46.0,crank_nicolson,0.7142857142857142,0.3571428571428571,0.39677716226718956
46.0,crank_nicolson,0.7142857142857142,0.42857142857142855,0.455428650817135
46.0,crank_nicolson,0.7142857142857142,0.5,0.4794834549808039
46.0,crank_nicolson,0.7142857142857142,0.5714285714285714,0.4554286508171381
46.0,crank_nicolson,0.7142857142857142,0.6428571428571428,0.3967771622671926
46.0,crank_nicolson,0.7142857142857142,0.7142857142857142,0.32233703562230576
46.0,crank_nicolson,0.7142857142857142,0.7857142857142857,0.24249878802071162
46.0,crank_nicolson,0.7142857142857142,0.8571428571428571,0.16083540302153093
46.0,crank_nicolson,0.7142857142857142,0.9285714285714285,0.07979549151361874
46.0,crank_nicolson,0.7142857142857142,1.0,-0.029900735046586746
46.0,crank_nicolson,0.7857142857142857,0.0,-0.029900735046586746
46.0,crank_nicolson,0.7857142857142857,0.07142857142857142,0.05962384860779975
46.0,crank_nicolson,0.7857142857142857,0.14285714285714285,0.12056724368617629
46.0,crank_nicolson,0.7857142857142857,0.21428571428571427,0.18227000925867382
46.0,crank_nicolson,0.7857142857142857,0.2857142857142857,0.2424987880207113
46.0,crank_nicolson,0.7857142857142857,0.3571428571428571,0.29860360420365417
46.0,crank_nicolson,0.7857142857142857,0.42857142857142855,0.34279839876003537
46.0,crank_nicolson,0.7857142857142857,0.5,0.3609233028646152
46.0,crank_nicolson,0.7857142857142857,0.5714285714285714,0.34279839876003715
46.0,crank_nicolson,0.7857142857142857,0.6428571428571428,0.29860360420365556
46.0,crank_nicolson,0.7857142857142857,0.7142857142857142,0.24249878802071193
46.0,crank_nicolson,0.7857142857142857,0.7857142857142857,0.182270009258674
46.0,crank_nicolson,0.7857142857142857,0.8571428571428571,0.12056724368617647
46.0,crank_nicolson,0.7857142857142857,0.9285714285714285,0.05962384860779986
46.0,crank_nicolson,0.7857142857142857,1.0,-0.029900735046586746
46.0,crank_nicolson,0.8571428571428571,0.0,-0.029900735046586746
46.0,crank_nicolson,0.8571428571428571,0.07142857142857142,0.038972489950257184
46.0,crank_nicolson,0.8571428571428571,0.14285714285714285,0.079261732056569
46.0,crank_nicolson,0.8571428571428571,0.21428571428571427,0.12056724368617608
46.0,crank_nicolson,0.8571428571428571,0.2857142857142857,0.16083540302153077
46.0,crank_nicolson,0.8571428571428571,0.3571428571428571,0.19829938896947139
46.0,crank_nicolson,0.8571428571428571,0.42857142857142855,0.22780036871790327
46.0,crank_nicolson,0.8571428571428571,0.5,0.23989835261859901
46.0,crank_nicolson,0.8571428571428571,0.5714285714285714,0.22780036871790577
46.0,crank_nicolson,0.8571428571428571,0.6428571428571428,0.19829938896947286
46.0,crank_nicolson,0.8571428571428571,0.7142857142857142,0.16083540302153104
46.0,crank_nicolson,0.8571428571428571,0.7857142857142857,0.1205672436861762
46.0,crank_nicolson,0.8571428571428571,0.8571428571428571,0.07926173205656911
46.0,crank_nicolson,0.8571428571428571,0.9285714285714285,0.03897248995025724
46.0,crank_nicolson,0.8571428571428571,1.0,-0.029900735046586746
46.0,crank_nicolson,0.9285714285714285,0.0,-0.029900735046586746
46.0,crank_nicolson,0.9285714285714285,0.07142857142857142,0.019412223478468434
46.0,crank_nicolson,0.9285714285714285,0.14285714285714285,0.038972489950257136
46.0,crank_nicolson,0.9285714285714285,0.21428571428571427,0.059623848607799575
46.0,crank_nicolson,0.9285714285714285,0.2857142857142857,0.07979549151361809
46.0,crank_nicolson,0.9285714285714285,0.3571428571428571,0.09854182441768468
46.0,crank_nicolson,0.9285714285714285,0.42857142857142855,0.11329802780614942
46.0,crank_nicolson,0.9285714285714285,0.5,0.11934889649595441
46.0,crank_nicolson,0.9285714285714285,0.5714285714285714,0.11329802780615061
46.0,crank_nicolson,0.9285714285714285,0.6428571428571428,0.09854182441768523
46.0,crank_nicolson,0.9285714285714285,0.7142857142857142,0.07979549151361844
46.0,crank_nicolson,0.9285714285714285,0.7857142857142857,0.05962384860779969
46.0,crank_nicolson,0.9285714285714285,0.8571428571428571,0.03897248995025719
46.0,crank_nicolson,0.9285714285714285,0.9285714285714285,0.019412223478468462
46.0,crank_nicolson,0.9285714285714285,1.0,-0.029900735046586746
46.0,crank_nicolson,1.0,0.0,-0.029900735046586746
46.0,crank_nicolson,1.0,0.07142857142857142,-0.029900735046586746
46.0,crank_nicolson,1.0,0.14285714285714285,-0.029900735046586746
46.0,crank_nicolson,1.0,0.21428571428571427,-0.029900735046586746
46.0,crank_nicolson,1.0,0.2857142857142857,-0.029900735046586746
46.0,crank_nicolson,1.0,0.3571428571428571,-0.029900735046586746
46.0,crank_nicolson,1.0,0.42857142857142855,-0.029900735046586746
46.0,crank_nicolson,1.0,0.5,-0.029900735046586746
46.0,crank_nicolson,1.0,0.5714285714285714,-0.029900735046586746
46.0,crank_nicolson,1.0,0.6428571428571428,-0.029900735046586746
46.0,crank_nicolson,1.0,0.7142857142857142,-0.029900735046586746
46.0,crank_nicolson,1.0,0.7857142857142857,-0.029900735046586746
46.0,crank_nicolson,1.0,0.8571428571428571,-0.029900735046586746
46.0,crank_nicolson,1.0,0.9285714285714285,-0.029900735046586746
46.0,crank_nicolson,1.0,1.0,-0.029900735046586746
47.0,crank_nicolson,0.0,0.0,0.00917607765355023
47.0,crank_nicolson,0.0,0.07142857142857142,0.00917607765355023
47.0,crank_nicolson,0.0,0.14285714285714285,0.00917607765355023
47.0,crank_nicolson,0.0,0.21428571428571427,0.00917607765355023
47.0,crank_nicolson,0.0,0.2857142857142857,0.00917607765355023
47.0,crank_nicolson,0.0,0.3571428571428571,0.00917607765355023
47.0,crank_nicolson,0.0,0.42857142857142855,0.00917607765355023
47.0,crank_nicolson,0.0,0.5,0.00917607765355023
47.0,crank_nicolson,0.0,0.5714285714285714,0.00917607765355023
47.0,crank_nicolson,0.0,0.6428571428571428,0.00917607765355023
47.0,crank_nicolson,0.0,0.7142857142857142,0.00917607765355023
47.0,crank_nicolson,0.0,0.7857142857142857,0.00917607765355023
47.0,crank_nicolson,0.0,0.8571428571428571,0.00917607765355023
47.0,crank_nicolson,0.0,0.9285714285714285,0.00917607765355023
47.0,crank_nicolson,0.0,1.0,0.00917607765355023
47.0,crank_nicolson,0.07142857142857142,0.0,0.00917607765355023
47.0,crank_nicolson,0.07142857142857142,0.07142857142857142,0.019539734690281828
47.0,crank_nicolson,0.07142857142857142,0.14285714285714285,0.03906726055109803
47.0,crank_nicolson,0.07142857142857142,0.21428571428571427,0.05969719571479369
47.0,crank_nicolson,0.07142857142857142,0.2857142857142857,0.07985467823400239
47.0,crank_nicolson,0.07142857142857142,0.3571428571428571,0.09856544210236495
47.0,crank_nicolson,0.07142857142857142,0.42857142857142855,0.11325724157068431
47.0,crank_nicolson,0.07142857142857142,0.5,0.11926205456412921
47.0,crank_nicolson,0.07142857142857142,0.5714285714285714,0.11325724157068394
47.0,crank_nicolson,0.07142857142857142,0.6428571428571428,0.09856544210236468
47.0,crank_nicolson,0.07142857142857142,0.7142857142857142,0.07985467823400233
47.0,crank_nicolson,0.07142857142857142,0.7857142857142857,0.059697195714793684
47.0,crank_nicolson,0.07142857142857142,0.8571428571428571,0.03906726055109803
47.0,crank_nicolson,0.07142857142857142,0.9285714285714285,0.019539734690281838
47.0,crank_nicolson,0.07142857142857142,1.0,0.00917607765355023
47.0,crank_nicolson,0.14285714285714285,0.0,0.00917607765355023
47.0,crank_nicolson,0.14285714285714285,0.07142857142857142,0.03906726055109796
47.0,crank_nicolson,0.14285714285714285,0.14285714285714285,0.07929003893019564
47.0,crank_nicolson,0.14285714285714285,0.21428571428571427,0.12056374726821481
47.0,crank_nicolson,0.14285714285714285,0.2857142857142857,0.16080548449505014
47.0,crank_nicolson,0.14285714285714285,0.3571428571428571,0.19819767342167416
47.0,crank_nicolson,0.14285714285714285,0.42857142857142855,0.22756932440853128
47.0,crank_nicolson,0.14285714285714285,0.5,0.2395750186354485
47.0,crank_nicolson,0.14285714285714285,0.5714285714285714,0.2275693244085306
47.0,crank_nicolson,0.14285714285714285,0.6428571428571428,0.19819767342167413
47.0,crank_nicolson,0.14285714285714285,0.7142857142857142,0.1608054844950501
47.0,crank_nicolson,0.14285714285714285,0.7857142857142857,0.12056374726821481
47.0,crank_nicolson,0.14285714285714285,0.8571428571428571,0.07929003893019562
47.0,crank_nicolson,0.14285714285714285,0.9285714285714285,0.039067260551097986
47.0,crank_nicolson,0.14285714285714285,1.0,0.00917607765355023
47.0,crank_nicolson,0.21428571428571427,0.0,0.00917607765355023
47.0,crank_nicolson,0.21428571428571427,0.07142857142857142,0.05969719571479353
47.0,crank_nicolson,0.21428571428571427,0.14285714285714285,0.12056374726821463
47.0,crank_nicolson,0.21428571428571427,0.21428571428571427,0.18222957764757797
47.0,crank_nicolson,0.21428571428571427,0.2857142857142857,0.2424167478363615
47.0,crank_nicolson,0.21428571428571427,0.3571428571428571,0.29841059538911047
47.0,crank_nicolson,0.21428571428571427,0.42857142857142855,0.34240917957527645
47.0,crank_nicolson,0.21428571428571427,0.5,0.36039485974374635
47.0,crank_nicolson,0.21428571428571427,0.5714285714285714,0.34240917957527617
47.0,crank_nicolson,0.21428571428571427,0.6428571428571428,0.29841059538911036
47.0,crank_nicolson,0.21428571428571427,0.7142857142857142,0.24241674783636138
47.0,crank_nicolson,0.21428571428571427,0.7857142857142857,0.18222957764757802
47.0,crank_nicolson,0.21428571428571427,0.8571428571428571,0.12056374726821467
47.0,crank_nicolson,0.21428571428571427,0.9285714285714285,0.05969719571479356
47.0,crank_nicolson,0.21428571428571427,1.0,0.00917607765355023
47.0,crank_nicolson,0.2857142857142857,0.0,0.00917607765355023
47.0,crank_nicolson,0.2857142857142857,0.07142857142857142,0.07985467823400197
47.0,crank_nicolson,0.2857142857142857,0.14285714285714285,0.16080548449505036
47.0,crank_nicolson,0.2857142857142857,0.21428571428571427,0.24241674783636205
47.0,crank_nicolson,0.2857142857142857,0.2857142857142857,0.3221879429759124
47.0,crank_nicolson,0.2857142857142857,0.3571428571428571,0.3964692943505499
47.0,crank_nicolson,0.2857142857142857,0.42857142857142855,0.4548516692847977
47.0,crank_nicolson,0.2857142857142857,0.5,0.4787181880888423
47.0,crank_nicolson,0.2857142857142857,0.5714285714285714,0.45485166928479875
47.0,crank_nicolson,0.2857142857142857,0.6428571428571428,0.3964692943505501
47.0,crank_nicolson,0.2857142857142857,0.7142857142857142,0.3221879429759123
47.0,crank_nicolson,0.2857142857142857,0.7857142857142857,0.2424167478363619
47.0,crank_nicolson,0.2857142857142857,0.8571428571428571,0.16080548449505047
47.0,crank_nicolson,0.2857142857142857,0.9285714285714285,0.07985467823400201
47.0,crank_nicolson,0.2857142857142857,1.0,0.00917607765355023
47.0,crank_nicolson,0.3571428571428571,0.0,0.00917607765355023
47.0,crank_nicolson,0.3571428571428571,0.07142857142857142,0.09856544210236473
47.0,crank_nicolson,0.3571428571428571,0.14285714285714285,0.1981976734216744
47.0,crank_nicolson,0.3571428571428571,0.21428571428571427,0.29841059538911185
47.0,crank_nicolson,0.3571428571428571,0.2857142857142857,0.396469294350552
47.0,crank_nicolson,0.3571428571428571,0.3571428571428571,0.48783338194772957
47.0,crank_nicolson,0.3571428571428571,0.42857142857142855,0.5596528166198308
47.0,crank_nicolson,0.3571428571428571,0.5,0.5890131323023722
47.0,crank_nicolson,0.3571428571428571,0.5714285714285714,0.559652816619832
47.0,crank_nicolson,0.3571428571428571,0.6428571428571428,0.48783338194772974
47.0,crank_nicolson,0.3571428571428571,0.7142857142857142,0.39646929435055234
47.0,crank_nicolson,0.3571428571428571,0.7857142857142857,0.29841059538911213
47.0,crank_nicolson,0.3571428571428571,0.8571428571428571,0.19819767342167488
47.0,crank_nicolson,0.3571428571428571,0.9285714285714285,0.09856544210236465
47.0,crank_nicolson,0.3571428571428571,1.0,0.00917607765355023
47.0,crank_nicolson,0.42857142857142855,0.0,0.00917607765355023
47.0,crank_nicolson,0.42857142857142855,0.07142857142857142,0.11325724157068419
47.0,crank_nicolson,0.42857142857142855,0.14285714285714285,0.22756932440853156
47.0,crank_nicolson,0.42857142857142855,0.21428571428571427,0.3424091795752792
47.0,crank_nicolson,0.42857142857142855,0.2857142857142857,0.45485166928480003
47.0,crank_nicolson,0.42857142857142855,0.3571428571428571,0.5596528166198315
47.0,crank_nicolson,0.42857142857142855,0.42857142857142855,0.6420417283060708
47.0,crank_nicolson,0.42857142857142855,0.5,0.6757233834273251
47.0,crank_nicolson,0.42857142857142855,0.5714285714285714,0.6420417283060719
47.0,crank_nicolson,0.42857142857142855,0.6428571428571428,0.5596528166198319
47.0,crank_nicolson,0.42857142857142855,0.7142857142857142,0.4548516692848014
47.0,crank_nicolson,0.42857142857142855,0.7857142857142857,0.34240917957528
47.0,crank_nicolson,0.42857142857142855,0.8571428571428571,0.22756932440853186
47.0,crank_nicolson,0.42857142857142855,0.9285714285714285,0.11325724157068381
47.0,crank_nicolson,0.42857142857142855,1.0,0.00917607765355023
47.0,crank_nicolson,0.5,0.0,0.00917607765355023
47.0,crank_nicolson,0.5,0.07142857142857142,0.11926205456412924
47.0,crank_nicolson,0.5,0.14285714285714285,0.2395750186354489
47.0,crank_nicolson,0.5,0.21428571428571427,0.3603948597437468
47.0,crank_nicolson,0.5,0.2857142857142857,0.47871818808883976
47.0,crank_nicolson,0.5,0.3571428571428571,0.5890131323023714
47.0,crank_nicolson,0.5,0.42857142857142855,0.6757233834273281
47.0,crank_nicolson,0.5,0.5,0.7111717942939876
47.0,crank_nicolson,0.5,0.5714285714285714,0.6757233834273243
47.0,crank_nicolson,0.5,0.6428571428571428,0.5890131323023712
47.0,crank_nicolson,0.5,0.7142857142857142,0.47871818808884187
47.0,crank_nicolson,0.5,0.7857142857142857,0.36039485974374896
47.0,crank_nicolson,0.5,0.8571428571428571,0.23957501863544972
47.0,crank_nicolson,0.5,0.9285714285714285,0.11926205456412944
47.0,crank_nicolson,0.5,1.0,0.00917607765355023
47.0,crank_nicolson,0.5714285714285714,0.0,0.00917607765355023
47.0,crank_nicolson,0.5714285714285714,0.07142857142857142,0.11325724157068434
47.0,crank_nicolson,0.5714285714285714,0.14285714285714285,0.2275693244085316
47.0,crank_nicolson,0.5714285714285714,0.21428571428571427,0.3424091795752753
47.0,crank_nicolson,0.5714285714285714,0.2857142857142857,0.4548516692847959
47.0,crank_nicolson,0.5714285714285714,0.3571428571428571,0.5596528166198284
47.0,crank_nicolson,0.5714285714285714,0.42857142857142855,0.6420417283060715
47.0,crank_nicolson,0.5714285714285714,0.5,0.6757233834273267
47.0,crank_nicolson,0.5714285714285714,0.5714285714285714,0.6420417283060744
47.0,crank_nicolson,0.5714285714285714,0.6428571428571428,0.5596528166198323
47.0,crank_nicolson,0.5714285714285714,0.7142857142857142,0.454851669284799
47.0,crank_nicolson,0.5714285714285714,0.7857142857142857,0.342409179575279
47.0,crank_nicolson,0.5714285714285714,0.8571428571428571,0.22756932440853378
47.0,crank_nicolson,0.5714285714285714,0.9285714285714285,0.11325724157068486
47.0,crank_nicolson,0.5714285714285714,1.0,0.00917607765355023
47.0,crank_nicolson,0.6428571428571428,0.0,0.00917607765355023
47.0,crank_nicolson,0.6428571428571428,0.07142857142857142,0.09856544210236451
47.0,crank_nicolson,0.6428571428571428,0.14285714285714285,0.19819767342167408
47.0,crank_nicolson,0.6428571428571428,0.21428571428571427,0.2984105953891098
47.0,crank_nicolson,0.6428571428571428,0.2857142857142857,0.3964692943505489
47.0,crank_nicolson,0.6428571428571428,0.3571428571428571,0.4878333819477268
47.0,crank_nicolson,0.6428571428571428,0.42857142857142855,0.5596528166198307
47.0,crank_nicolson,0.6428571428571428,0.5,0.5890131323023721
47.0,crank_nicolson,0.6428571428571428,0.5714285714285714,0.5596528166198336
47.0,crank_nicolson,0.6428571428571428,0.6428571428571428,0.48783338194773207
47.0,crank_nicolson,0.6428571428571428,0.7142857142857142,0.39646929435055145
47.0,crank_nicolson,0.6428571428571428,0.7857142857142857,0.29841059538911163
47.0,crank_nicolson,0.6428571428571428,0.8571428571428571,0.19819767342167557
47.0,crank_nicolson,0.6428571428571428,0.9285714285714285,0.09856544210236493
47.0,crank_nicolson,0.6428571428571428,1.0,0.00917607765355023
47.0,crank_nicolson,0.7142857142857142,0.0,0.00917607765355023
47.0,crank_nicolson,0.7142857142857142,0.07142857142857142,0.07985467823400227
47.0,crank_nicolson,0.7142857142857142,0.14285714285714285,0.1608054844950501
47.0,crank_nicolson,0.7142857142857142,0.21428571428571427,0.24241674783636108
47.0,crank_nicolson,0.7142857142857142,0.2857142857142857,0.32218794297591163
47.0,crank_nicolson,0.7142857142857142,0.3571428571428571,0.39646929435054895
47.0,crank_nicolson,0.7142857142857142,0.42857142857142855,0.45485166928479837
47.0,crank_nicolson,0.7142857142857142,0.5,0.47871818808884314
47.0,crank_nicolson,0.7142857142857142,0.5714285714285714,0.4548516692848013
47.0,crank_nicolson,0.7142857142857142,0.6428571428571428,0.3964692943505522
47.0,crank_nicolson,0.7142857142857142,0.7142857142857142,0.32218794297591274
47.0,crank_nicolson,0.7142857142857142,0.7857142857142857,0.24241674783636194
47.0,crank_nicolson,0.7142857142857142,0.8571428571428571,0.16080548449505042
47.0,crank_nicolson,0.7142857142857142,0.9285714285714285,0.07985467823400255
47.0,crank_nicolson,0.7142857142857142,1.0,0.00917607765355023
47.0,crank_nicolson,0.7857142857142857,0.0,0.00917607765355023
47.0,crank_nicolson,0.7857142857142857,0.07142857142857142,0.05969719571479368
47.0,crank_nicolson,0.7857142857142857,0.14285714285714285,0.12056374726821481
47.0,crank_nicolson,0.7857142857142857,0.21428571428571427,0.18222957764757797
47.0,crank_nicolson,0.7857142857142857,0.2857142857142857,0.24241674783636152
47.0,crank_nicolson,0.7857142857142857,0.3571428571428571,0.2984105953891108
47.0,crank_nicolson,0.7857142857142857,0.42857142857142855,0.3424091795752773
47.0,crank_nicolson,0.7857142857142857,0.5,0.36039485974374874
47.0,crank_nicolson,0.7857142857142857,0.5714285714285714,0.3424091795752791
47.0,crank_nicolson,0.7857142857142857,0.6428571428571428,0.29841059538911224
47.0,crank_nicolson,0.7857142857142857,0.7142857142857142,0.2424167478363622
47.0,crank_nicolson,0.7857142857142857,0.7857142857142857,0.18222957764757822
47.0,crank_nicolson,0.7857142857142857,0.8571428571428571,0.120563747268215
47.0,crank_nicolson,0.7857142857142857,0.9285714285714285,0.05969719571479378
47.0,crank_nicolson,0.7857142857142857,1.0,0.00917607765355023
47.0,crank_nicolson,0.8571428571428571,0.0,0.00917607765355023
47.0,crank_nicolson,0.8571428571428571,0.07142857142857142,0.03906726055109802
47.0,crank_nicolson,0.8571428571428571,0.14285714285714285,0.07929003893019562
47.0,crank_nicolson,0.8571428571428571,0.21428571428571427,0.1205637472682146
47.0,crank_nicolson,0.8571428571428571,0.2857142857142857,0.16080548449505036
47.0,crank_nicolson,0.8571428571428571,0.3571428571428571,0.1981976734216743
47.0,crank_nicolson,0.8571428571428571,0.42857142857142855,0.22756932440853125
47.0,crank_nicolson,0.8571428571428571,0.5,0.23957501863544958
47.0,crank_nicolson,0.8571428571428571,0.5714285714285714,0.2275693244085338
47.0,crank_nicolson,0.8571428571428571,0.6428571428571428,0.19819767342167585
47.0,crank_nicolson,0.8571428571428571,0.7142857142857142,0.16080548449505067
47.0,crank_nicolson,0.8571428571428571,0.7857142857142857,0.12056374726821475
47.0,crank_nicolson,0.8571428571428571,0.8571428571428571,0.07929003893019572
47.0,crank_nicolson,0.8571428571428571,0.9285714285714285,0.039067260551098076
47.0,crank_nicolson,0.8571428571428571,1.0,0.00917607765355023
47.0,crank_nicolson,0.9285714285714285,0.0,0.00917607765355023
47.0,crank_nicolson,0.9285714285714285,0.07142857142857142,0.019539734690281828
47.0,crank_nicolson,0.9285714285714285,0.14285714285714285,0.039067260551097965
47.0,crank_nicolson,0.9285714285714285,0.21428571428571427,0.059697195714793504
47.0,crank_nicolson,0.9285714285714285,0.2857142857142857,0.07985467823400189
47.0,crank_nicolson,0.9285714285714285,0.3571428571428571,0.09856544210236445
47.0,crank_nicolson,0.9285714285714285,0.42857142857142855,0.11325724157068368
47.0,crank_nicolson,0.9285714285714285,0.5,0.11926205456412937
47.0,crank_nicolson,0.9285714285714285,0.5714285714285714,0.11325724157068487
47.0,crank_nicolson,0.9285714285714285,0.6428571428571428,0.098565442102365
47.0,crank_nicolson,0.9285714285714285,0.7142857142857142,0.07985467823400222
47.0,crank_nicolson,0.9285714285714285,0.7857142857142857,0.05969719571479362
47.0,crank_nicolson,0.9285714285714285,0.8571428571428571,0.03906726055109802
47.0,crank_nicolson,0.9285714285714285,0.9285714285714285,0.019539734690281856
47.0,crank_nicolson,0.9285714285714285,1.0,0.00917607765355023
47.0,crank_nicolson,1.0,0.0,0.00917607765355023
47.0,crank_nicolson,1.0,0.07142857142857142,0.00917607765355023
47.0,crank_nicolson,1.0,0.14285714285714285,0.00917607765355023
47.0,crank_nicolson,1.0,0.21428571428571427,0.00917607765355023
47.0,crank_nicolson,1.0,0.2857142857142857,0.00917607765355023
47.0,crank_nicolson,1.0,0.3571428571428571,0.00917607765355023
47.0,crank_nicolson,1.0,0.42857142857142855,0.00917607765355023
47.0,crank_nicolson,1.0,0.5,0.00917607765355023
47.0,crank_nicolson,1.0,0.5714285714285714,0.00917607765355023
47.0,crank_nicolson,1.0,0.6428571428571428,0.00917607765355023
47.0,crank_nicolson,1.0,0.7142857142857142,0.00917607765355023
47.0,crank_nicolson,1.0,0.7857142857142857,0.00917607765355023
47.0,crank_nicolson,1.0,0.8571428571428571,0.00917607765355023
47.0,crank_nicolson,1.0,0.9285714285714285,0.00917607765355023
47.0,crank_nicolson,1.0,1.0,0.00917607765355023
48.0,crank_nicolson,0.0,0.0,-0.021967188783751194
48.0,crank_nicolson,0.0,0.07142857142857142,-0.021967188783751194
48.0,crank_nicolson,0.0,0.14285714285714285,-0.021967188783751194
48.0,crank_nicolson,0.0,0.21428571428571427,-0.021967188783751194
48.0,crank_nicolson,0.0,0.2857142857142857,-0.021967188783751194
48.0,crank_nicolson,0.0,0.3571428571428571,-0.021967188783751194
48.0,crank_nicolson,0.0,0.42857142857142855,-0.021967188783751194
48.0,crank_nicolson,0.0,0.5,-0.021967188783751194
48.0,crank_nicolson,0.0,0.5714285714285714,-0.021967188783751194
48.0,crank_nicolson,0.0,0.6428571428571428,-0.021967188783751194
48.0,crank_nicolson,0.0,0.7142857142857142,-0.021967188783751194
48.0,crank_nicolson,0.0,0.7857142857142857,-0.021967188783751194
48.0,crank_nicolson,0.0,0.8571428571428571,-0.021967188783751194
48.0,crank_nicolson,0.0,0.9285714285714285,-0.021967188783751194
48.0,crank_nicolson,0.0,1.0,-0.021967188783751194
48.0,crank_nicolson,0.07142857142857142,0.0,-0.021967188783751194
48.0,crank_nicolson,0.07142857142857142,0.07142857142857142,0.016685220854499506
48.0,crank_nicolson,0.07142857142857142,0.14285714285714285,0.03764516585817978
48.0,crank_nicolson,0.07142857142857142,0.21428571428571427,0.05826069378446543
48.0,crank_nicolson,0.07142857142857142,0.2857142857142857,0.0783890903219886
48.0,crank_nicolson,0.07142857142857142,0.3571428571428571,0.09702840402224117
48.0,crank_nicolson,0.07142857142857142,0.42857142857142855,0.11159329885038823
48.0,crank_nicolson,0.07142857142857142,0.5,0.1175089437207614
48.0,crank_nicolson,0.07142857142857142,0.5714285714285714,0.11159329885038784
48.0,crank_nicolson,0.07142857142857142,0.6428571428571428,0.0970284040222409
48.0,crank_nicolson,0.07142857142857142,0.7142857142857142,0.07838909032198854
48.0,crank_nicolson,0.07142857142857142,0.7857142857142857,0.05826069378446543
48.0,crank_nicolson,0.07142857142857142,0.8571428571428571,0.03764516585817978
48.0,crank_nicolson,0.07142857142857142,0.9285714285714285,0.01668522085449952
48.0,crank_nicolson,0.07142857142857142,1.0,-0.021967188783751194
48.0,crank_nicolson,0.14285714285714285,0.0,-0.021967188783751194
48.0,crank_nicolson,0.14285714285714285,0.07142857142857142,0.037645165858179716
48.0,crank_nicolson,0.14285714285714285,0.14285714285714285,0.07929055496810546
48.0,crank_nicolson,0.14285714285714285,0.21428571428571427,0.12052879417053769
48.0,crank_nicolson,0.14285714285714285,0.2857142857142857,0.1607158385474608
48.0,crank_nicolson,0.14285714285714285,0.3571428571428571,0.19796384693669372
48.0,crank_nicolson,0.14285714285714285,0.42857142857142855,0.2270806181363681
48.0,crank_nicolson,0.14285714285714285,0.5,0.23890760609602477
48.0,crank_nicolson,0.14285714285714285,0.5714285714285714,0.22708061813636746
48.0,crank_nicolson,0.14285714285714285,0.6428571428571428,0.19796384693669367
48.0,crank_nicolson,0.14285714285714285,0.7142857142857142,0.1607158385474608
48.0,crank_nicolson,0.14285714285714285,0.7857142857142857,0.12052879417053769
48.0,crank_nicolson,0.14285714285714285,0.8571428571428571,0.07929055496810544
48.0,crank_nicolson,0.14285714285714285,0.9285714285714285,0.03764516585817974
48.0,crank_nicolson,0.14285714285714285,1.0,-0.021967188783751194
48.0,crank_nicolson,0.21428571428571427,0.0,-0.021967188783751194
48.0,crank_nicolson,0.21428571428571427,0.07142857142857142,0.05826069378446528
48.0,crank_nicolson,0.21428571428571427,0.14285714285714285,0.12052879417053755
48.0,crank_nicolson,0.21428571428571427,0.21428571428571427,0.1821476603978878
48.0,crank_nicolson,0.21428571428571427,0.2857142857142857,0.2422488892781909
48.0,crank_nicolson,0.21428571428571427,0.3571428571428571,0.2980198445070048
48.0,crank_nicolson,0.21428571428571427,0.42857142857142855,0.3416315653480106
48.0,crank_nicolson,0.21428571428571427,0.5,0.3593475698146439
48.0,crank_nicolson,0.21428571428571427,0.5714285714285714,0.3416315653480103
48.0,crank_nicolson,0.21428571428571427,0.6428571428571428,0.2980198445070047
48.0,crank_nicolson,0.21428571428571427,0.7142857142857142,0.24224888927819083
48.0,crank_nicolson,0.21428571428571427,0.7857142857142857,0.18214766039788785
48.0,crank_nicolson,0.21428571428571427,0.8571428571428571,0.12052879417053759
48.0,crank_nicolson,0.21428571428571427,0.9285714285714285,0.05826069378446531
48.0,crank_nicolson,0.21428571428571427,1.0,-0.021967188783751194
48.0,crank_nicolson,0.2857142857142857,0.0,-0.021967188783751194
48.0,crank_nicolson,0.2857142857142857,0.07142857142857142,0.07838909032198821
48.0,crank_nicolson,0.2857142857142857,0.14285714285714285,0.16071583854746088
48.0,crank_nicolson,0.2857142857142857,0.21428571428571427,0.2422488892781915
48.0,crank_nicolson,0.2857142857142857,0.2857142857142857,0.3218822738989522
48.0,crank_nicolson,0.2857142857142857,0.3571428571428571,0.39584460823675344
48.0,crank_nicolson,0.2857142857142857,0.42857142857142855,0.45369604695545734
48.0,crank_nicolson,0.2857142857142857,0.5,0.47719766786548523
48.0,crank_nicolson,0.2857142857142857,0.5714285714285714,0.45369604695545845
48.0,crank_nicolson,0.2857142857142857,0.6428571428571428,0.39584460823675366
48.0,crank_nicolson,0.2857142857142857,0.7142857142857142,0.32188227389895213
48.0,crank_nicolson,0.2857142857142857,0.7857142857142857,0.24224888927819138
48.0,crank_nicolson,0.2857142857142857,0.8571428571428571,0.16071583854746102
48.0,crank_nicolson,0.2857142857142857,0.9285714285714285,0.07838909032198825
48.0,crank_nicolson,0.2857142857142857,1.0,-0.021967188783751194
48.0,crank_nicolson,0.3571428571428571,0.0,-0.021967188783751194
48.0,crank_nicolson,0.3571428571428571,0.07142857142857142,0.09702840402224099
48.0,crank_nicolson,0.3571428571428571,0.14285714285714285,0.1979638469366941
48.0,crank_nicolson,0.3571428571428571,0.21428571428571427,0.2980198445070061
48.0,crank_nicolson,0.3571428571428571,0.2857142857142857,0.3958446082367556
48.0,crank_nicolson,0.3571428571428571,0.3571428571428571,0.4867560399199037
48.0,crank_nicolson,0.3571428571428571,0.42857142857142855,0.557875770319926
48.0,crank_nicolson,0.3571428571428571,0.5,0.5867683601971091
48.0,crank_nicolson,0.3571428571428571,0.5714285714285714,0.5578757703199274
48.0,crank_nicolson,0.3571428571428571,0.6428571428571428,0.4867560399199037
48.0,crank_nicolson,0.3571428571428571,0.7142857142857142,0.3958446082367558
48.0,crank_nicolson,0.3571428571428571,0.7857142857142857,0.2980198445070064
48.0,crank_nicolson,0.3571428571428571,0.8571428571428571,0.19796384693669444
48.0,crank_nicolson,0.3571428571428571,0.9285714285714285,0.0970284040222409
48.0,crank_nicolson,0.3571428571428571,1.0,-0.021967188783751194
48.0,crank_nicolson,0.42857142857142855,0.0,-0.021967188783751194
48.0,crank_nicolson,0.42857142857142855,0.07142857142857142,0.11159329885038814
48.0,crank_nicolson,0.42857142857142855,0.14285714285714285,0.2270806181363685
48.0,crank_nicolson,0.42857142857142855,0.21428571428571427,0.3416315653480135
48.0,crank_nicolson,0.42857142857142855,0.2857142857142857,0.45369604695545956
48.0,crank_nicolson,0.42857142857142855,0.3571428571428571,0.5578757703199266
48.0,crank_nicolson,0.42857142857142855,0.42857142857142855,0.639382430434827
48.0,crank_nicolson,0.42857142857142855,0.5,0.6724952492791783
48.0,crank_nicolson,0.42857142857142855,0.5714285714285714,0.6393824304348278
48.0,crank_nicolson,0.42857142857142855,0.6428571428571428,0.5578757703199271
48.0,crank_nicolson,0.42857142857142855,0.7142857142857142,0.4536960469554611
48.0,crank_nicolson,0.42857142857142855,0.7857142857142857,0.34163156534801425
48.0,crank_nicolson,0.42857142857142855,0.8571428571428571,0.22708061813636876
48.0,crank_nicolson,0.42857142857142855,0.9285714285714285,0.11159329885038775
48.0,crank_nicolson,0.42857142857142855,1.0,-0.021967188783751194
48.0,crank_nicolson,0.5,0.0,-0.021967188783751194
48.0,crank_nicolson,0.5,0.07142857142857142,0.11750894372076143
48.0,crank_nicolson,0.5,0.14285714285714285,0.23890760609602532
48.0,crank_nicolson,0.5,0.21428571428571427,0.3593475698146442
48.0,crank_nicolson,0.5,0.2857142857142857,0.477197667865483
48.0,crank_nicolson,0.5,0.3571428571428571,0.5867683601971082
48.0,crank_nicolson,0.5,0.42857142857142855,0.6724952492791815
48.0,crank_nicolson,0.5,0.5,0.7073227308486225
48.0,crank_nicolson,0.5,0.5714285714285714,0.6724952492791775
48.0,crank_nicolson,0.5,0.6428571428571428,0.5867683601971084
48.0,crank_nicolson,0.5,0.7142857142857142,0.47719766786548506
48.0,crank_nicolson,0.5,0.7857142857142857,0.3593475698146465
48.0,crank_nicolson,0.5,0.8571428571428571,0.23890760609602613
48.0,crank_nicolson,0.5,0.9285714285714285,0.11750894372076169
48.0,crank_nicolson,0.5,1.0,-0.021967188783751194
48.0,crank_nicolson,0.5714285714285714,0.0,-0.021967188783751194
48.0,crank_nicolson,0.5714285714285714,0.07142857142857142,0.11159329885038825
48.0,crank_nicolson,0.5714285714285714,0.14285714285714285,0.22708061813636843
48.0,crank_nicolson,0.5714285714285714,0.21428571428571427,0.34163156534800954
48.0,crank_nicolson,0.5714285714285714,0.2857142857142857,0.45369604695545546
48.0,crank_nicolson,0.5714285714285714,0.3571428571428571,0.5578757703199236
48.0,crank_nicolson,0.5714285714285714,0.42857142857142855,0.6393824304348277
48.0,crank_nicolson,0.5714285714285714,0.5,0.67249524927918
48.0,crank_nicolson,0.5714285714285714,0.5714285714285714,0.6393824304348307
48.0,crank_nicolson,0.5714285714285714,0.6428571428571428,0.5578757703199275
48.0,crank_nicolson,0.5714285714285714,0.7142857142857142,0.45369604695545873
48.0,crank_nicolson,0.5714285714285714,0.7857142857142857,0.3416315653480133
48.0,crank_nicolson,0.5714285714285714,0.8571428571428571,0.22708061813637065
48.0,crank_nicolson,0.5714285714285714,0.9285714285714285,0.1115932988503888
48.0,crank_nicolson,0.5714285714285714,1.0,-0.021967188783751194
48.0,crank_nicolson,0.6428571428571428,0.0,-0.021967188783751194
48.0,crank_nicolson,0.6428571428571428,0.07142857142857142,0.09702840402224071
48.0,crank_nicolson,0.6428571428571428,0.14285714285714285,0.19796384693669353
48.0,crank_nicolson,0.6428571428571428,0.21428571428571427,0.29801984450700403
48.0,crank_nicolson,0.6428571428571428,0.2857142857142857,0.3958446082367523
48.0,crank_nicolson,0.6428571428571428,0.3571428571428571,0.48675603991990074
48.0,crank_nicolson,0.6428571428571428,0.42857142857142855,0.5578757703199261
48.0,crank_nicolson,0.6428571428571428,0.5,0.586768360197109
48.0,crank_nicolson,0.6428571428571428,0.5714285714285714,0.5578757703199291
48.0,crank_nicolson,0.6428571428571428,0.6428571428571428,0.4867560399199062
48.0,crank_nicolson,0.6428571428571428,0.7142857142857142,0.3958446082367551
48.0,crank_nicolson,0.6428571428571428,0.7857142857142857,0.29801984450700586
48.0,crank_nicolson,0.6428571428571428,0.8571428571428571,0.19796384693669508
48.0,crank_nicolson,0.6428571428571428,0.9285714285714285,0.09702840402224118
48.0,crank_nicolson,0.6428571428571428,1.0,-0.021967188783751194
48.0,crank_nicolson,0.7142857142857142,0.0,-0.021967188783751194
48.0,crank_nicolson,0.7142857142857142,0.07142857142857142,0.0783890903219885
48.0,crank_nicolson,0.7142857142857142,0.14285714285714285,0.1607158385474608
48.0,crank_nicolson,0.7142857142857142,0.21428571428571427,0.24224888927819058
48.0,crank_nicolson,0.7142857142857142,0.2857142857142857,0.3218822738989514
48.0,crank_nicolson,0.7142857142857142,0.3571428571428571,0.3958446082367526
48.0,crank_nicolson,0.7142857142857142,0.42857142857142855,0.45369604695545784
48.0,crank_nicolson,0.7142857142857142,0.5,0.47719766786548645
48.0,crank_nicolson,0.7142857142857142,0.5714285714285714,0.45369604695546106
48.0,crank_nicolson,0.7142857142857142,0.6428571428571428,0.3958446082367559
48.0,crank_nicolson,0.7142857142857142,0.7142857142857142,0.3218822738989526
48.0,crank_nicolson,0.7142857142857142,0.7857142857142857,0.24224888927819138
48.0,crank_nicolson,0.7142857142857142,0.8571428571428571,0.16071583854746108
48.0,crank_nicolson,0.7142857142857142,0.9285714285714285,0.07838909032198879
48.0,crank_nicolson,0.7142857142857142,1.0,-0.021967188783751194
48.0,crank_nicolson,0.7857142857142857,0.0,-0.021967188783751194
48.0,crank_nicolson,0.7857142857142857,0.07142857142857142,0.058260693784465425
48.0,crank_nicolson,0.7857142857142857,0.14285714285714285,0.12052879417053769
48.0,crank_nicolson,0.7857142857142857,0.21428571428571427,0.1821476603978878
48.0,crank_nicolson,0.7857142857142857,0.2857142857142857,0.2422488892781909
48.0,crank_nicolson,0.7857142857142857,0.3571428571428571,0.2980198445070051
48.0,crank_nicolson,0.7857142857142857,0.42857142857142855,0.3416315653480116
48.0,crank_nicolson,0.7857142857142857,0.5,0.35934756981464633
48.0,crank_nicolson,0.7857142857142857,0.5714285714285714,0.34163156534801337
48.0,crank_nicolson,0.7857142857142857,0.6428571428571428,0.29801984450700647
48.0,crank_nicolson,0.7857142857142857,0.7142857142857142,0.2422488892781916
48.0,crank_nicolson,0.7857142857142857,0.7857142857142857,0.18214766039788813
48.0,crank_nicolson,0.7857142857142857,0.8571428571428571,0.12052879417053791
48.0,crank_nicolson,0.7857142857142857,0.9285714285714285,0.058260693784465516
48.0,crank_nicolson,0.7857142857142857,1.0,-0.021967188783751194
48.0,crank_nicolson,0.8571428571428571,0.0,-0.021967188783751194
48.0,crank_nicolson,0.8571428571428571,0.07142857142857142,0.03764516585817977
48.0,crank_nicolson,0.8571428571428571,0.14285714285714285,0.07929055496810544
48.0,crank_nicolson,0.8571428571428571,0.21428571428571427,0.12052879417053754
48.0,crank_nicolson,0.8571428571428571,0.2857142857142857,0.16071583854746088
48.0,crank_nicolson,0.8571428571428571,0.3571428571428571,0.19796384693669386
48.0,crank_nicolson,0.8571428571428571,0.42857142857142855,0.22708061813636807
48.0,crank_nicolson,0.8571428571428571,0.5,0.23890760609602596
48.0,crank_nicolson,0.8571428571428571,0.5714285714285714,0.22708061813637068
48.0,crank_nicolson,0.8571428571428571,0.6428571428571428,0.19796384693669547
48.0,crank_nicolson,0.8571428571428571,0.7142857142857142,0.16071583854746127
48.0,crank_nicolson,0.8571428571428571,0.7857142857142857,0.12052879417053768
48.0,crank_nicolson,0.8571428571428571,0.8571428571428571,0.07929055496810554
48.0,crank_nicolson,0.8571428571428571,0.9285714285714285,0.03764516585817983
48.0,crank_nicolson,0.8571428571428571,1.0,-0.021967188783751194
48.0,crank_nicolson,0.9285714285714285,0.0,-0.021967188783751194
48.0,crank_nicolson,0.9285714285714285,0.07142857142857142,0.016685220854499506
48.0,crank_nicolson,0.9285714285714285,0.14285714285714285,0.03764516585817972
48.0,crank_nicolson,0.9285714285714285,0.21428571428571427,0.058260693784465245
48.0,crank_nicolson,0.9285714285714285,0.2857142857142857,0.07838909032198815
48.0,crank_nicolson,0.9285714285714285,0.3571428571428571,0.09702840402224071
48.0,crank_nicolson,0.9285714285714285,0.42857142857142855,0.11159329885038761
48.0,crank_nicolson,0.9285714285714285,0.5,0.11750894372076162
48.0,crank_nicolson,0.9285714285714285,0.5714285714285714,0.1115932988503888
48.0,crank_nicolson,0.9285714285714285,0.6428571428571428,0.09702840402224129
48.0,crank_nicolson,0.9285714285714285,0.7142857142857142,0.07838909032198846
48.0,crank_nicolson,0.9285714285714285,0.7857142857142857,0.05826069378446536
48.0,crank_nicolson,0.9285714285714285,0.8571428571428571,0.03764516585817978
48.0,crank_nicolson,0.9285714285714285,0.9285714285714285,0.01668522085449953
48.0,crank_nicolson,0.9285714285714285,1.0,-0.021967188783751194
48.0,crank_nicolson,1.0,0.0,-0.021967188783751194
48.0,crank_nicolson,1.0,0.07142857142857142,-0.021967188783751194
48.0,crank_nicolson,1.0,0.14285714285714285,-0.021967188783751194
48.0,crank_nicolson,1.0,0.21428571428571427,-0.021967188783751194
48.0,crank_nicolson,1.0,0.2857142857142857,-0.021967188783751194
48.0,crank_nicolson,1.0,0.3571428571428571,-0.021967188783751194
48.0,crank_nicolson,1.0,0.42857142857142855,-0.021967188783751194
48.0,crank_nicolson,1.0,0.5,-0.021967188783751194
48.0,crank_nicolson,1.0,0.5714285714285714,-0.021967188783751194
48.0,crank_nicolson,1.0,0.6428571428571428,-0.021967188783751194
48.0,crank_nicolson,1.0,0.7142857142857142,-0.021967188783751194
48.0,crank_nicolson,1.0,0.7857142857142857,-0.021967188783751194
48.0,crank_nicolson,1.0,0.8571428571428571,-0.021967188783751194
48.0,crank_nicolson,1.0,0.9285714285714285,-0.021967188783751194
48.0,crank_nicolson,1.0,1.0,-0.021967188783751194
49.0,crank_nicolson,0.0,0.0,0.14778940447415162
49.0,crank_nicolson,0.0,0.07142857142857142,0.14778940447415162
49.0,crank_nicolson,0.0,0.14285714285714285,0.14778940447415162
49.0,crank_nicolson,0.0,0.21428571428571427,0.14778940447415162
49.0,crank_nicolson,0.0,0.2857142857142857,0.14778940447415162
49.0,crank_nicolson,0.0,0.3571428571428571,0.14778940447415162
49.0,crank_nicolson,0.0,0.42857142857142855,0.14778940447415162
49.0,crank_nicolson,0.0,0.5,0.14778940447415162
49.0,crank_nicolson,0.0,0.5714285714285714,0.14778940447415162
49.0,crank_nicolson,0.0,0.6428571428571428,0.14778940447415162
49.0,crank_nicolson,0.0,0.7142857142857142,0.14778940447415162
49.0,crank_nicolson,0.0,0.7857142857142857,0.14778940447415162
49.0,crank_nicolson,0.0,0.8571428571428571,0.14778940447415162
49.0,crank_nicolson,0.0,0.9285714285714285,0.14778940447415162
49.0,crank_nicolson,0.0,1.0,0.14778940447415162
49.0,crank_nicolson,0.07142857142857142,0.0,0.14778940447415162
49.0,crank_nicolson,0.07142857142857142,0.07142857142857142,0.01935291712772981
49.0,crank_nicolson,0.07142857142857142,0.14285714285714285,0.03898819979596213
49.0,crank_nicolson,0.07142857142857142,0.21428571428571427,0.059586653798998857
49.0,crank_nicolson,0.07142857142857142,0.2857142857142857,0.0796853930711479
49.0,crank_nicolson,0.07142857142857142,0.3571428571428571,0.09825290009790197
49.0,crank_nicolson,0.07142857142857142,0.42857142857142855,0.11269339036974405
49.0,crank_nicolson,0.07142857142857142,0.5,0.11852358755812947
49.0,crank_nicolson,0.07142857142857142,0.5714285714285714,0.11269339036974364
49.0,crank_nicolson,0.07142857142857142,0.6428571428571428,0.09825290009790165
49.0,crank_nicolson,0.07142857142857142,0.7142857142857142,0.07968539307114787
49.0,crank_nicolson,0.07142857142857142,0.7857142857142857,0.059586653798998857
49.0,crank_nicolson,0.07142857142857142,0.8571428571428571,0.03898819979596213
49.0,crank_nicolson,0.07142857142857142,0.9285714285714285,0.019352917127729824
49.0,crank_nicolson,0.07142857142857142,1.0,0.14778940447415162
49.0,crank_nicolson,0.14285714285714285,0.0,0.14778940447415162
49.0,crank_nicolson,0.14285714285714285,0.07142857142857142,0.03898819979596207
49.0,crank_nicolson,0.14285714285714285,0.14285714285714285,0.07929390998134117
49.0,crank_nicolson,0.14285714285714285,0.21428571428571427,0.1204948323308507
49.0,crank_nicolson,0.14285714285714285,0.2857142857142857,0.1606252554094867
49.0,crank_nicolson,0.14285714285714285,0.3571428571428571,0.19772839775155712
49.0,crank_nicolson,0.14285714285714285,0.42857142857142855,0.22659525218789783
49.0,crank_nicolson,0.14285714285714285,0.5,0.2382509570742575
49.0,crank_nicolson,0.14285714285714285,0.5714285714285714,0.2265952521878973
49.0,crank_nicolson,0.14285714285714285,0.6428571428571428,0.19772839775155704
49.0,crank_nicolson,0.14285714285714285,0.7142857142857142,0.1606252554094867
49.0,crank_nicolson,0.14285714285714285,0.7857142857142857,0.12049483233085072
49.0,crank_nicolson,0.14285714285714285,0.8571428571428571,0.07929390998134116
49.0,crank_nicolson,0.14285714285714285,0.9285714285714285,0.03898819979596209
49.0,crank_nicolson,0.14285714285714285,1.0,0.14778940447415162
49.0,crank_nicolson,0.21428571428571427,0.0,0.14778940447415162
49.0,crank_nicolson,0.21428571428571427,0.07142857142857142,0.059586653798998704
49.0,crank_nicolson,0.21428571428571427,0.14285714285714285,0.12049483233085052
49.0,crank_nicolson,0.21428571428571427,0.21428571428571427,0.18206335723515174
49.0,crank_nicolson,0.21428571428571427,0.2857142857142857,0.24207554760983002
49.0,crank_nicolson,0.21428571428571427,0.3571428571428571,0.29762248065260194
49.0,crank_nicolson,0.21428571428571427,0.42857142857142855,0.340854643165816
49.0,crank_nicolson,0.21428571428571427,0.5,0.3583120583752727
49.0,crank_nicolson,0.21428571428571427,0.5714285714285714,0.34085464316581565
49.0,crank_nicolson,0.21428571428571427,0.6428571428571428,0.2976224806526019
49.0,crank_nicolson,0.21428571428571427,0.7142857142857142,0.24207554760982997
49.0,crank_nicolson,0.21428571428571427,0.7857142857142857,0.1820633572351518
49.0,crank_nicolson,0.21428571428571427,0.8571428571428571,0.12049483233085058
49.0,crank_nicolson,0.21428571428571427,0.9285714285714285,0.059586653798998725
49.0,crank_nicolson,0.21428571428571427,1.0,0.14778940447415162
49.0,crank_nicolson,0.2857142857142857,0.0,0.14778940447415162
49.0,crank_nicolson,0.2857142857142857,0.07142857142857142,0.07968539307114754
49.0,crank_nicolson,0.2857142857142857,0.14285714285714285,0.16062525540948688
49.0,crank_nicolson,0.2857142857142857,0.21428571428571427,0.2420755476098306
49.0,crank_nicolson,0.2857142857142857,0.2857142857142857,0.32156675104632354
49.0,crank_nicolson,0.2857142857142857,0.3571428571428571,0.3952083308938011
49.0,crank_nicolson,0.2857142857142857,0.42857142857142855,0.4525384344984818
49.0,crank_nicolson,0.2857142857142857,0.5,0.47568991340944355
49.0,crank_nicolson,0.2857142857142857,0.5714285714285714,0.452538434498483
49.0,crank_nicolson,0.2857142857142857,0.6428571428571428,0.3952083308938013
49.0,crank_nicolson,0.2857142857142857,0.7142857142857142,0.3215667510463235
49.0,crank_nicolson,0.2857142857142857,0.7857142857142857,0.24207554760983052
49.0,crank_nicolson,0.2857142857142857,0.8571428571428571,0.160625255409487
49.0,crank_nicolson,0.2857142857142857,0.9285714285714285,0.07968539307114761
49.0,crank_nicolson,0.2857142857142857,1.0,0.14778940447415162
49.0,crank_nicolson,0.3571428571428571,0.0,0.14778940447415162
49.0,crank_nicolson,0.3571428571428571,0.07142857142857142,0.09825290009790177
49.0,crank_nicolson,0.3571428571428571,0.14285714285714285,0.19772839775155757
49.0,crank_nicolson,0.3571428571428571,0.21428571428571427,0.2976224806526034
49.0,crank_nicolson,0.3571428571428571,0.2857142857142857,0.39520833089380325
49.0,crank_nicolson,0.3571428571428571,0.3571428571428571,0.4856655572051622
49.0,crank_nicolson,0.3571428571428571,0.42857142857142855,0.5560982428558553
49.0,crank_nicolson,0.3571428571428571,0.5,0.5845418253031606
49.0,crank_nicolson,0.3571428571428571,0.5714285714285714,0.556098242855857
49.0,crank_nicolson,0.3571428571428571,0.6428571428571428,0.485665557205162
49.0,crank_nicolson,0.3571428571428571,0.7142857142857142,0.3952083308938034
49.0,crank_nicolson,0.3571428571428571,0.7857142857142857,0.2976224806526038
49.0,crank_nicolson,0.3571428571428571,0.8571428571428571,0.19772839775155787
49.0,crank_nicolson,0.3571428571428571,0.9285714285714285,0.09825290009790169
49.0,crank_nicolson,0.3571428571428571,1.0,0.14778940447415162
49.0,crank_nicolson,0.42857142857142855,0.0,0.14778940447415162
49.0,crank_nicolson,0.42857142857142855,0.07142857142857142,0.11269339036974396
49.0,crank_nicolson,0.42857142857142855,0.14285714285714285,0.2265952521878983
49.0,crank_nicolson,0.42857142857142855,0.21428571428571427,0.3408546431658188
49.0,crank_nicolson,0.42857142857142855,0.2857142857142857,0.4525384344984843
49.0,crank_nicolson,0.42857142857142855,0.3571428571428571,0.5560982428558561
49.0,crank_nicolson,0.42857142857142855,0.42857142857142855,0.6367404506290303
49.0,crank_nicolson,0.42857142857142855,0.5,0.6693076124681901
49.0,crank_nicolson,0.42857142857142855,0.5714285714285714,0.6367404506290307
49.0,crank_nicolson,0.42857142857142855,0.6428571428571428,0.5560982428558566
49.0,crank_nicolson,0.42857142857142855,0.7142857142857142,0.45253843449848563
49.0,crank_nicolson,0.42857142857142855,0.7857142857142857,0.3408546431658197
49.0,crank_nicolson,0.42857142857142855,0.8571428571428571,0.22659525218789855
49.0,crank_nicolson,0.42857142857142855,0.9285714285714285,0.11269339036974356
49.0,crank_nicolson,0.42857142857142855,1.0,0.14778940447415162
49.0,crank_nicolson,0.5,0.0,0.14778940447415162
49.0,crank_nicolson,0.5,0.07142857142857142,0.11852358755812951
49.0,crank_nicolson,0.5,0.14285714285714285,0.23825095707425809
49.0,crank_nicolson,0.5,0.21428571428571427,0.3583120583752732
49.0,crank_nicolson,0.5,0.2857142857142857,0.4756899134094414
49.0,crank_nicolson,0.5,0.3571428571428571,0.5845418253031596
49.0,crank_nicolson,0.5,0.42857142857142855,0.6693076124681936
49.0,crank_nicolson,0.5,0.5,0.7035402479386911
49.0,crank_nicolson,0.5,0.5714285714285714,0.6693076124681896
49.0,crank_nicolson,0.5,0.6428571428571428,0.5845418253031596
49.0,crank_nicolson,0.5,0.7142857142857142,0.4756899134094433
49.0,crank_nicolson,0.5,0.7857142857142857,0.3583120583752757
49.0,crank_nicolson,0.5,0.8571428571428571,0.23825095707425886
49.0,crank_nicolson,0.5,0.9285714285714285,0.11852358755812975
49.0,crank_nicolson,0.5,1.0,0.14778940447415162
49.0,crank_nicolson,0.5714285714285714,0.0,0.14778940447415162
49.0,crank_nicolson,0.5714285714285714,0.07142857142857142,0.11269339036974407
49.0,crank_nicolson,0.5714285714285714,0.14285714285714285,0.22659525218789828
49.0,crank_nicolson,0.5714285714285714,0.21428571428571427,0.3408546431658149
49.0,crank_nicolson,0.5714285714285714,0.2857142857142857,0.45253843449848014
49.0,crank_nicolson,0.5714285714285714,0.3571428571428571,0.5560982428558531
49.0,crank_nicolson,0.5714285714285714,0.42857142857142855,0.6367404506290305
49.0,crank_nicolson,0.5714285714285714,0.5,0.6693076124681917
49.0,crank_nicolson,0.5714285714285714,0.5714285714285714,0.6367404506290332
49.0,crank_nicolson,0.5714285714285714,0.6428571428571428,0.556098242855857
49.0,crank_nicolson,0.5714285714285714,0.7142857142857142,0.45253843449848313
49.0,crank_nicolson,0.5714285714285714,0.7857142857142857,0.3408546431658187
49.0,crank_nicolson,0.5714285714285714,0.8571428571428571,0.22659525218790047
49.0,crank_nicolson,0.5714285714285714,0.9285714285714285,0.11269339036974459
49.0,crank_nicolson,0.5714285714285714,1.0,0.14778940447415162
49.0,crank_nicolson,0.6428571428571428,0.0,0.14778940447415162
49.0,crank_nicolson,0.6428571428571428,0.07142857142857142,0.09825290009790144
49.0,crank_nicolson,0.6428571428571428,0.14285714285714285,0.19772839775155696
49.0,crank_nicolson,0.6428571428571428,0.21428571428571427,0.2976224806526014
49.0,crank_nicolson,0.6428571428571428,0.2857142857142857,0.39520833089380003
49.0,crank_nicolson,0.6428571428571428,0.3571428571428571,0.4856655572051592
49.0,crank_nicolson,0.6428571428571428,0.42857142857142855,0.5560982428558554
49.0,crank_nicolson,0.6428571428571428,0.5,0.5845418253031606
49.0,crank_nicolson,0.6428571428571428,0.5714285714285714,0.5560982428558587
49.0,crank_nicolson,0.6428571428571428,0.6428571428571428,0.4856655572051646
49.0,crank_nicolson,0.6428571428571428,0.7142857142857142,0.3952083308938028
49.0,crank_nicolson,0.6428571428571428,0.7857142857142857,0.2976224806526032
49.0,crank_nicolson,0.6428571428571428,0.8571428571428571,0.1977283977515585
49.0,crank_nicolson,0.6428571428571428,0.9285714285714285,0.09825290009790197
49.0,crank_nicolson,0.6428571428571428,1.0,0.14778940447415162
49.0,crank_nicolson,0.7142857142857142,0.0,0.14778940447415162
49.0,crank_nicolson,0.7142857142857142,0.07142857142857142,0.07968539307114784
49.0,crank_nicolson,0.7142857142857142,0.14285714285714285,0.1606252554094867
49.0,crank_nicolson,0.7142857142857142,0.21428571428571427,0.24207554760982974
49.0,crank_nicolson,0.7142857142857142,0.2857142857142857,0.3215667510463227
49.0,crank_nicolson,0.7142857142857142,0.3571428571428571,0.39520833089380014
49.0,crank_nicolson,0.7142857142857142,0.42857142857142855,0.4525384344984825
49.0,crank_nicolson,0.7142857142857142,0.5,0.4756899134094447
49.0,crank_nicolson,0.7142857142857142,0.5714285714285714,0.4525384344984857
49.0,crank_nicolson,0.7142857142857142,0.6428571428571428,0.3952083308938035
49.0,crank_nicolson,0.7142857142857142,0.7142857142857142,0.32156675104632393
49.0,crank_nicolson,0.7142857142857142,0.7857142857142857,0.2420755476098305
49.0,crank_nicolson,0.7142857142857142,0.8571428571428571,0.160625255409487
49.0,crank_nicolson,0.7142857142857142,0.9285714285714285,0.07968539307114811
49.0,crank_nicolson,0.7142857142857142,1.0,0.14778940447415162
49.0,crank_nicolson,0.7857142857142857,0.0,0.14778940447415162
49.0,crank_nicolson,0.7857142857142857,0.07142857142857142,0.05958665379899885
49.0,crank_nicolson,0.7857142857142857,0.14285714285714285,0.12049483233085072
49.0,crank_nicolson,0.7857142857142857,0.21428571428571427,0.1820633572351517
49.0,crank_nicolson,0.7857142857142857,0.2857142857142857,0.24207554760983002
49.0,crank_nicolson,0.7857142857142857,0.3571428571428571,0.29762248065260233
49.0,crank_nicolson,0.7857142857142857,0.42857142857142855,0.340854643165817
49.0,crank_nicolson,0.7857142857142857,0.5,0.35831205837527513
49.0,crank_nicolson,0.7857142857142857,0.5714285714285714,0.3408546431658186
49.0,crank_nicolson,0.7857142857142857,0.6428571428571428,0.2976224806526038
49.0,crank_nicolson,0.7857142857142857,0.7142857142857142,0.24207554760983074
49.0,crank_nicolson,0.7857142857142857,0.7857142857142857,0.1820633572351521
49.0,crank_nicolson,0.7857142857142857,0.8571428571428571,0.12049483233085094
49.0,crank_nicolson,0.7857142857142857,0.9285714285714285,0.05958665379899893
49.0,crank_nicolson,0.7857142857142857,1.0,0.14778940447415162
49.0,crank_nicolson,0.8571428571428571,0.0,0.14778940447415162
49.0,crank_nicolson,0.8571428571428571,0.07142857142857142,0.038988199795962124
49.0,crank_nicolson,0.8571428571428571,0.14285714285714285,0.07929390998134116
49.0,crank_nicolson,0.8571428571428571,0.21428571428571427,0.12049483233085051
49.0,crank_nicolson,0.8571428571428571,0.2857142857142857,0.16062525540948683
49.0,crank_nicolson,0.8571428571428571,0.3571428571428571,0.1977283977515573
49.0,crank_nicolson,0.8571428571428571,0.42857142857142855,0.2265952521878979
49.0,crank_nicolson,0.8571428571428571,0.5,0.23825095707425867
49.0,crank_nicolson,0.8571428571428571,0.5714285714285714,0.2265952521879005
49.0,crank_nicolson,0.8571428571428571,0.6428571428571428,0.1977283977515589
49.0,crank_nicolson,0.8571428571428571,0.7142857142857142,0.1606252554094873
49.0,crank_nicolson,0.8571428571428571,0.7857142857142857,0.1204948323308507
49.0,crank_nicolson,0.8571428571428571,0.8571428571428571,0.07929390998134128
49.0,crank_nicolson,0.8571428571428571,0.9285714285714285,0.038988199795962165
49.0,crank_nicolson,0.8571428571428571,1.0,0.14778940447415162
49.0,crank_nicolson,0.9285714285714285,0.0,0.14778940447415162
49.0,crank_nicolson,0.9285714285714285,0.07142857142857142,0.01935291712772981
49.0,crank_nicolson,0.9285714285714285,0.14285714285714285,0.03898819979596208
49.0,crank_nicolson,0.9285714285714285,0.21428571428571427,0.05958665379899866
49.0,crank_nicolson,0.9285714285714285,0.2857142857142857,0.0796853930711475
49.0,crank_nicolson,0.9285714285714285,0.3571428571428571,0.09825290009790148
49.0,crank_nicolson,0.9285714285714285,0.42857142857142855,0.11269339036974345
49.0,crank_nicolson,0.9285714285714285,0.5,0.11852358755812968
49.0,crank_nicolson,0.9285714285714285,0.5714285714285714,0.11269339036974457
49.0,crank_nicolson,0.9285714285714285,0.6428571428571428,0.09825290009790205
49.0,crank_nicolson,0.9285714285714285,0.7142857142857142,0.07968539307114782
49.0,crank_nicolson,0.9285714285714285,0.7857142857142857,0.05958665379899879
49.0,crank_nicolson,0.9285714285714285,0.8571428571428571,0.038988199795962124
49.0,crank_nicolson,0.9285714285714285,0.9285714285714285,0.019352917127729834
49.0,crank_nicolson,0.9285714285714285,1.0,0.14778940447415162
49.0,crank_nicolson,1.0,0.0,0.14778940447415162
49.0,crank_nicolson,1.0,0.07142857142857142,0.14778940447415162
49.0,crank_nicolson,1.0,0.14285714285714285,0.14778940447415162
49.0,crank_nicolson,1.0,0.21428571428571427,0.14778940447415162
49.0,crank_nicolson,1.0,0.2857142857142857,0.14778940447415162
49.0,crank_nicolson,1.0,0.3571428571428571,0.14778940447415162
49.0,crank_nicolson,1.0,0.42857142857142855,0.14778940447415162
49.0,crank_nicolson,1.0,0.5,0.14778940447415162
49.0,crank_nicolson,1.0,0.5714285714285714,0.14778940447415162
49.0,crank_nicolson,1.0,0.6428571428571428,0.14778940447415162
49.0,crank_nicolson,1.0,0.7142857142857142,0.14778940447415162
49.0,crank_nicolson,1.0,0.7857142857142857,0.14778940447415162
49.0,crank_nicolson,1.0,0.8571428571428571,0.14778940447415162
49.0,crank_nicolson,1.0,0.9285714285714285,0.14778940447415162
49.0,crank_nicolson,1.0,1.0,0.14778940447415162
50.0,crank_nicolson,0.0,0.0,-0.05182702182736474
50.0,crank_nicolson,0.0,0.07142857142857142,-0.05182702182736474
50.0,crank_nicolson,0.0,0.14285714285714285,-0.05182702182736474
50.0,crank_nicolson,0.0,0.21428571428571427,-0.05182702182736474
50.0,crank_nicolson,0.0,0.2857142857142857,-0.05182702182736474
50.0,crank_nicolson,0.0,0.3571428571428571,-0.05182702182736474
50.0,crank_nicolson,0.0,0.42857142857142855,-0.05182702182736474
50.0,crank_nicolson,0.0,0.5,-0.05182702182736474
50.0,crank_nicolson,0.0,0.5714285714285714,-0.05182702182736474
50.0,crank_nicolson,0.0,0.6428571428571428,-0.05182702182736474
50.0,crank_nicolson,0.0,0.7142857142857142,-0.05182702182736474
50.0,crank_nicolson,0.0,0.7857142857142857,-0.05182702182736474
50.0,crank_nicolson,0.0,0.8571428571428571,-0.05182702182736474
50.0,crank_nicolson,0.0,0.9285714285714285,-0.05182702182736474
50.0,crank_nicolson,0.0,1.0,-0.05182702182736474
50.0,crank_nicolson,0.07142857142857142,0.0,-0.05182702182736474
50.0,crank_nicolson,0.07142857142857142,0.07142857142857142,0.01866538895573512
50.0,crank_nicolson,0.07142857142857142,0.14285714285714285,0.03866650261853049
50.0,crank_nicolson,0.07142857142857142,0.21428571428571427,0.05924766511234622
50.0,crank_nicolson,0.07142857142857142,0.2857142857142857,0.0793312127137936
50.0,crank_nicolson,0.07142857142857142,0.3571428571428571,0.09786270368228804
50.0,crank_nicolson,0.07142857142857142,0.42857142857142855,0.11224191466019444
50.0,crank_nicolson,0.07142857142857142,0.5,0.1180307109906288
50.0,crank_nicolson,0.07142857142857142,0.5714285714285714,0.11224191466019404
50.0,crank_nicolson,0.07142857142857142,0.6428571428571428,0.09786270368228771
50.0,crank_nicolson,0.07142857142857142,0.7142857142857142,0.07933121271379356
50.0,crank_nicolson,0.07142857142857142,0.7857142857142857,0.059247665112346214
50.0,crank_nicolson,0.07142857142857142,0.8571428571428571,0.03866650261853049
50.0,crank_nicolson,0.07142857142857142,0.9285714285714285,0.018665388955735135
50.0,crank_nicolson,0.07142857142857142,1.0,-0.05182702182736474
50.0,crank_nicolson,0.14285714285714285,0.0,-0.05182702182736474
50.0,crank_nicolson,0.14285714285714285,0.07142857142857142,0.03866650261853043
50.0,crank_nicolson,0.14285714285714285,0.14285714285714285,0.07931337730177387
50.0,crank_nicolson,0.14285714285714285,0.21428571428571427,0.12048670281516416
50.0,crank_nicolson,0.14285714285714285,0.2857142857142857,0.1605879725925815
50.0,crank_nicolson,0.14285714285714285,0.3571428571428571,0.19761845968688643
50.0,crank_nicolson,0.14285714285714285,0.42857142857142855,0.22636218803423863
50.0,crank_nicolson,0.14285714285714285,0.5,0.23793489082117908
50.0,crank_nicolson,0.14285714285714285,0.5714285714285714,0.22636218803423813
50.0,crank_nicolson,0.14285714285714285,0.6428571428571428,0.19761845968688632
50.0,crank_nicolson,0.14285714285714285,0.7142857142857142,0.16058797259258148
50.0,crank_nicolson,0.14285714285714285,0.7857142857142857,0.12048670281516417
50.0,crank_nicolson,0.14285714285714285,0.8571428571428571,0.07931337730177386
50.0,crank_nicolson,0.14285714285714285,0.9285714285714285,0.03866650261853045
50.0,crank_nicolson,0.14285714285714285,1.0,-0.05182702182736474
50.0,crank_nicolson,0.21428571428571427,0.0,-0.05182702182736474
50.0,crank_nicolson,0.21428571428571427,0.07142857142857142,0.05924766511234606
50.0,crank_nicolson,0.21428571428571427,0.14285714285714285,0.12048670281516397
50.0,crank_nicolson,0.21428571428571427,0.21428571428571427,0.1820205816712817
50.0,crank_nicolson,0.21428571428571427,0.2857142857142857,0.24198697344924172
50.0,crank_nicolson,0.21428571428571427,0.3571428571428571,0.29742152339191985
50.0,crank_nicolson,0.21428571428571427,0.42857142857142855,0.34046660510333415
50.0,crank_nicolson,0.21428571428571427,0.5,0.35779866732836874
50.0,crank_nicolson,0.21428571428571427,0.5714285714285714,0.3404666051033337
50.0,crank_nicolson,0.21428571428571427,0.6428571428571428,0.2974215233919198
50.0,crank_nicolson,0.21428571428571427,0.7142857142857142,0.2419869734492417
50.0,crank_nicolson,0.21428571428571427,0.7857142857142857,0.18202058167128174
50.0,crank_nicolson,0.21428571428571427,0.8571428571428571,0.12048670281516403
50.0,crank_nicolson,0.21428571428571427,0.9285714285714285,0.05924766511234608
50.0,crank_nicolson,0.21428571428571427,1.0,-0.05182702182736474
50.0,crank_nicolson,0.2857142857142857,0.0,-0.05182702182736474
50.0,crank_nicolson,0.2857142857142857,0.07142857142857142,0.07933121271379323
50.0,crank_nicolson,0.2857142857142857,0.14285714285714285,0.16058797259258178
50.0,crank_nicolson,0.2857142857142857,0.21428571428571427,0.2419869734492423
50.0,crank_nicolson,0.2857142857142857,0.2857142857142857,0.32140534262759857
50.0,crank_nicolson,0.2857142857142857,0.3571428571428571,0.3948859722260407
50.0,crank_nicolson,0.2857142857142857,0.42857142857142855,0.4519589611180979
50.0,crank_nicolson,0.2857142857142857,0.5,0.47494061668671805
50.0,crank_nicolson,0.2857142857142857,0.5714285714285714,0.45195896111809925
50.0,crank_nicolson,0.2857142857142857,0.6428571428571428,0.39488597222604094
50.0,crank_nicolson,0.2857142857142857,0.7142857142857142,0.3214053426275985
50.0,crank_nicolson,0.2857142857142857,0.7857142857142857,0.24198697344924222
50.0,crank_nicolson,0.2857142857142857,0.8571428571428571,0.1605879725925819
50.0,crank_nicolson,0.2857142857142857,0.9285714285714285,0.07933121271379329
50.0,crank_nicolson,0.2857142857142857,1.0,-0.05182702182736474
50.0,crank_nicolson,0.3571428571428571,0.0,-0.05182702182736474
50.0,crank_nicolson,0.3571428571428571,0.07142857142857142,0.0978627036822878
50.0,crank_nicolson,0.3571428571428571,0.14285714285714285,0.19761845968688682
50.0,crank_nicolson,0.3571428571428571,0.21428571428571427,0.29742152339192124
50.0,crank_nicolson,0.3571428571428571,0.2857142857142857,0.3948859722260429
50.0,crank_nicolson,0.3571428571428571,0.3571428571428571,0.48511562786126977
50.0,crank_nicolson,0.3571428571428571,0.42857142857142855,0.555209484659932
50.0,crank_nicolson,0.3571428571428571,0.5,0.5834352252165573
50.0,crank_nicolson,0.3571428571428571,0.5714285714285714,0.5552094846599335
50.0,crank_nicolson,0.3571428571428571,0.6428571428571428,0.48511562786126977
50.0,crank_nicolson,0.3571428571428571,0.7142857142857142,0.3948859722260431
50.0,crank_nicolson,0.3571428571428571,0.7857142857142857,0.29742152339192174
50.0,crank_nicolson,0.3571428571428571,0.8571428571428571,0.19761845968688713
50.0,crank_nicolson,0.3571428571428571,0.9285714285714285,0.09786270368228776
50.0,crank_nicolson,0.3571428571428571,1.0,-0.05182702182736474
50.0,crank_nicolson,0.42857142857142855,0.0,-0.05182702182736474
50.0,crank_nicolson,0.42857142857142855,0.07142857142857142,0.11224191466019433
50.0,crank_nicolson,0.42857142857142855,0.14285714285714285,0.22636218803423908
50.0,crank_nicolson,0.42857142857142855,0.21428571428571427,0.3404666051033368
50.0,crank_nicolson,0.42857142857142855,0.2857142857142857,0.4519589611181004
50.0,crank_nicolson,0.42857142857142855,0.3571428571428571,0.5552094846599328
50.0,crank_nicolson,0.42857142857142855,0.42857142857142855,0.6354260399729004
50.0,crank_nicolson,0.42857142857142855,0.5,0.667728622311859
50.0,crank_nicolson,0.42857142857142855,0.5714285714285714,0.6354260399729006
50.0,crank_nicolson,0.42857142857142855,0.6428571428571428,0.5552094846599335
50.0,crank_nicolson,0.42857142857142855,0.7142857142857142,0.45195896111810185
50.0,crank_nicolson,0.42857142857142855,0.7857142857142857,0.34046660510333776
50.0,crank_nicolson,0.42857142857142855,0.8571428571428571,0.22636218803423935
50.0,crank_nicolson,0.42857142857142855,0.9285714285714285,0.11224191466019394
50.0,crank_nicolson,0.42857142857142855,1.0,-0.05182702182736474
50.0,crank_nicolson,0.5,0.0,-0.05182702182736474
50.0,crank_nicolson,0.5,0.07142857142857142,0.11803071099062884
50.0,crank_nicolson,0.5,0.14285714285714285,0.23793489082117966
50.0,crank_nicolson,0.5,0.21428571428571427,0.35779866732836935
50.0,crank_nicolson,0.5,0.2857142857142857,0.474940616686716
50.0,crank_nicolson,0.5,0.3571428571428571,0.5834352252165566
50.0,crank_nicolson,0.5,0.42857142857142855,0.6677286223118626
50.0,crank_nicolson,0.5,0.5,0.701673102542251
50.0,crank_nicolson,0.5,0.5714285714285714,0.6677286223118588
50.0,crank_nicolson,0.5,0.6428571428571428,0.5834352252165564
50.0,crank_nicolson,0.5,0.7142857142857142,0.4749406166867179
50.0,crank_nicolson,0.5,0.7857142857142857,0.35779866732837184
50.0,crank_nicolson,0.5,0.8571428571428571,0.2379348908211805
50.0,crank_nicolson,0.5,0.9285714285714285,0.11803071099062909
50.0,crank_nicolson,0.5,1.0,-0.05182702182736474
50.0,crank_nicolson,0.5714285714285714,0.0,-0.05182702182736474
50.0,crank_nicolson,0.5714285714285714,0.07142857142857142,0.11224191466019447
50.0,crank_nicolson,0.5714285714285714,0.14285714285714285,0.22636218803423908
50.0,crank_nicolson,0.5714285714285714,0.21428571428571427,0.34046660510333293
50.0,crank_nicolson,0.5714285714285714,0.2857142857142857,0.45195896111809625
50.0,crank_nicolson,0.5714285714285714,0.3571428571428571,0.5552094846599299
50.0,crank_nicolson,0.5714285714285714,0.42857142857142855,0.6354260399729005
50.0,crank_nicolson,0.5714285714285714,0.5,0.6677286223118609
50.0,crank_nicolson,0.5714285714285714,0.5714285714285714,0.6354260399729033
50.0,crank_nicolson,0.5714285714285714,0.6428571428571428,0.5552094846599337
50.0,crank_nicolson,0.5714285714285714,0.7142857142857142,0.45195896111809936
50.0,crank_nicolson,0.5714285714285714,0.7857142857142857,0.3404666051033368
50.0,crank_nicolson,0.5714285714285714,0.8571428571428571,0.2263621880342413
50.0,crank_nicolson,0.5714285714285714,0.9285714285714285,0.11224191466019498
50.0,crank_nicolson,0.5714285714285714,1.0,-0.05182702182736474
50.0,crank_nicolson,0.6428571428571428,0.0,-0.05182702182736474
50.0,crank_nicolson,0.6428571428571428,0.07142857142857142,0.0978627036822875
50.0,crank_nicolson,0.6428571428571428,0.14285714285714285,0.19761845968688624
50.0,crank_nicolson,0.6428571428571428,0.21428571428571427,0.29742152339191924
50.0,crank_nicolson,0.6428571428571428,0.2857142857142857,0.39488597222603966
50.0,crank_nicolson,0.6428571428571428,0.3571428571428571,0.48511562786126683
50.0,crank_nicolson,0.6428571428571428,0.42857142857142855,0.5552094846599325
50.0,crank_nicolson,0.6428571428571428,0.5,0.5834352252165573
50.0,crank_nicolson,0.6428571428571428,0.5714285714285714,0.5552094846599352
50.0,crank_nicolson,0.6428571428571428,0.6428571428571428,0.4851156278612722
50.0,crank_nicolson,0.6428571428571428,0.7142857142857142,0.3948859722260425
50.0,crank_nicolson,0.6428571428571428,0.7857142857142857,0.2974215233919211
50.0,crank_nicolson,0.6428571428571428,0.8571428571428571,0.1976184596868878
50.0,crank_nicolson,0.6428571428571428,0.9285714285714285,0.09786270368228801
50.0,crank_nicolson,0.6428571428571428,1.0,-0.05182702182736474
50.0,crank_nicolson,0.7142857142857142,0.0,-0.05182702182736474
50.0,crank_nicolson,0.7142857142857142,0.07142857142857142,0.07933121271379354
50.0,crank_nicolson,0.7142857142857142,0.14285714285714285,0.16058797259258148
50.0,crank_nicolson,0.7142857142857142,0.21428571428571427,0.24198697344924144
50.0,crank_nicolson,0.7142857142857142,0.2857142857142857,0.32140534262759757
50.0,crank_nicolson,0.7142857142857142,0.3571428571428571,0.39488597222603977
50.0,crank_nicolson,0.7142857142857142,0.42857142857142855,0.45195896111809886
50.0,crank_nicolson,0.7142857142857142,0.5,0.4749406166867192
50.0,crank_nicolson,0.7142857142857142,0.5714285714285714,0.4519589611181019
50.0,crank_nicolson,0.7142857142857142,0.6428571428571428,0.3948859722260433
50.0,crank_nicolson,0.7142857142857142,0.7142857142857142,0.32140534262759896
50.0,crank_nicolson,0.7142857142857142,0.7857142857142857,0.2419869734492422
50.0,crank_nicolson,0.7142857142857142,0.8571428571428571,0.1605879725925819
50.0,crank_nicolson,0.7142857142857142,0.9285714285714285,0.0793312127137938
50.0,crank_nicolson,0.7142857142857142,1.0,-0.05182702182736474
50.0,crank_nicolson,0.7857142857142857,0.0,-0.05182702182736474
50.0,crank_nicolson,0.7857142857142857,0.07142857142857142,0.05924766511234621
50.0,crank_nicolson,0.7857142857142857,0.14285714285714285,0.12048670281516417
50.0,crank_nicolson,0.7857142857142857,0.21428571428571427,0.18202058167128168
50.0,crank_nicolson,0.7857142857142857,0.2857142857142857,0.24198697344924167
50.0,crank_nicolson,0.7857142857142857,0.3571428571428571,0.2974215233919202
50.0,crank_nicolson,0.7857142857142857,0.42857142857142855,0.340466605103335
50.0,crank_nicolson,0.7857142857142857,0.5,0.3577986673283713
50.0,crank_nicolson,0.7857142857142857,0.5714285714285714,0.34046660510333676
50.0,crank_nicolson,0.7857142857142857,0.6428571428571428,0.29742152339192174
50.0,crank_nicolson,0.7857142857142857,0.7142857142857142,0.24198697344924242
50.0,crank_nicolson,0.7857142857142857,0.7857142857142857,0.18202058167128207
50.0,crank_nicolson,0.7857142857142857,0.8571428571428571,0.12048670281516441
50.0,crank_nicolson,0.7857142857142857,0.9285714285714285,0.05924766511234629
50.0,crank_nicolson,0.7857142857142857,1.0,-0.05182702182736474
50.0,crank_nicolson,0.8571428571428571,0.0,-0.05182702182736474
50.0,crank_nicolson,0.8571428571428571,0.07142857142857142,0.03866650261853048
50.0,crank_nicolson,0.8571428571428571,0.14285714285714285,0.07931337730177385
50.0,crank_nicolson,0.8571428571428571,0.21428571428571427,0.12048670281516397
50.0,crank_nicolson,0.8571428571428571,0.2857142857142857,0.1605879725925817
50.0,crank_nicolson,0.8571428571428571,0.3571428571428571,0.19761845968688657
50.0,crank_nicolson,0.8571428571428571,0.42857142857142855,0.22636218803423866
50.0,crank_nicolson,0.8571428571428571,0.5,0.23793489082118027
50.0,crank_nicolson,0.8571428571428571,0.5714285714285714,0.22636218803424138
50.0,crank_nicolson,0.8571428571428571,0.6428571428571428,0.1976184596868881
50.0,crank_nicolson,0.8571428571428571,0.7142857142857142,0.16058797259258215
50.0,crank_nicolson,0.8571428571428571,0.7857142857142857,0.12048670281516416
50.0,crank_nicolson,0.8571428571428571,0.8571428571428571,0.07931337730177399
50.0,crank_nicolson,0.8571428571428571,0.9285714285714285,0.03866650261853053
50.0,crank_nicolson,0.8571428571428571,1.0,-0.05182702182736474
50.0,crank_nicolson,0.9285714285714285,0.0,-0.05182702182736474
50.0,crank_nicolson,0.9285714285714285,0.07142857142857142,0.01866538895573512
50.0,crank_nicolson,0.9285714285714285,0.14285714285714285,0.03866650261853044
50.0,crank_nicolson,0.9285714285714285,0.21428571428571427,0.059247665112346026
50.0,crank_nicolson,0.9285714285714285,0.2857142857142857,0.07933121271379319
50.0,crank_nicolson,0.9285714285714285,0.3571428571428571,0.09786270368228754
50.0,crank_nicolson,0.9285714285714285,0.42857142857142855,0.11224191466019381
50.0,crank_nicolson,0.9285714285714285,0.5,0.118030710990629
50.0,crank_nicolson,0.9285714285714285,0.5714285714285714,0.11224191466019497
50.0,crank_nicolson,0.9285714285714285,0.6428571428571428,0.0978627036822881
50.0,crank_nicolson,0.9285714285714285,0.7142857142857142,0.07933121271379351
50.0,crank_nicolson,0.9285714285714285,0.7857142857142857,0.05924766511234615
50.0,crank_nicolson,0.9285714285714285,0.8571428571428571,0.03866650261853048
50.0,crank_nicolson,0.9285714285714285,0.9285714285714285,0.018665388955735142
50.0,crank_nicolson,0.9285714285714285,1.0,-0.05182702182736474
50.0,crank_nicolson,1.0,0.0,-0.05182702182736474
50.0,crank_nicolson,1.0,0.07142857142857142,-0.05182702182736474
50.0,crank_nicolson,1.0,0.14285714285714285,-0.05182702182736474
50.0,crank_nicolson,1.0,0.21428571428571427,-0.05182702182736474
50.0,crank_nicolson,1.0,0.2857142857142857,-0.05182702182736474
50.0,crank_nicolson,1.0,0.3571428571428571,-0.05182702182736474
50.0,crank_nicolson,1.0,0.42857142857142855,-0.05182702182736474
50.0,crank_nicolson,1.0,0.5,-0.05182702182736474
50.0,crank_nicolson,1.0,0.5714285714285714,-0.05182702182736474
50.0,crank_nicolson,1.0,0.6428571428571428,-0.05182702182736474
50.0,crank_nicolson,1.0,0.7142857142857142,-0.05182702182736474
50.0,crank_nicolson,1.0,0.7857142857142857,-0.05182702182736474
50.0,crank_nicolson,1.0,0.8571428571428571,-0.05182702182736474
50.0,crank_nicolson,1.0,0.9285714285714285,-0.05182702182736474
50.0,crank_nicolson,1.0,1.0,-0.05182702182736474
51.0,crank_nicolson,0.0,0.0,-0.05017570435845366
51.0,crank_nicolson,0.0,0.07142857142857142,-0.05017570435845366
51.0,crank_nicolson,0.0,0.14285714285714285,-0.05017570435845366
51.0,crank_nicolson,0.0,0.21428571428571427,-0.05017570435845366
51.0,crank_nicolson,0.0,0.2857142857142857,-0.05017570435845366
51.0,crank_nicolson,0.0,0.3571428571428571,-0.05017570435845366
51.0,crank_nicolson,0.0,0.42857142857142855,-0.05017570435845366
51.0,crank_nicolson,0.0,0.5,-0.05017570435845366
51.0,crank_nicolson,0.0,0.5714285714285714,-0.05017570435845366
51.0,crank_nicolson,0.0,0.6428571428571428,-0.05017570435845366
51.0,crank_nicolson,0.0,0.7142857142857142,-0.05017570435845366
51.0,crank_nicolson,0.0,0.7857142857142857,-0.05017570435845366
51.0,crank_nicolson,0.0,0.8571428571428571,-0.05017570435845366
51.0,crank_nicolson,0.0,0.9285714285714285,-0.05017570435845366
51.0,crank_nicolson,0.0,1.0,-0.05017570435845366
51.0,crank_nicolson,0.07142857142857142,0.0,-0.05017570435845366
51.0,crank_nicolson,0.07142857142857142,0.07142857142857142,0.01702158200626663
51.0,crank_nicolson,0.07142857142857142,0.14285714285714285,0.037851670258522256
51.0,crank_nicolson,0.07142857142857142,0.21428571428571427,0.05841667428303706
51.0,crank_nicolson,0.07142857142857142,0.2857142857142857,0.07846917213831299
51.0,crank_nicolson,0.07142857142857142,0.3571428571428571,0.096928440212022
51.0,crank_nicolson,0.07142857142857142,0.42857142857142855,0.11118690846556037
51.0,crank_nicolson,0.07142857142857142,0.5,0.11689541402695065
51.0,crank_nicolson,0.07142857142857142,0.5714285714285714,0.11118690846555992
51.0,crank_nicolson,0.07142857142857142,0.6428571428571428,0.0969284402120216
51.0,crank_nicolson,0.07142857142857142,0.7142857142857142,0.07846917213831295
51.0,crank_nicolson,0.07142857142857142,0.7857142857142857,0.058416674283037054
51.0,crank_nicolson,0.07142857142857142,0.8571428571428571,0.037851670258522256
51.0,crank_nicolson,0.07142857142857142,0.9285714285714285,0.017021582006266644
51.0,crank_nicolson,0.07142857142857142,1.0,-0.05017570435845366
51.0,crank_nicolson,0.14285714285714285,0.0,-0.05017570435845366
51.0,crank_nicolson,0.14285714285714285,0.07142857142857142,0.03785167025852219
51.0,crank_nicolson,0.14285714285714285,0.14285714285714285,0.07931563341300478
51.0,crank_nicolson,0.14285714285714285,0.21428571428571427,0.12045193825805672
51.0,crank_nicolson,0.14285714285714285,0.2857142857142857,0.16049331109872278
51.0,crank_nicolson,0.14285714285714285,0.3571428571428571,0.19737810511991633
51.0,crank_nicolson,0.14285714285714285,0.42857142857142855,0.22587918598715595
51.0,crank_nicolson,0.14285714285714285,0.5,0.2372908936313654
51.0,crank_nicolson,0.14285714285714285,0.5714285714285714,0.22587918598715556
51.0,crank_nicolson,0.14285714285714285,0.6428571428571428,0.19737810511991616
51.0,crank_nicolson,0.14285714285714285,0.7142857142857142,0.1604933110987227
51.0,crank_nicolson,0.14285714285714285,0.7857142857142857,0.12045193825805674
51.0,crank_nicolson,0.14285714285714285,0.8571428571428571,0.07931563341300478
51.0,crank_nicolson,0.14285714285714285,0.9285714285714285,0.0378516702585222
51.0,crank_nicolson,0.14285714285714285,1.0,-0.05017570435845366
51.0,crank_nicolson,0.21428571428571427,0.0,-0.05017570435845366
51.0,crank_nicolson,0.21428571428571427,0.07142857142857142,0.058416674283036894
51.0,crank_nicolson,0.21428571428571427,0.14285714285714285,0.12045193825805654
51.0,crank_nicolson,0.21428571428571427,0.21428571428571427,0.1819336618014496
51.0,crank_nicolson,0.21428571428571427,0.2857142857142857,0.24180599918261036
51.0,crank_nicolson,0.21428571428571427,0.3571428571428571,0.2970151327692175
51.0,crank_nicolson,0.21428571428571427,0.42857142857142855,0.33969136418611606
51.0,crank_nicolson,0.21428571428571427,0.5,0.3567802002836162
51.0,crank_nicolson,0.21428571428571427,0.5714285714285714,0.33969136418611545
51.0,crank_nicolson,0.21428571428571427,0.6428571428571428,0.2970151327692175
51.0,crank_nicolson,0.21428571428571427,0.7142857142857142,0.24180599918261034
51.0,crank_nicolson,0.21428571428571427,0.7857142857142857,0.18193366180144963
51.0,crank_nicolson,0.21428571428571427,0.8571428571428571,0.12045193825805663
51.0,crank_nicolson,0.21428571428571427,0.9285714285714285,0.05841667428303693
51.0,crank_nicolson,0.21428571428571427,1.0,-0.05017570435845366
51.0,crank_nicolson,0.2857142857142857,0.0,-0.05017570435845366
51.0,crank_nicolson,0.2857142857142857,0.07142857142857142,0.07846917213831262
51.0,crank_nicolson,0.2857142857142857,0.14285714285714285,0.16049331109872295
51.0,crank_nicolson,0.2857142857142857,0.21428571428571427,0.24180599918261092
51.0,crank_nicolson,0.2857142857142857,0.2857142857142857,0.3210753406620813
51.0,crank_nicolson,0.2857142857142857,0.3571428571428571,0.3942330689671364
51.0,crank_nicolson,0.2857142857142857,0.42857142857142855,0.45079883402007265
51.0,crank_nicolson,0.2857142857142857,0.5,0.4734508039660458
51.0,crank_nicolson,0.2857142857142857,0.5714285714285714,0.450798834020074
51.0,crank_nicolson,0.2857142857142857,0.6428571428571428,0.39423306896713656
51.0,crank_nicolson,0.2857142857142857,0.7142857142857142,0.3210753406620813
51.0,crank_nicolson,0.2857142857142857,0.7857142857142857,0.24180599918261092
51.0,crank_nicolson,0.2857142857142857,0.8571428571428571,0.16049331109872308
51.0,crank_nicolson,0.2857142857142857,0.9285714285714285,0.07846917213831267
51.0,crank_nicolson,0.2857142857142857,1.0,-0.05017570435845366
51.0,crank_nicolson,0.3571428571428571,0.0,-0.05017570435845366
51.0,crank_nicolson,0.3571428571428571,0.07142857142857142,0.09692844021202177
51.0,crank_nicolson,0.3571428571428571,0.14285714285714285,0.1973781051199167
51.0,crank_nicolson,0.3571428571428571,0.21428571428571427,0.2970151327692189
51.0,crank_nicolson,0.3571428571428571,0.2857142857142857,0.39423306896713844
51.0,crank_nicolson,0.3571428571428571,0.3571428571428571,0.484006856959947
51.0,crank_nicolson,0.3571428571428571,0.42857142857142855,0.5534323275508415
51.0,crank_nicolson,0.3571428571428571,0.5,0.5812350393016338
51.0,crank_nicolson,0.3571428571428571,0.5714285714285714,0.5534323275508432
51.0,crank_nicolson,0.3571428571428571,0.6428571428571428,0.48400685695994694
51.0,crank_nicolson,0.3571428571428571,0.7142857142857142,0.3942330689671388
51.0,crank_nicolson,0.3571428571428571,0.7857142857142857,0.2970151327692193
51.0,crank_nicolson,0.3571428571428571,0.8571428571428571,0.19737810511991702
51.0,crank_nicolson,0.3571428571428571,0.9285714285714285,0.09692844021202174
51.0,crank_nicolson,0.3571428571428571,1.0,-0.05017570435845366
51.0,crank_nicolson,0.42857142857142855,0.0,-0.05017570435845366
51.0,crank_nicolson,0.42857142857142855,0.07142857142857142,0.11118690846556026
51.0,crank_nicolson,0.42857142857142855,0.14285714285714285,0.22587918598715642
51.0,crank_nicolson,0.42857142857142855,0.21428571428571427,0.33969136418611856
51.0,crank_nicolson,0.42857142857142855,0.2857142857142857,0.4507988340200754
51.0,crank_nicolson,0.42857142857142855,0.3571428571428571,0.5534323275508425
51.0,crank_nicolson,0.42857142857142855,0.42857142857142855,0.6328105158244248
51.0,crank_nicolson,0.42857142857142855,0.5,0.6645996082377429
51.0,crank_nicolson,0.42857142857142855,0.5714285714285714,0.6328105158244252
51.0,crank_nicolson,0.42857142857142855,0.6428571428571428,0.5534323275508429
51.0,crank_nicolson,0.42857142857142855,0.7142857142857142,0.4507988340200767
51.0,crank_nicolson,0.42857142857142855,0.7857142857142857,0.3396913641861196
51.0,crank_nicolson,0.42857142857142855,0.8571428571428571,0.22587918598715673
51.0,crank_nicolson,0.42857142857142855,0.9285714285714285,0.11118690846555986
51.0,crank_nicolson,0.42857142857142855,1.0,-0.05017570435845366
51.0,crank_nicolson,0.5,0.0,-0.05017570435845366
51.0,crank_nicolson,0.5,0.07142857142857142,0.11689541402695071
51.0,crank_nicolson,0.5,0.14285714285714285,0.23729089363136602
51.0,crank_nicolson,0.5,0.21428571428571427,0.35678020028361696
51.0,crank_nicolson,0.5,0.2857142857142857,0.4734508039660437
51.0,crank_nicolson,0.5,0.3571428571428571,0.581235039301633
51.0,crank_nicolson,0.5,0.42857142857142855,0.6645996082377462
51.0,crank_nicolson,0.5,0.5,0.6979853557654256
51.0,crank_nicolson,0.5,0.5714285714285714,0.6645996082377423
51.0,crank_nicolson,0.5,0.6428571428571428,0.5812350393016331
51.0,crank_nicolson,0.5,0.7142857142857142,0.47345080396604566
51.0,crank_nicolson,0.5,0.7857142857142857,0.3567802002836195
51.0,crank_nicolson,0.5,0.8571428571428571,0.23729089363136693
51.0,crank_nicolson,0.5,0.9285714285714285,0.11689541402695094
51.0,crank_nicolson,0.5,1.0,-0.05017570435845366
51.0,crank_nicolson,0.5714285714285714,0.0,-0.05017570435845366
51.0,crank_nicolson,0.5714285714285714,0.07142857142857142,0.11118690846556041
51.0,crank_nicolson,0.5714285714285714,0.14285714285714285,0.22587918598715642
51.0,crank_nicolson,0.5714285714285714,0.21428571428571427,0.3396913641861147
51.0,crank_nicolson,0.5714285714285714,0.2857142857142857,0.4507988340200709
51.0,crank_nicolson,0.5714285714285714,0.3571428571428571,0.5534323275508396
51.0,crank_nicolson,0.5714285714285714,0.42857142857142855,0.6328105158244249
51.0,crank_nicolson,0.5714285714285714,0.5,0.6645996082377442
51.0,crank_nicolson,0.5714285714285714,0.5714285714285714,0.6328105158244276
51.0,crank_nicolson,0.5714285714285714,0.6428571428571428,0.5534323275508433
51.0,crank_nicolson,0.5714285714285714,0.7142857142857142,0.45079883402007415
51.0,crank_nicolson,0.5714285714285714,0.7857142857142857,0.3396913641861187
51.0,crank_nicolson,0.5714285714285714,0.8571428571428571,0.22587918598715867
51.0,crank_nicolson,0.5714285714285714,0.9285714285714285,0.11118690846556091
51.0,crank_nicolson,0.5714285714285714,1.0,-0.05017570435845366
51.0,crank_nicolson,0.6428571428571428,0.0,-0.05017570435845366
51.0,crank_nicolson,0.6428571428571428,0.07142857142857142,0.09692844021202143
51.0,crank_nicolson,0.6428571428571428,0.14285714285714285,0.197378105119916
51.0,crank_nicolson,0.6428571428571428,0.21428571428571427,0.297015132769217
51.0,crank_nicolson,0.6428571428571428,0.2857142857142857,0.39423306896713517
51.0,crank_nicolson,0.6428571428571428,0.3571428571428571,0.4840068569599441
51.0,crank_nicolson,0.6428571428571428,0.42857142857142855,0.553432327550842
51.0,crank_nicolson,0.6428571428571428,0.5,0.5812350393016336
51.0,crank_nicolson,0.6428571428571428,0.5714285714285714,0.553432327550845
51.0,crank_nicolson,0.6428571428571428,0.6428571428571428,0.4840068569599495
51.0,crank_nicolson,0.6428571428571428,0.7142857142857142,0.3942330689671382
51.0,crank_nicolson,0.6428571428571428,0.7857142857142857,0.2970151327692189
51.0,crank_nicolson,0.6428571428571428,0.8571428571428571,0.19737810511991777
51.0,crank_nicolson,0.6428571428571428,0.9285714285714285,0.09692844021202197
51.0,crank_nicolson,0.6428571428571428,1.0,-0.05017570435845366
51.0,crank_nicolson,0.7142857142857142,0.0,-0.05017570435845366
51.0,crank_nicolson,0.7142857142857142,0.07142857142857142,0.07846917213831292
51.0,crank_nicolson,0.7142857142857142,0.14285714285714285,0.16049331109872267
51.0,crank_nicolson,0.7142857142857142,0.21428571428571427,0.24180599918261014
51.0,crank_nicolson,0.7142857142857142,0.2857142857142857,0.32107534066208043
51.0,crank_nicolson,0.7142857142857142,0.3571428571428571,0.3942330689671354
51.0,crank_nicolson,0.7142857142857142,0.42857142857142855,0.4507988340200738
51.0,crank_nicolson,0.7142857142857142,0.5,0.473450803966047
51.0,crank_nicolson,0.7142857142857142,0.5714285714285714,0.45079883402007676
51.0,crank_nicolson,0.7142857142857142,0.6428571428571428,0.39423306896713906
51.0,crank_nicolson,0.7142857142857142,0.7142857142857142,0.32107534066208165
51.0,crank_nicolson,0.7142857142857142,0.7857142857142857,0.24180599918261086
51.0,crank_nicolson,0.7142857142857142,0.8571428571428571,0.16049331109872325
51.0,crank_nicolson,0.7142857142857142,0.9285714285714285,0.07846917213831317
51.0,crank_nicolson,0.7142857142857142,1.0,-0.05017570435845366
51.0,crank_nicolson,0.7857142857142857,0.0,-0.05017570435845366
51.0,crank_nicolson,0.7857142857142857,0.07142857142857142,0.05841667428303705
51.0,crank_nicolson,0.7857142857142857,0.14285714285714285,0.12045193825805674
51.0,crank_nicolson,0.7857142857142857,0.21428571428571427,0.18193366180144957
51.0,crank_nicolson,0.7857142857142857,0.2857142857142857,0.2418059991826104
51.0,crank_nicolson,0.7857142857142857,0.3571428571428571,0.29701513276921776
51.0,crank_nicolson,0.7857142857142857,0.42857142857142855,0.33969136418611684
51.0,crank_nicolson,0.7857142857142857,0.5,0.35678020028361884
51.0,crank_nicolson,0.7857142857142857,0.5714285714285714,0.3396913641861185
51.0,crank_nicolson,0.7857142857142857,0.6428571428571428,0.2970151327692195
51.0,crank_nicolson,0.7857142857142857,0.7142857142857142,0.24180599918261111
51.0,crank_nicolson,0.7857142857142857,0.7857142857142857,0.18193366180145
51.0,crank_nicolson,0.7857142857142857,0.8571428571428571,0.120451938258057
51.0,crank_nicolson,0.7857142857142857,0.9285714285714285,0.05841667428303713
51.0,crank_nicolson,0.7857142857142857,1.0,-0.05017570435845366
51.0,crank_nicolson,0.8571428571428571,0.0,-0.05017570435845366
51.0,crank_nicolson,0.8571428571428571,0.07142857142857142,0.03785167025852225
51.0,crank_nicolson,0.8571428571428571,0.14285714285714285,0.07931563341300475
51.0,crank_nicolson,0.8571428571428571,0.21428571428571427,0.12045193825805656
51.0,crank_nicolson,0.8571428571428571,0.2857142857142857,0.16049331109872286
51.0,crank_nicolson,0.8571428571428571,0.3571428571428571,0.19737810511991646
51.0,crank_nicolson,0.8571428571428571,0.42857142857142855,0.22587918598715606
51.0,crank_nicolson,0.8571428571428571,0.5,0.23729089363136663
51.0,crank_nicolson,0.8571428571428571,0.5714285714285714,0.22587918598715875
51.0,crank_nicolson,0.8571428571428571,0.6428571428571428,0.197378105119918
51.0,crank_nicolson,0.8571428571428571,0.7142857142857142,0.16049331109872333
51.0,crank_nicolson,0.8571428571428571,0.7857142857142857,0.12045193825805674
51.0,crank_nicolson,0.8571428571428571,0.8571428571428571,0.0793156334130049
51.0,crank_nicolson,0.8571428571428571,0.9285714285714285,0.03785167025852229
51.0,crank_nicolson,0.8571428571428571,1.0,-0.05017570435845366
51.0,crank_nicolson,0.9285714285714285,0.0,-0.05017570435845366
51.0,crank_nicolson,0.9285714285714285,0.07142857142857142,0.017021582006266626
51.0,crank_nicolson,0.9285714285714285,0.14285714285714285,0.037851670258522194
51.0,crank_nicolson,0.9285714285714285,0.21428571428571427,0.05841667428303686
51.0,crank_nicolson,0.9285714285714285,0.2857142857142857,0.07846917213831259
51.0,crank_nicolson,0.9285714285714285,0.3571428571428571,0.09692844021202153
51.0,crank_nicolson,0.9285714285714285,0.42857142857142855,0.1111869084655597
51.0,crank_nicolson,0.9285714285714285,0.5,0.11689541402695083
51.0,crank_nicolson,0.9285714285714285,0.5714285714285714,0.11118690846556088
51.0,crank_nicolson,0.9285714285714285,0.6428571428571428,0.09692844021202204
51.0,crank_nicolson,0.9285714285714285,0.7142857142857142,0.07846917213831289
51.0,crank_nicolson,0.9285714285714285,0.7857142857142857,0.05841667428303699
51.0,crank_nicolson,0.9285714285714285,0.8571428571428571,0.03785167025852225
51.0,crank_nicolson,0.9285714285714285,0.9285714285714285,0.017021582006266658
51.0,crank_nicolson,0.9285714285714285,1.0,-0.05017570435845366
51.0,crank_nicolson,1.0,0.0,-0.05017570435845366
51.0,crank_nicolson,1.0,0.07142857142857142,-0.05017570435845366
51.0,crank_nicolson,1.0,0.14285714285714285,-0.05017570435845366
51.0,crank_nicolson,1.0,0.21428571428571427,-0.05017570435845366
51.0,crank_nicolson,1.0,0.2857142857142857,-0.05017570435845366
51.0,crank_nicolson,1.0,0.3571428571428571,-0.05017570435845366
51.0,crank_nicolson,1.0,0.42857142857142855,-0.05017570435845366
51.0,crank_nicolson,1.0,0.5,-0.05017570435845366
51.0,crank_nicolson,1.0,0.5714285714285714,-0.05017570435845366
51.0,crank_nicolson,1.0,0.6428571428571428,-0.05017570435845366
51.0,crank_nicolson,1.0,0.7142857142857142,-0.05017570435845366
51.0,crank_nicolson,1.0,0.7857142857142857,-0.05017570435845366
51.0,crank_nicolson,1.0,0.8571428571428571,-0.05017570435845366
51.0,crank_nicolson,1.0,0.9285714285714285,-0.05017570435845366
51.0,crank_nicolson,1.0,1.0,-0.05017570435845366
52.0,crank_nicolson,0.0,0.0,0.03287511096596845
52.0,crank_nicolson,0.0,0.07142857142857142,0.03287511096596845
52.0,crank_nicolson,0.0,0.14285714285714285,0.03287511096596845
52.0,crank_nicolson,0.0,0.21428571428571427,0.03287511096596845
52.0,crank_nicolson,0.0,0.2857142857142857,0.03287511096596845
52.0,crank_nicolson,0.0,0.3571428571428571,0.03287511096596845
52.0,crank_nicolson,0.0,0.42857142857142855,0.03287511096596845
52.0,crank_nicolson,0.0,0.5,0.03287511096596845
52.0,crank_nicolson,0.0,0.5714285714285714,0.03287511096596845
52.0,crank_nicolson,0.0,0.6428571428571428,0.03287511096596845
52.0,crank_nicolson,0.0,0.7142857142857142,0.03287511096596845
52.0,crank_nicolson,0.0,0.7857142857142857,0.03287511096596845
52.0,crank_nicolson,0.0,0.8571428571428571,0.03287511096596845
52.0,crank_nicolson,0.0,0.9285714285714285,0.03287511096596845
52.0,crank_nicolson,0.0,1.0,0.03287511096596845
52.0,crank_nicolson,0.07142857142857142,0.0,0.03287511096596845
52.0,crank_nicolson,0.07142857142857142,0.07142857142857142,0.018842107164299852
52.0,crank_nicolson,0.07142857142857142,0.14285714285714285,0.03877918788709501
52.0,crank_nicolson,0.07142857142857142,0.21428571428571427,0.05932245608503981
52.0,crank_nicolson,0.07142857142857142,0.2857142857142857,0.0793432552396086
52.0,crank_nicolson,0.07142857142857142,0.3571428571428571,0.09773009473983613
52.0,crank_nicolson,0.07142857142857142,0.42857142857142855,0.1118702002051274
52.0,crank_nicolson,0.07142857142857142,0.5,0.11750159444460065
52.0,crank_nicolson,0.07142857142857142,0.5714285714285714,0.11187020020512696
52.0,crank_nicolson,0.07142857142857142,0.6428571428571428,0.09773009473983571
52.0,crank_nicolson,0.07142857142857142,0.7142857142857142,0.07934325523960856
52.0,crank_nicolson,0.07142857142857142,0.7857142857142857,0.059322456085039804
52.0,crank_nicolson,0.07142857142857142,0.8571428571428571,0.038779187887095015
52.0,crank_nicolson,0.07142857142857142,0.9285714285714285,0.018842107164299866
52.0,crank_nicolson,0.07142857142857142,1.0,0.03287511096596845
52.0,crank_nicolson,0.14285714285714285,0.0,0.03287511096596845
52.0,crank_nicolson,0.14285714285714285,0.07142857142857142,0.038779187887094946
52.0,crank_nicolson,0.14285714285714285,0.14285714285714285,0.07932744383562775
52.0,crank_nicolson,0.14285714285714285,0.21428571428571427,0.12042142541767441
52.0,crank_nicolson,0.14285714285714285,0.2857142857142857,0.16040108498344133
52.0,crank_nicolson,0.14285714285714285,0.3571428571428571,0.1971397598663175
52.0,crank_nicolson,0.14285714285714285,0.42857142857142855,0.22540291734783188
52.0,crank_nicolson,0.14285714285714285,0.5,0.2366599719306024
52.0,crank_nicolson,0.14285714285714285,0.5714285714285714,0.22540291734783144
52.0,crank_nicolson,0.14285714285714285,0.6428571428571428,0.19713975986631727
52.0,crank_nicolson,0.14285714285714285,0.7142857142857142,0.16040108498344127
52.0,crank_nicolson,0.14285714285714285,0.7857142857142857,0.12042142541767441
52.0,crank_nicolson,0.14285714285714285,0.8571428571428571,0.07932744383562776
52.0,crank_nicolson,0.14285714285714285,0.9285714285714285,0.03877918788709496
52.0,crank_nicolson,0.14285714285714285,1.0,0.03287511096596845
52.0,crank_nicolson,0.21428571428571427,0.0,0.03287511096596845
52.0,crank_nicolson,0.21428571428571427,0.07142857142857142,0.05932245608503965
52.0,crank_nicolson,0.21428571428571427,0.14285714285714285,0.12042142541767424
52.0,crank_nicolson,0.21428571428571427,0.21428571428571427,0.18184438557440324
52.0,crank_nicolson,0.21428571428571427,0.2857142857142857,0.2416197087703514
52.0,crank_nicolson,0.21428571428571427,0.3571428571428571,0.29660268371251974
52.0,crank_nicolson,0.21428571428571427,0.42857142857142855,0.33891702911105814
52.0,crank_nicolson,0.21428571428571427,0.5,0.355772108966348
52.0,crank_nicolson,0.21428571428571427,0.5714285714285714,0.33891702911105737
52.0,crank_nicolson,0.21428571428571427,0.6428571428571428,0.29660268371251963
52.0,crank_nicolson,0.21428571428571427,0.7142857142857142,0.24161970877035135
52.0,crank_nicolson,0.21428571428571427,0.7857142857142857,0.1818443855744033
52.0,crank_nicolson,0.21428571428571427,0.8571428571428571,0.12042142541767431
52.0,crank_nicolson,0.21428571428571427,0.9285714285714285,0.059322456085039686
52.0,crank_nicolson,0.21428571428571427,1.0,0.03287511096596845
52.0,crank_nicolson,0.2857142857142857,0.0,0.03287511096596845
52.0,crank_nicolson,0.2857142857142857,0.07142857142857142,0.0793432552396082
52.0,crank_nicolson,0.2857142857142857,0.14285714285714285,0.16040108498344147
52.0,crank_nicolson,0.2857142857142857,0.21428571428571427,0.2416197087703519
52.0,crank_nicolson,0.2857142857142857,0.2857142857142857,0.32073589596644364
52.0,crank_nicolson,0.2857142857142857,0.3571428571428571,0.3935695785781781
52.0,crank_nicolson,0.2857142857142857,0.42857142857142855,0.4496373216862622
52.0,crank_nicolson,0.2857142857142857,0.5,0.471972221197191
52.0,crank_nicolson,0.2857142857142857,0.5714285714285714,0.4496373216862635
52.0,crank_nicolson,0.2857142857142857,0.6428571428571428,0.3935695785781783
52.0,crank_nicolson,0.2857142857142857,0.7142857142857142,0.3207358959664437
52.0,crank_nicolson,0.2857142857142857,0.7857142857142857,0.2416197087703519
52.0,crank_nicolson,0.2857142857142857,0.8571428571428571,0.16040108498344163
52.0,crank_nicolson,0.2857142857142857,0.9285714285714285,0.07934325523960825
52.0,crank_nicolson,0.2857142857142857,1.0,0.03287511096596845
52.0,crank_nicolson,0.3571428571428571,0.0,0.03287511096596845
52.0,crank_nicolson,0.3571428571428571,0.07142857142857142,0.09773009473983588
52.0,crank_nicolson,0.3571428571428571,0.14285714285714285,0.19713975986631785
52.0,crank_nicolson,0.3571428571428571,0.21428571428571427,0.2966026837125212
52.0,crank_nicolson,0.3571428571428571,0.2857142857142857,0.3935695785781801
52.0,crank_nicolson,0.3571428571428571,0.3571428571428571,0.4828868006851049
52.0,crank_nicolson,0.3571428571428571,0.42857142857142855,0.5516560840791749
52.0,crank_nicolson,0.3571428571428571,0.5,0.5790518061192456
52.0,crank_nicolson,0.3571428571428571,0.5714285714285714,0.5516560840791762
52.0,crank_nicolson,0.3571428571428571,0.6428571428571428,0.4828868006851049
52.0,crank_nicolson,0.3571428571428571,0.7142857142857142,0.3935695785781805
52.0,crank_nicolson,0.3571428571428571,0.7857142857142857,0.2966026837125215
52.0,crank_nicolson,0.3571428571428571,0.8571428571428571,0.19713975986631807
52.0,crank_nicolson,0.3571428571428571,0.9285714285714285,0.09773009473983589
52.0,crank_nicolson,0.3571428571428571,1.0,0.03287511096596845
52.0,crank_nicolson,0.42857142857142855,0.0,0.03287511096596845
52.0,crank_nicolson,0.42857142857142855,0.07142857142857142,0.1118702002051273
52.0,crank_nicolson,0.42857142857142855,0.14285714285714285,0.22540291734783235
52.0,crank_nicolson,0.42857142857142855,0.21428571428571427,0.3389170291110607
52.0,crank_nicolson,0.42857142857142855,0.2857142857142857,0.44963732168626486
52.0,crank_nicolson,0.42857142857142855,0.3571428571428571,0.5516560840791758
52.0,crank_nicolson,0.42857142857142855,0.42857142857142855,0.6302128685051812
52.0,crank_nicolson,0.42857142857142855,0.5,0.6615083288708462
52.0,crank_nicolson,0.42857142857142855,0.5714285714285714,0.6302128685051819
52.0,crank_nicolson,0.42857142857142855,0.6428571428571428,0.5516560840791764
52.0,crank_nicolson,0.42857142857142855,0.7142857142857142,0.4496373216862662
52.0,crank_nicolson,0.42857142857142855,0.7857142857142857,0.3389170291110617
52.0,crank_nicolson,0.42857142857142855,0.8571428571428571,0.22540291734783272
52.0,crank_nicolson,0.42857142857142855,0.9285714285714285,0.11187020020512692
52.0,crank_nicolson,0.42857142857142855,1.0,0.03287511096596845
52.0,crank_nicolson,0.5,0.0,0.03287511096596845
52.0,crank_nicolson,0.5,0.07142857142857142,0.11750159444460072
52.0,crank_nicolson,0.5,0.14285714285714285,0.23665997193060295
52.0,crank_nicolson,0.5,0.21428571428571427,0.3557721089663488
52.0,crank_nicolson,0.5,0.2857142857142857,0.47197222119718896
52.0,crank_nicolson,0.5,0.3571428571428571,0.5790518061192448
52.0,crank_nicolson,0.5,0.42857142857142855,0.6615083288708501
52.0,crank_nicolson,0.5,0.5,0.6943575884117433
52.0,crank_nicolson,0.5,0.5714285714285714,0.6615083288708458
52.0,crank_nicolson,0.5,0.6428571428571428,0.5790518061192447
52.0,crank_nicolson,0.5,0.7142857142857142,0.47197222119719096
52.0,crank_nicolson,0.5,0.7857142857142857,0.3557721089663515
52.0,crank_nicolson,0.5,0.8571428571428571,0.2366599719306039
52.0,crank_nicolson,0.5,0.9285714285714285,0.11750159444460097
52.0,crank_nicolson,0.5,1.0,0.03287511096596845
52.0,crank_nicolson,0.5714285714285714,0.0,0.03287511096596845
52.0,crank_nicolson,0.5714285714285714,0.07142857142857142,0.11187020020512742
52.0,crank_nicolson,0.5714285714285714,0.14285714285714285,0.22540291734783238
52.0,crank_nicolson,0.5714285714285714,0.21428571428571427,0.33891702911105664
52.0,crank_nicolson,0.5714285714285714,0.2857142857142857,0.4496373216862606
52.0,crank_nicolson,0.5714285714285714,0.3571428571428571,0.5516560840791724
52.0,crank_nicolson,0.5714285714285714,0.42857142857142855,0.6302128685051818
52.0,crank_nicolson,0.5714285714285714,0.5,0.6615083288708475
52.0,crank_nicolson,0.5714285714285714,0.5714285714285714,0.6302128685051841
52.0,crank_nicolson,0.5714285714285714,0.6428571428571428,0.551656084079177
52.0,crank_nicolson,0.5714285714285714,0.7142857142857142,0.44963732168626364
52.0,crank_nicolson,0.5714285714285714,0.7857142857142857,0.3389170291110608
52.0,crank_nicolson,0.5714285714285714,0.8571428571428571,0.22540291734783466
52.0,crank_nicolson,0.5714285714285714,0.9285714285714285,0.11187020020512795
52.0,crank_nicolson,0.5714285714285714,1.0,0.03287511096596845
52.0,crank_nicolson,0.6428571428571428,0.0,0.03287511096596845
52.0,crank_nicolson,0.6428571428571428,0.07142857142857142,0.09773009473983553
52.0,crank_nicolson,0.6428571428571428,0.14285714285714285,0.19713975986631713
52.0,crank_nicolson,0.6428571428571428,0.21428571428571427,0.2966026837125191
52.0,crank_nicolson,0.6428571428571428,0.2857142857142857,0.3935695785781768
52.0,crank_nicolson,0.6428571428571428,0.3571428571428571,0.482886800685102
52.0,crank_nicolson,0.6428571428571428,0.42857142857142855,0.5516560840791753
52.0,crank_nicolson,0.6428571428571428,0.5,0.5790518061192454
52.0,crank_nicolson,0.6428571428571428,0.5714285714285714,0.5516560840791782
52.0,crank_nicolson,0.6428571428571428,0.6428571428571428,0.48288680068510753
52.0,crank_nicolson,0.6428571428571428,0.7142857142857142,0.39356957857817987
52.0,crank_nicolson,0.6428571428571428,0.7857142857142857,0.29660268371252113
52.0,crank_nicolson,0.6428571428571428,0.8571428571428571,0.19713975986631893
52.0,crank_nicolson,0.6428571428571428,0.9285714285714285,0.09773009473983608
52.0,crank_nicolson,0.6428571428571428,1.0,0.03287511096596845
52.0,crank_nicolson,0.7142857142857142,0.0,0.03287511096596845
52.0,crank_nicolson,0.7142857142857142,0.07142857142857142,0.07934325523960853
52.0,crank_nicolson,0.7142857142857142,0.14285714285714285,0.16040108498344124
52.0,crank_nicolson,0.7142857142857142,0.21428571428571427,0.2416197087703511
52.0,crank_nicolson,0.7142857142857142,0.2857142857142857,0.32073589596644264
52.0,crank_nicolson,0.7142857142857142,0.3571428571428571,0.39356957857817704
52.0,crank_nicolson,0.7142857142857142,0.42857142857142855,0.4496373216862632
52.0,crank_nicolson,0.7142857142857142,0.5,0.47197222119719234
52.0,crank_nicolson,0.7142857142857142,0.5714285714285714,0.4496373216862662
52.0,crank_nicolson,0.7142857142857142,0.6428571428571428,0.3935695785781808
52.0,crank_nicolson,0.7142857142857142,0.7142857142857142,0.3207358959664441
52.0,crank_nicolson,0.7142857142857142,0.7857142857142857,0.2416197087703518
52.0,crank_nicolson,0.7142857142857142,0.8571428571428571,0.16040108498344188
52.0,crank_nicolson,0.7142857142857142,0.9285714285714285,0.07934325523960879
52.0,crank_nicolson,0.7142857142857142,1.0,0.03287511096596845
52.0,crank_nicolson,0.7857142857142857,0.0,0.03287511096596845
52.0,crank_nicolson,0.7857142857142857,0.07142857142857142,0.0593224560850398
52.0,crank_nicolson,0.7857142857142857,0.14285714285714285,0.12042142541767441
52.0,crank_nicolson,0.7857142857142857,0.21428571428571427,0.1818443855744032
52.0,crank_nicolson,0.7857142857142857,0.2857142857142857,0.2416197087703514
52.0,crank_nicolson,0.7857142857142857,0.3571428571428571,0.2966026837125199
52.0,crank_nicolson,0.7857142857142857,0.42857142857142855,0.338917029111059
52.0,crank_nicolson,0.7857142857142857,0.5,0.3557721089663507
52.0,crank_nicolson,0.7857142857142857,0.5714285714285714,0.33891702911106075
52.0,crank_nicolson,0.7857142857142857,0.6428571428571428,0.2966026837125218
52.0,crank_nicolson,0.7857142857142857,0.7142857142857142,0.24161970877035213
52.0,crank_nicolson,0.7857142857142857,0.7857142857142857,0.18184438557440366
52.0,crank_nicolson,0.7857142857142857,0.8571428571428571,0.12042142541767467
52.0,crank_nicolson,0.7857142857142857,0.9285714285714285,0.0593224560850399
52.0,crank_nicolson,0.7857142857142857,1.0,0.03287511096596845
52.0,crank_nicolson,0.8571428571428571,0.0,0.03287511096596845
52.0,crank_nicolson,0.8571428571428571,0.07142857142857142,0.038779187887095
52.0,crank_nicolson,0.8571428571428571,0.14285714285714285,0.07932744383562775
52.0,crank_nicolson,0.8571428571428571,0.21428571428571427,0.12042142541767425
52.0,crank_nicolson,0.8571428571428571,0.2857142857142857,0.16040108498344138
52.0,crank_nicolson,0.8571428571428571,0.3571428571428571,0.19713975986631757
52.0,crank_nicolson,0.8571428571428571,0.42857142857142855,0.22540291734783208
52.0,crank_nicolson,0.8571428571428571,0.5,0.23665997193060362
52.0,crank_nicolson,0.8571428571428571,0.5714285714285714,0.22540291734783474
52.0,crank_nicolson,0.8571428571428571,0.6428571428571428,0.19713975986631915
52.0,crank_nicolson,0.8571428571428571,0.7142857142857142,0.1604010849834419
52.0,crank_nicolson,0.8571428571428571,0.7857142857142857,0.12042142541767442
52.0,crank_nicolson,0.8571428571428571,0.8571428571428571,0.07932744383562786
52.0,crank_nicolson,0.8571428571428571,0.9285714285714285,0.03877918788709505
52.0,crank_nicolson,0.8571428571428571,1.0,0.03287511096596845
52.0,crank_nicolson,0.9285714285714285,0.0,0.03287511096596845
52.0,crank_nicolson,0.9285714285714285,0.07142857142857142,0.018842107164299845
52.0,crank_nicolson,0.9285714285714285,0.14285714285714285,0.03877918788709495
52.0,crank_nicolson,0.9285714285714285,0.21428571428571427,0.05932245608503962
52.0,crank_nicolson,0.9285714285714285,0.2857142857142857,0.07934325523960817
52.0,crank_nicolson,0.9285714285714285,0.3571428571428571,0.09773009473983567
52.0,crank_nicolson,0.9285714285714285,0.42857142857142855,0.11187020020512674
52.0,crank_nicolson,0.9285714285714285,0.5,0.11750159444460087
52.0,crank_nicolson,0.9285714285714285,0.5714285714285714,0.11187020020512793
52.0,crank_nicolson,0.9285714285714285,0.6428571428571428,0.09773009473983618
52.0,crank_nicolson,0.9285714285714285,0.7142857142857142,0.07934325523960847
52.0,crank_nicolson,0.9285714285714285,0.7857142857142857,0.05932245608503975
52.0,crank_nicolson,0.9285714285714285,0.8571428571428571,0.038779187887095
52.0,crank_nicolson,0.9285714285714285,0.9285714285714285,0.01884210716429988
52.0,crank_nicolson,0.9285714285714285,1.0,0.03287511096596845
52.0,crank_nicolson,1.0,0.0,0.03287511096596845
52.0,crank_nicolson,1.0,0.07142857142857142,0.03287511096596845
52.0,crank_nicolson,1.0,0.14285714285714285,0.03287511096596845
52.0,crank_nicolson,1.0,0.21428571428571427,0.03287511096596845
52.0,crank_nicolson,1.0,0.2857142857142857,0.03287511096596845
52.0,crank_nicolson,1.0,0.3571428571428571,0.03287511096596845
52.0,crank_nicolson,1.0,0.42857142857142855,0.03287511096596845
52.0,crank_nicolson,1.0,0.5,0.03287511096596845
52.0,crank_nicolson,1.0,0.5714285714285714,0.03287511096596845
52.0,crank_nicolson,1.0,0.6428571428571428,0.03287511096596845
52.0,crank_nicolson,1.0,0.7142857142857142,0.03287511096596845
52.0,crank_nicolson,1.0,0.7857142857142857,0.03287511096596845
52.0,crank_nicolson,1.0,0.8571428571428571,0.03287511096596845
52.0,crank_nicolson,1.0,0.9285714285714285,0.03287511096596845
52.0,crank_nicolson,1.0,1.0,0.03287511096596845
53.0,crank_nicolson,0.0,0.0,-0.05297602037670388
53.0,crank_nicolson,0.0,0.07142857142857142,-0.05297602037670388
53.0,crank_nicolson,0.0,0.14285714285714285,-0.05297602037670388
53.0,crank_nicolson,0.0,0.21428571428571427,-0.05297602037670388
53.0,crank_nicolson,0.0,0.2857142857142857,-0.05297602037670388
53.0,crank_nicolson,0.0,0.3571428571428571,-0.05297602037670388
53.0,crank_nicolson,0.0,0.42857142857142855,-0.05297602037670388
53.0,crank_nicolson,0.0,0.5,-0.05297602037670388
53.0,crank_nicolson,0.0,0.5714285714285714,-0.05297602037670388
53.0,crank_nicolson,0.0,0.6428571428571428,-0.05297602037670388
53.0,crank_nicolson,0.0,0.7142857142857142,-0.05297602037670388
53.0,crank_nicolson,0.0,0.7857142857142857,-0.05297602037670388
53.0,crank_nicolson,0.0,0.8571428571428571,-0.05297602037670388
53.0,crank_nicolson,0.0,0.9285714285714285,-0.05297602037670388
53.0,crank_nicolson,0.0,1.0,-0.05297602037670388
53.0,crank_nicolson,0.07142857142857142,0.0,-0.05297602037670388
53.0,crank_nicolson,0.07142857142857142,0.07142857142857142,0.0181608404557026
53.0,crank_nicolson,0.07142857142857142,0.14285714285714285,0.038451059430238264
53.0,crank_nicolson,0.07142857142857142,0.21428571428571427,0.058981473793733454
53.0,crank_nicolson,0.07142857142857142,0.2857142857142857,0.07898609509883545
53.0,crank_nicolson,0.07142857142857142,0.3571428571428571,0.09733666003591071
53.0,crank_nicolson,0.07142857142857142,0.42857142857142855,0.11141846087233348
53.0,crank_nicolson,0.07142857142857142,0.5,0.11701243203054493
53.0,crank_nicolson,0.07142857142857142,0.5714285714285714,0.11141846087233304
53.0,crank_nicolson,0.07142857142857142,0.6428571428571428,0.09733666003591031
53.0,crank_nicolson,0.07142857142857142,0.7142857142857142,0.0789860950988354
53.0,crank_nicolson,0.07142857142857142,0.7857142857142857,0.05898147379373345
53.0,crank_nicolson,0.07142857142857142,0.8571428571428571,0.03845105943023827
53.0,crank_nicolson,0.07142857142857142,0.9285714285714285,0.018160840455702616
53.0,crank_nicolson,0.07142857142857142,1.0,-0.05297602037670388
53.0,crank_nicolson,0.14285714285714285,0.0,-0.05297602037670388
53.0,crank_nicolson,0.14285714285714285,0.07142857142857142,0.038451059430238195
53.0,crank_nicolson,0.14285714285714285,0.14285714285714285,0.0793374398322623
53.0,crank_nicolson,0.14285714285714285,0.21428571428571427,0.12040808404926243
53.0,crank_nicolson,0.14285714285714285,0.2857142857142857,0.1603561414950875
53.0,crank_nicolson,0.14285714285714285,0.3571428571428571,0.19702162689474315
53.0,crank_nicolson,0.14285714285714285,0.42857142857142855,0.2251675628399465
53.0,crank_nicolson,0.14285714285714285,0.5,0.23634954986251852
53.0,crank_nicolson,0.14285714285714285,0.5714285714285714,0.22516756283994604
53.0,crank_nicolson,0.14285714285714285,0.6428571428571428,0.19702162689474292
53.0,crank_nicolson,0.14285714285714285,0.7142857142857142,0.16035614149508745
53.0,crank_nicolson,0.14285714285714285,0.7857142857142857,0.12040808404926243
53.0,crank_nicolson,0.14285714285714285,0.8571428571428571,0.07933743983226231
53.0,crank_nicolson,0.14285714285714285,0.9285714285714285,0.0384510594302382
53.0,crank_nicolson,0.14285714285714285,1.0,-0.05297602037670388
53.0,crank_nicolson,0.21428571428571427,0.0,-0.05297602037670388
53.0,crank_nicolson,0.21428571428571427,0.07142857142857142,0.05898147379373329
53.0,crank_nicolson,0.21428571428571427,0.14285714285714285,0.12040808404926225
53.0,crank_nicolson,0.21428571428571427,0.21428571428571427,0.1817990205418413
53.0,crank_nicolson,0.21428571428571427,0.2857142857142857,0.24152466819986876
53.0,crank_nicolson,0.21428571428571427,0.3571428571428571,0.29639432990048664
53.0,crank_nicolson,0.21428571428571427,0.42857142857142855,0.33853029894824765
53.0,crank_nicolson,0.21428571428571427,0.5,0.3552718735937145
53.0,crank_nicolson,0.21428571428571427,0.5714285714285714,0.33853029894824693
53.0,crank_nicolson,0.21428571428571427,0.6428571428571428,0.29639432990048653
53.0,crank_nicolson,0.21428571428571427,0.7142857142857142,0.24152466819986868
53.0,crank_nicolson,0.21428571428571427,0.7857142857142857,0.18179902054184136
53.0,crank_nicolson,0.21428571428571427,0.8571428571428571,0.12040808404926232
53.0,crank_nicolson,0.21428571428571427,0.9285714285714285,0.05898147379373332
53.0,crank_nicolson,0.21428571428571427,1.0,-0.05297602037670388
53.0,crank_nicolson,0.2857142857142857,0.0,-0.05297602037670388
53.0,crank_nicolson,0.2857142857142857,0.07142857142857142,0.07898609509883506
53.0,crank_nicolson,0.2857142857142857,0.14285714285714285,0.16035614149508765
53.0,crank_nicolson,0.2857142857142857,0.21428571428571427,0.24152466819986934
53.0,crank_nicolson,0.2857142857142857,0.2857142857142857,0.32056268579685265
53.0,crank_nicolson,0.2857142857142857,0.3571428571428571,0.3932339844144581
53.0,crank_nicolson,0.2857142857142857,0.42857142857142855,0.4490561137674811
53.0,crank_nicolson,0.2857142857142857,0.5,0.4712369727623276
53.0,crank_nicolson,0.2857142857142857,0.5714285714285714,0.44905611376748245
53.0,crank_nicolson,0.2857142857142857,0.6428571428571428,0.39323398441445834
53.0,crank_nicolson,0.2857142857142857,0.7142857142857142,0.32056268579685265
53.0,crank_nicolson,0.2857142857142857,0.7857142857142857,0.24152466819986937
53.0,crank_nicolson,0.2857142857142857,0.8571428571428571,0.16035614149508778
53.0,crank_nicolson,0.2857142857142857,0.9285714285714285,0.07898609509883513
53.0,crank_nicolson,0.2857142857142857,1.0,-0.05297602037670388
53.0,crank_nicolson,0.3571428571428571,0.0,-0.05297602037670388
53.0,crank_nicolson,0.3571428571428571,0.07142857142857142,0.09733666003591053
53.0,crank_nicolson,0.3571428571428571,0.14285714285714285,0.19702162689474362
53.0,crank_nicolson,0.3571428571428571,0.21428571428571427,0.296394329900488
53.0,crank_nicolson,0.3571428571428571,0.2857142857142857,0.3932339844144601
53.0,crank_nicolson,0.3571428571428571,0.3571428571428571,0.4823227579963097
53.0,crank_nicolson,0.3571428571428571,0.42857142857142855,0.5507684588919535
53.0,crank_nicolson,0.3571428571428571,0.5,0.5779664051321475
53.0,crank_nicolson,0.3571428571428571,0.5714285714285714,0.5507684588919549
53.0,crank_nicolson,0.3571428571428571,0.6428571428571428,0.4823227579963097
53.0,crank_nicolson,0.3571428571428571,0.7142857142857142,0.39323398441446045
53.0,crank_nicolson,0.3571428571428571,0.7857142857142857,0.29639432990048825
53.0,crank_nicolson,0.3571428571428571,0.8571428571428571,0.19702162689474376
53.0,crank_nicolson,0.3571428571428571,0.9285714285714285,0.09733666003591052
53.0,crank_nicolson,0.3571428571428571,1.0,-0.05297602037670388
53.0,crank_nicolson,0.42857142857142855,0.0,-0.05297602037670388
53.0,crank_nicolson,0.42857142857142855,0.07142857142857142,0.11141846087233338
53.0,crank_nicolson,0.42857142857142855,0.14285714285714285,0.22516756283994702
53.0,crank_nicolson,0.42857142857142855,0.21428571428571427,0.3385302989482503
53.0,crank_nicolson,0.42857142857142855,0.2857142857142857,0.44905611376748394
53.0,crank_nicolson,0.42857142857142855,0.3571428571428571,0.5507684588919545
53.0,crank_nicolson,0.42857142857142855,0.42857142857142855,0.6289207928627277
53.0,crank_nicolson,0.42857142857142855,0.5,0.6599765174004834
53.0,crank_nicolson,0.42857142857142855,0.5714285714285714,0.6289207928627283
53.0,crank_nicolson,0.42857142857142855,0.6428571428571428,0.5507684588919551
53.0,crank_nicolson,0.42857142857142855,0.7142857142857142,0.44905611376748517
53.0,crank_nicolson,0.42857142857142855,0.7857142857142857,0.3385302989482513
53.0,crank_nicolson,0.42857142857142855,0.8571428571428571,0.22516756283994732
53.0,crank_nicolson,0.42857142857142855,0.9285714285714285,0.11141846087233302
53.0,crank_nicolson,0.42857142857142855,1.0,-0.05297602037670388
53.0,crank_nicolson,0.5,0.0,-0.05297602037670388
53.0,crank_nicolson,0.5,0.07142857142857142,0.11701243203054501
53.0,crank_nicolson,0.5,0.14285714285714285,0.23634954986251905
53.0,crank_nicolson,0.5,0.21428571428571427,0.3552718735937154
53.0,crank_nicolson,0.5,0.2857142857142857,0.47123697276232557
53.0,crank_nicolson,0.5,0.3571428571428571,0.5779664051321468
53.0,crank_nicolson,0.5,0.42857142857142855,0.6599765174004876
53.0,crank_nicolson,0.5,0.5,0.6925654529787323
53.0,crank_nicolson,0.5,0.5714285714285714,0.6599765174004831
53.0,crank_nicolson,0.5,0.6428571428571428,0.5779664051321468
53.0,crank_nicolson,0.5,0.7142857142857142,0.4712369727623274
53.0,crank_nicolson,0.5,0.7857142857142857,0.355271873593718
53.0,crank_nicolson,0.5,0.8571428571428571,0.23634954986252002
53.0,crank_nicolson,0.5,0.9285714285714285,0.11701243203054525
53.0,crank_nicolson,0.5,1.0,-0.05297602037670388
53.0,crank_nicolson,0.5714285714285714,0.0,-0.05297602037670388
53.0,crank_nicolson,0.5714285714285714,0.07142857142857142,0.11141846087233352
53.0,crank_nicolson,0.5714285714285714,0.14285714285714285,0.22516756283994702
53.0,crank_nicolson,0.5714285714285714,0.21428571428571427,0.3385302989482461
53.0,crank_nicolson,0.5714285714285714,0.2857142857142857,0.44905611376747945
53.0,crank_nicolson,0.5714285714285714,0.3571428571428571,0.5507684588919514
53.0,crank_nicolson,0.5714285714285714,0.42857142857142855,0.6289207928627282
53.0,crank_nicolson,0.5714285714285714,0.5,0.6599765174004849
53.0,crank_nicolson,0.5714285714285714,0.5714285714285714,0.6289207928627306
53.0,crank_nicolson,0.5714285714285714,0.6428571428571428,0.5507684588919559
53.0,crank_nicolson,0.5714285714285714,0.7142857142857142,0.44905611376748267
53.0,crank_nicolson,0.5714285714285714,0.7857142857142857,0.3385302989482504
53.0,crank_nicolson,0.5714285714285714,0.8571428571428571,0.22516756283994926
53.0,crank_nicolson,0.5714285714285714,0.9285714285714285,0.11141846087233405
53.0,crank_nicolson,0.5714285714285714,1.0,-0.05297602037670388
53.0,crank_nicolson,0.6428571428571428,0.0,-0.05297602037670388
53.0,crank_nicolson,0.6428571428571428,0.07142857142857142,0.09733666003591013
53.0,crank_nicolson,0.6428571428571428,0.14285714285714285,0.19702162689474279
53.0,crank_nicolson,0.6428571428571428,0.21428571428571427,0.296394329900486
53.0,crank_nicolson,0.6428571428571428,0.2857142857142857,0.3932339844144568
53.0,crank_nicolson,0.6428571428571428,0.3571428571428571,0.48232275799630664
53.0,crank_nicolson,0.6428571428571428,0.42857142857142855,0.5507684588919539
53.0,crank_nicolson,0.6428571428571428,0.5,0.5779664051321474
53.0,crank_nicolson,0.6428571428571428,0.5714285714285714,0.5507684588919569
53.0,crank_nicolson,0.6428571428571428,0.6428571428571428,0.48232275799631236
53.0,crank_nicolson,0.6428571428571428,0.7142857142857142,0.3932339844144599
53.0,crank_nicolson,0.6428571428571428,0.7857142857142857,0.296394329900488
53.0,crank_nicolson,0.6428571428571428,0.8571428571428571,0.19702162689474462
53.0,crank_nicolson,0.6428571428571428,0.9285714285714285,0.09733666003591067
53.0,crank_nicolson,0.6428571428571428,1.0,-0.05297602037670388
53.0,crank_nicolson,0.7142857142857142,0.0,-0.05297602037670388
53.0,crank_nicolson,0.7142857142857142,0.07142857142857142,0.07898609509883538
53.0,crank_nicolson,0.7142857142857142,0.14285714285714285,0.16035614149508742
53.0,crank_nicolson,0.7142857142857142,0.21428571428571427,0.24152466819986845
53.0,crank_nicolson,0.7142857142857142,0.2857142857142857,0.3205626857968516
53.0,crank_nicolson,0.7142857142857142,0.3571428571428571,0.393233984414457
53.0,crank_nicolson,0.7142857142857142,0.42857142857142855,0.4490561137674823
53.0,crank_nicolson,0.7142857142857142,0.5,0.47123697276232895
53.0,crank_nicolson,0.7142857142857142,0.5714285714285714,0.4490561137674851
53.0,crank_nicolson,0.7142857142857142,0.6428571428571428,0.3932339844144607
53.0,crank_nicolson,0.7142857142857142,0.7142857142857142,0.32056268579685304
53.0,crank_nicolson,0.7142857142857142,0.7857142857142857,0.24152466819986917
53.0,crank_nicolson,0.7142857142857142,0.8571428571428571,0.16035614149508812
53.0,crank_nicolson,0.7142857142857142,0.9285714285714285,0.07898609509883567
53.0,crank_nicolson,0.7142857142857142,1.0,-0.05297602037670388
53.0,crank_nicolson,0.7857142857142857,0.0,-0.05297602037670388
53.0,crank_nicolson,0.7857142857142857,0.07142857142857142,0.05898147379373344
53.0,crank_nicolson,0.7857142857142857,0.14285714285714285,0.12040808404926243
53.0,crank_nicolson,0.7857142857142857,0.21428571428571427,0.18179902054184122
53.0,crank_nicolson,0.7857142857142857,0.2857142857142857,0.24152466819986879
53.0,crank_nicolson,0.7857142857142857,0.3571428571428571,0.2963943299004867
53.0,crank_nicolson,0.7857142857142857,0.42857142857142855,0.33853029894824865
53.0,crank_nicolson,0.7857142857142857,0.5,0.3552718735937172
53.0,crank_nicolson,0.7857142857142857,0.5714285714285714,0.3385302989482504
53.0,crank_nicolson,0.7857142857142857,0.6428571428571428,0.2963943299004886
53.0,crank_nicolson,0.7857142857142857,0.7142857142857142,0.24152466819986956
53.0,crank_nicolson,0.7857142857142857,0.7857142857142857,0.18179902054184172
53.0,crank_nicolson,0.7857142857142857,0.8571428571428571,0.12040808404926269
53.0,crank_nicolson,0.7857142857142857,0.9285714285714285,0.058981473793733544
53.0,crank_nicolson,0.7857142857142857,1.0,-0.05297602037670388
53.0,crank_nicolson,0.8571428571428571,0.0,-0.05297602037670388
53.0,crank_nicolson,0.8571428571428571,0.07142857142857142,0.03845105943023826
53.0,crank_nicolson,0.8571428571428571,0.14285714285714285,0.0793374398322623
53.0,crank_nicolson,0.8571428571428571,0.21428571428571427,0.12040808404926226
53.0,crank_nicolson,0.8571428571428571,0.2857142857142857,0.16035614149508753
53.0,crank_nicolson,0.8571428571428571,0.3571428571428571,0.19702162689474328
53.0,crank_nicolson,0.8571428571428571,0.42857142857142855,0.2251675628399467
53.0,crank_nicolson,0.8571428571428571,0.5,0.23634954986251974
53.0,crank_nicolson,0.8571428571428571,0.5714285714285714,0.2251675628399494
53.0,crank_nicolson,0.8571428571428571,0.6428571428571428,0.19702162689474487
53.0,crank_nicolson,0.8571428571428571,0.7142857142857142,0.16035614149508812
53.0,crank_nicolson,0.8571428571428571,0.7857142857142857,0.12040808404926244
53.0,crank_nicolson,0.8571428571428571,0.8571428571428571,0.07933743983226241
53.0,crank_nicolson,0.8571428571428571,0.9285714285714285,0.038451059430238306
53.0,crank_nicolson,0.8571428571428571,1.0,-0.05297602037670388
53.0,crank_nicolson,0.9285714285714285,0.0,-0.05297602037670388
53.0,crank_nicolson,0.9285714285714285,0.07142857142857142,0.018160840455702598
53.0,crank_nicolson,0.9285714285714285,0.14285714285714285,0.038451059430238195
53.0,crank_nicolson,0.9285714285714285,0.21428571428571427,0.05898147379373325
53.0,crank_nicolson,0.9285714285714285,0.2857142857142857,0.07898609509883503
53.0,crank_nicolson,0.9285714285714285,0.3571428571428571,0.09733666003591031
53.0,crank_nicolson,0.9285714285714285,0.42857142857142855,0.11141846087233283
53.0,crank_nicolson,0.9285714285714285,0.5,0.11701243203054515
53.0,crank_nicolson,0.9285714285714285,0.5714285714285714,0.11141846087233402
53.0,crank_nicolson,0.9285714285714285,0.6428571428571428,0.0973366600359108
53.0,crank_nicolson,0.9285714285714285,0.7142857142857142,0.07898609509883536
53.0,crank_nicolson,0.9285714285714285,0.7857142857142857,0.05898147379373339
53.0,crank_nicolson,0.9285714285714285,0.8571428571428571,0.03845105943023825
53.0,crank_nicolson,0.9285714285714285,0.9285714285714285,0.01816084045570263
53.0,crank_nicolson,0.9285714285714285,1.0,-0.05297602037670388
53.0,crank_nicolson,1.0,0.0,-0.05297602037670388
53.0,crank_nicolson,1.0,0.07142857142857142,-0.05297602037670388
53.0,crank_nicolson,1.0,0.14285714285714285,-0.05297602037670388
53.0,crank_nicolson,1.0,0.21428571428571427,-0.05297602037670388
53.0,crank_nicolson,1.0,0.2857142857142857,-0.05297602037670388
53.0,crank_nicolson,1.0,0.3571428571428571,-0.05297602037670388
53.0,crank_nicolson,1.0,0.42857142857142855,-0.05297602037670388
53.0,crank_nicolson,1.0,0.5,-0.05297602037670388
53.0,crank_nicolson,1.0,0.5714285714285714,-0.05297602037670388
53.0,crank_nicolson,1.0,0.6428571428571428,-0.05297602037670388
53.0,crank_nicolson,1.0,0.7142857142857142,-0.05297602037670388
53.0,crank_nicolson,1.0,0.7857142857142857,-0.05297602037670388
53.0,crank_nicolson,1.0,0.8571428571428571,-0.05297602037670388
53.0,crank_nicolson,1.0,0.9285714285714285,-0.05297602037670388
53.0,crank_nicolson,1.0,1.0,-0.05297602037670388
54.0,crank_nicolson,0.0,0.0,0.009707754934804039
54.0,crank_nicolson,0.0,0.07142857142857142,0.009707754934804039
54.0,crank_nicolson,0.0,0.14285714285714285,0.009707754934804039
54.0,crank_nicolson,0.0,0.21428571428571427,0.009707754934804039
54.0,crank_nicolson,0.0,0.2857142857142857,0.009707754934804039
54.0,crank_nicolson,0.0,0.3571428571428571,0.009707754934804039
54.0,crank_nicolson,0.0,0.42857142857142855,0.009707754934804039
54.0,crank_nicolson,0.0,0.5,0.009707754934804039
54.0,crank_nicolson,0.0,0.5714285714285714,0.009707754934804039
54.0,crank_nicolson,0.0,0.6428571428571428,0.009707754934804039
54.0,crank_nicolson,0.0,0.7142857142857142,0.009707754934804039
54.0,crank_nicolson,0.0,0.7857142857142857,0.009707754934804039
54.0,crank_nicolson,0.0,0.8571428571428571,0.009707754934804039
54.0,crank_nicolson,0.0,0.9285714285714285,0.009707754934804039
54.0,crank_nicolson,0.0,1.0,0.009707754934804039
54.0,crank_nicolson,0.07142857142857142,0.0,0.009707754934804039
54.0,crank_nicolson,0.07142857142857142,0.07142857142857142,0.019064771042187924
54.0,crank_nicolson,0.07142857142857142,0.14285714285714285,0.038932840090926166
54.0,crank_nicolson,0.07142857142857142,0.21428571428571427,0.05943507485540418
54.0,crank_nicolson,0.07142857142857142,0.2857142857142857,0.07940667910072764
54.0,crank_nicolson,0.07142857142857142,0.3571428571428571,0.097684603256182
54.0,crank_nicolson,0.07142857142857142,0.42857142857142855,0.11165151643752905
54.0,crank_nicolson,0.07142857142857142,0.5,0.1171727947325456
54.0,crank_nicolson,0.07142857142857142,0.5714285714285714,0.11165151643752863
54.0,crank_nicolson,0.07142857142857142,0.6428571428571428,0.09768460325618164
54.0,crank_nicolson,0.07142857142857142,0.7142857142857142,0.0794066791007276
54.0,crank_nicolson,0.07142857142857142,0.7857142857142857,0.059435074855404176
54.0,crank_nicolson,0.07142857142857142,0.8571428571428571,0.03893284009092617
54.0,crank_nicolson,0.07142857142857142,0.9285714285714285,0.01906477104218794
54.0,crank_nicolson,0.07142857142857142,1.0,0.009707754934804039
54.0,crank_nicolson,0.14285714285714285,0.0,0.009707754934804039
54.0,crank_nicolson,0.14285714285714285,0.07142857142857142,0.03893284009092611
54.0,crank_nicolson,0.14285714285714285,0.14285714285714285,0.07936274415153072
54.0,crank_nicolson,0.14285714285714285,0.21428571428571427,0.12038379004682001
54.0,crank_nicolson,0.14285714285714285,0.2857142857142857,0.1602671758641291
54.0,crank_nicolson,0.14285714285714285,0.3571428571428571,0.19678607642222595
54.0,crank_nicolson,0.14285714285714285,0.42857142857142855,0.22470098580261363
54.0,crank_nicolson,0.14285714285714285,0.5,0.23573713216073156
54.0,crank_nicolson,0.14285714285714285,0.5714285714285714,0.22470098580261313
54.0,crank_nicolson,0.14285714285714285,0.6428571428571428,0.19678607642222576
54.0,crank_nicolson,0.14285714285714285,0.7142857142857142,0.16026717586412909
54.0,crank_nicolson,0.14285714285714285,0.7857142857142857,0.12038379004682002
54.0,crank_nicolson,0.14285714285714285,0.8571428571428571,0.07936274415153073
54.0,crank_nicolson,0.14285714285714285,0.9285714285714285,0.03893284009092611
54.0,crank_nicolson,0.14285714285714285,1.0,0.009707754934804039
54.0,crank_nicolson,0.21428571428571427,0.0,0.009707754934804039
54.0,crank_nicolson,0.21428571428571427,0.07142857142857142,0.05943507485540402
54.0,crank_nicolson,0.21428571428571427,0.14285714285714285,0.12038379004681984
54.0,crank_nicolson,0.21428571428571427,0.21428571428571427,0.18170684928054748
54.0,crank_nicolson,0.21428571428571427,0.2857142857142857,0.24133084600827587
54.0,crank_nicolson,0.21428571428571427,0.3571428571428571,0.29597349512712134
54.0,crank_nicolson,0.21428571428571427,0.42857142857142855,0.33775775324712654
54.0,crank_nicolson,0.21428571428571427,0.5,0.3542787294260824
54.0,crank_nicolson,0.21428571428571427,0.5714285714285714,0.3377577532471257
54.0,crank_nicolson,0.21428571428571427,0.6428571428571428,0.2959734951271213
54.0,crank_nicolson,0.21428571428571427,0.7142857142857142,0.2413308460082758
54.0,crank_nicolson,0.21428571428571427,0.7857142857142857,0.18170684928054756
54.0,crank_nicolson,0.21428571428571427,0.8571428571428571,0.12038379004681993
54.0,crank_nicolson,0.21428571428571427,0.9285714285714285,0.05943507485540406
54.0,crank_nicolson,0.21428571428571427,1.0,0.009707754934804039
54.0,crank_nicolson,0.2857142857142857,0.0,0.009707754934804039
54.0,crank_nicolson,0.2857142857142857,0.07142857142857142,0.07940667910072724
54.0,crank_nicolson,0.2857142857142857,0.14285714285714285,0.16026717586412925
54.0,crank_nicolson,0.2857142857142857,0.21428571428571427,0.24133084600827642
54.0,crank_nicolson,0.2857142857142857,0.2857142857142857,0.3202094038072523
54.0,crank_nicolson,0.2857142857142857,0.3571428571428571,0.3925553388131292
54.0,crank_nicolson,0.2857142857142857,0.42857142857142855,0.4478929254035087
54.0,crank_nicolson,0.2857142857142857,0.5,0.4697742509616025
54.0,crank_nicolson,0.2857142857142857,0.5714285714285714,0.44789292540351006
54.0,crank_nicolson,0.2857142857142857,0.6428571428571428,0.3925553388131294
54.0,crank_nicolson,0.2857142857142857,0.7142857142857142,0.32020940380725227
54.0,crank_nicolson,0.2857142857142857,0.7857142857142857,0.2413308460082765
54.0,crank_nicolson,0.2857142857142857,0.8571428571428571,0.1602671758641294
54.0,crank_nicolson,0.2857142857142857,0.9285714285714285,0.07940667910072731
54.0,crank_nicolson,0.2857142857142857,1.0,0.009707754934804039
54.0,crank_nicolson,0.3571428571428571,0.0,0.009707754934804039
54.0,crank_nicolson,0.3571428571428571,0.07142857142857142,0.09768460325618182
54.0,crank_nicolson,0.3571428571428571,0.14285714285714285,0.1967860764222265
54.0,crank_nicolson,0.3571428571428571,0.21428571428571427,0.2959734951271226
54.0,crank_nicolson,0.3571428571428571,0.2857142857142857,0.3925553388131311
54.0,crank_nicolson,0.3571428571428571,0.3571428571428571,0.48118706333360667
54.0,crank_nicolson,0.3571428571428571,0.42857142857142855,0.548994489608521
54.0,crank_nicolson,0.3571428571428571,0.5,0.5758077687058292
54.0,crank_nicolson,0.3571428571428571,0.5714285714285714,0.5489944896085228
54.0,crank_nicolson,0.3571428571428571,0.6428571428571428,0.4811870633336066
54.0,crank_nicolson,0.3571428571428571,0.7142857142857142,0.3925553388131313
54.0,crank_nicolson,0.3571428571428571,0.7857142857142857,0.2959734951271229
54.0,crank_nicolson,0.3571428571428571,0.8571428571428571,0.19678607642222667
54.0,crank_nicolson,0.3571428571428571,0.9285714285714285,0.09768460325618182
54.0,crank_nicolson,0.3571428571428571,1.0,0.009707754934804039
54.0,crank_nicolson,0.42857142857142855,0.0,0.009707754934804039
54.0,crank_nicolson,0.42857142857142855,0.07142857142857142,0.111651516437529
54.0,crank_nicolson,0.42857142857142855,0.14285714285714285,0.2247009858026142
54.0,crank_nicolson,0.42857142857142855,0.21428571428571427,0.33775775324712937
54.0,crank_nicolson,0.42857142857142855,0.2857142857142857,0.4478929254035118
54.0,crank_nicolson,0.42857142857142855,0.3571428571428571,0.5489944896085226
54.0,crank_nicolson,0.42857142857142855,0.42857142857142855,0.6263502025882236
54.0,crank_nicolson,0.42857142857142855,0.5,0.6569399293516386
54.0,crank_nicolson,0.42857142857142855,0.5714285714285714,0.6263502025882238
54.0,crank_nicolson,0.42857142857142855,0.6428571428571428,0.5489944896085228
54.0,crank_nicolson,0.42857142857142855,0.7142857142857142,0.4478929254035128
54.0,crank_nicolson,0.42857142857142855,0.7857142857142857,0.3377577532471303
54.0,crank_nicolson,0.42857142857142855,0.8571428571428571,0.22470098580261455
54.0,crank_nicolson,0.42857142857142855,0.9285714285714285,0.11165151643752864
54.0,crank_nicolson,0.42857142857142855,1.0,0.009707754934804039
54.0,crank_nicolson,0.5,0.0,0.009707754934804039
54.0,crank_nicolson,0.5,0.07142857142857142,0.11717279473254572
54.0,crank_nicolson,0.5,0.14285714285714285,0.23573713216073205
54.0,crank_nicolson,0.5,0.21428571428571427,0.35427872942608346
54.0,crank_nicolson,0.5,0.2857142857142857,0.4697742509616005
54.0,crank_nicolson,0.5,0.3571428571428571,0.5758077687058287
54.0,crank_nicolson,0.5,0.42857142857142855,0.656939929351643
54.0,crank_nicolson,0.5,0.5,0.6890232687798322
54.0,crank_nicolson,0.5,0.5714285714285714,0.6569399293516385
54.0,crank_nicolson,0.5,0.6428571428571428,0.5758077687058287
54.0,crank_nicolson,0.5,0.7142857142857142,0.4697742509616025
54.0,crank_nicolson,0.5,0.7857142857142857,0.35427872942608607
54.0,crank_nicolson,0.5,0.8571428571428571,0.23573713216073305
54.0,crank_nicolson,0.5,0.9285714285714285,0.11717279473254597
54.0,crank_nicolson,0.5,1.0,0.009707754934804039
54.0,crank_nicolson,0.5714285714285714,0.0,0.009707754934804039
54.0,crank_nicolson,0.5714285714285714,0.07142857142857142,0.11165151643752914
54.0,crank_nicolson,0.5714285714285714,0.14285714285714285,0.22470098580261416
54.0,crank_nicolson,0.5714285714285714,0.21428571428571427,0.3377577532471248
54.0,crank_nicolson,0.5714285714285714,0.2857142857142857,0.44789292540350717
54.0,crank_nicolson,0.5714285714285714,0.3571428571428571,0.5489944896085194
54.0,crank_nicolson,0.5714285714285714,0.42857142857142855,0.6263502025882238
54.0,crank_nicolson,0.5714285714285714,0.5,0.6569399293516404
54.0,crank_nicolson,0.5714285714285714,0.5714285714285714,0.6263502025882263
54.0,crank_nicolson,0.5714285714285714,0.6428571428571428,0.548994489608524
54.0,crank_nicolson,0.5714285714285714,0.7142857142857142,0.4478929254035102
54.0,crank_nicolson,0.5714285714285714,0.7857142857142857,0.33775775324712937
54.0,crank_nicolson,0.5714285714285714,0.8571428571428571,0.22470098580261647
54.0,crank_nicolson,0.5714285714285714,0.9285714285714285,0.11165151643752967
54.0,crank_nicolson,0.5714285714285714,1.0,0.009707754934804039
54.0,crank_nicolson,0.6428571428571428,0.0,0.009707754934804039
54.0,crank_nicolson,0.6428571428571428,0.07142857142857142,0.09768460325618146
54.0,crank_nicolson,0.6428571428571428,0.14285714285714285,0.1967860764222257
54.0,crank_nicolson,0.6428571428571428,0.21428571428571427,0.29597349512712057
54.0,crank_nicolson,0.6428571428571428,0.2857142857142857,0.3925553388131278
54.0,crank_nicolson,0.6428571428571428,0.3571428571428571,0.48118706333360334
54.0,crank_nicolson,0.6428571428571428,0.42857142857142855,0.5489944896085218
54.0,crank_nicolson,0.6428571428571428,0.5,0.5758077687058292
54.0,crank_nicolson,0.6428571428571428,0.5714285714285714,0.5489944896085249
54.0,crank_nicolson,0.6428571428571428,0.6428571428571428,0.48118706333360933
54.0,crank_nicolson,0.6428571428571428,0.7142857142857142,0.3925553388131308
54.0,crank_nicolson,0.6428571428571428,0.7857142857142857,0.2959734951271226
54.0,crank_nicolson,0.6428571428571428,0.8571428571428571,0.19678607642222742
54.0,crank_nicolson,0.6428571428571428,0.9285714285714285,0.09768460325618196
54.0,crank_nicolson,0.6428571428571428,1.0,0.009707754934804039
54.0,crank_nicolson,0.7142857142857142,0.0,0.009707754934804039
54.0,crank_nicolson,0.7142857142857142,0.07142857142857142,0.07940667910072757
54.0,crank_nicolson,0.7142857142857142,0.14285714285714285,0.16026717586412906
54.0,crank_nicolson,0.7142857142857142,0.21428571428571427,0.24133084600827553
54.0,crank_nicolson,0.7142857142857142,0.2857142857142857,0.3202094038072512
54.0,crank_nicolson,0.7142857142857142,0.3571428571428571,0.39255533881312793
54.0,crank_nicolson,0.7142857142857142,0.42857142857142855,0.4478929254035099
54.0,crank_nicolson,0.7142857142857142,0.5,0.46977425096160413
54.0,crank_nicolson,0.7142857142857142,0.5714285714285714,0.44789292540351283
54.0,crank_nicolson,0.7142857142857142,0.6428571428571428,0.3925553388131317
54.0,crank_nicolson,0.7142857142857142,0.7142857142857142,0.3202094038072527
54.0,crank_nicolson,0.7142857142857142,0.7857142857142857,0.2413308460082763
54.0,crank_nicolson,0.7142857142857142,0.8571428571428571,0.16026717586412972
54.0,crank_nicolson,0.7142857142857142,0.9285714285714285,0.0794066791007279
54.0,crank_nicolson,0.7142857142857142,1.0,0.009707754934804039
54.0,crank_nicolson,0.7857142857142857,0.0,0.009707754934804039
54.0,crank_nicolson,0.7857142857142857,0.07142857142857142,0.059435074855404176
54.0,crank_nicolson,0.7857142857142857,0.14285714285714285,0.12038379004682002
54.0,crank_nicolson,0.7857142857142857,0.21428571428571427,0.18170684928054742
54.0,crank_nicolson,0.7857142857142857,0.2857142857142857,0.24133084600827584
54.0,crank_nicolson,0.7857142857142857,0.3571428571428571,0.29597349512712134
54.0,crank_nicolson,0.7857142857142857,0.42857142857142855,0.3377577532471274
54.0,crank_nicolson,0.7857142857142857,0.5,0.3542787294260853
54.0,crank_nicolson,0.7857142857142857,0.5714285714285714,0.33775775324712937
54.0,crank_nicolson,0.7857142857142857,0.6428571428571428,0.2959734951271233
54.0,crank_nicolson,0.7857142857142857,0.7142857142857142,0.24133084600827664
54.0,crank_nicolson,0.7857142857142857,0.7857142857142857,0.1817068492805479
54.0,crank_nicolson,0.7857142857142857,0.8571428571428571,0.12038379004682033
54.0,crank_nicolson,0.7857142857142857,0.9285714285714285,0.0594350748554043
54.0,crank_nicolson,0.7857142857142857,1.0,0.009707754934804039
54.0,crank_nicolson,0.8571428571428571,0.0,0.009707754934804039
54.0,crank_nicolson,0.8571428571428571,0.07142857142857142,0.03893284009092616
54.0,crank_nicolson,0.8571428571428571,0.14285714285714285,0.07936274415153072
54.0,crank_nicolson,0.8571428571428571,0.21428571428571427,0.12038379004681986
54.0,crank_nicolson,0.8571428571428571,0.2857142857142857,0.1602671758641291
54.0,crank_nicolson,0.8571428571428571,0.3571428571428571,0.19678607642222623
54.0,crank_nicolson,0.8571428571428571,0.42857142857142855,0.22470098580261388
54.0,crank_nicolson,0.8571428571428571,0.5,0.2357371321607328
54.0,crank_nicolson,0.8571428571428571,0.5714285714285714,0.22470098580261652
54.0,crank_nicolson,0.8571428571428571,0.6428571428571428,0.19678607642222778
54.0,crank_nicolson,0.8571428571428571,0.7142857142857142,0.1602671758641297
54.0,crank_nicolson,0.8571428571428571,0.7857142857142857,0.12038379004682007
54.0,crank_nicolson,0.8571428571428571,0.8571428571428571,0.0793627441515308
54.0,crank_nicolson,0.8571428571428571,0.9285714285714285,0.038932840090926214
54.0,crank_nicolson,0.8571428571428571,1.0,0.009707754934804039
54.0,crank_nicolson,0.9285714285714285,0.0,0.009707754934804039
54.0,crank_nicolson,0.9285714285714285,0.07142857142857142,0.01906477104218792
54.0,crank_nicolson,0.9285714285714285,0.14285714285714285,0.0389328400909261
54.0,crank_nicolson,0.9285714285714285,0.21428571428571427,0.05943507485540399
54.0,crank_nicolson,0.9285714285714285,0.2857142857142857,0.0794066791007272
54.0,crank_nicolson,0.9285714285714285,0.3571428571428571,0.09768460325618157
54.0,crank_nicolson,0.9285714285714285,0.42857142857142855,0.11165151643752844
54.0,crank_nicolson,0.9285714285714285,0.5,0.11717279473254584
54.0,crank_nicolson,0.9285714285714285,0.5714285714285714,0.11165151643752963
54.0,crank_nicolson,0.9285714285714285,0.6428571428571428,0.09768460325618208
54.0,crank_nicolson,0.9285714285714285,0.7142857142857142,0.07940667910072753
54.0,crank_nicolson,0.9285714285714285,0.7857142857142857,0.05943507485540413
54.0,crank_nicolson,0.9285714285714285,0.8571428571428571,0.03893284009092616
54.0,crank_nicolson,0.9285714285714285,0.9285714285714285,0.019064771042187952
54.0,crank_nicolson,0.9285714285714285,1.0,0.009707754934804039
54.0,crank_nicolson,1.0,0.0,0.009707754934804039
54.0,crank_nicolson,1.0,0.07142857142857142,0.009707754934804039
54.0,crank_nicolson,1.0,0.14285714285714285,0.009707754934804039
54.0,crank_nicolson,1.0,0.21428571428571427,0.009707754934804039
54.0,crank_nicolson,1.0,0.2857142857142857,0.009707754934804039
54.0,crank_nicolson,1.0,0.3571428571428571,0.009707754934804039
54.0,crank_nicolson,1.0,0.42857142857142855,0.009707754934804039
54.0,crank_nicolson,1.0,0.5,0.009707754934804039
54.0,crank_nicolson,1.0,0.5714285714285714,0.009707754934804039
54.0,crank_nicolson,1.0,0.6428571428571428,0.009707754934804039
54.0,crank_nicolson,1.0,0.7142857142857142,0.009707754934804039
54.0,crank_nicolson,1.0,0.7857142857142857,0.009707754934804039
54.0,crank_nicolson,1.0,0.8571428571428571,0.009707754934804039
54.0,crank_nicolson,1.0,0.9285714285714285,0.009707754934804039
54.0,crank_nicolson,1.0,1.0,0.009707754934804039
55.0,crank_nicolson,0.0,0.0,-0.07020530938773524
55.0,crank_nicolson,0.0,0.07142857142857142,-0.07020530938773524
55.0,crank_nicolson,0.0,0.14285714285714285,-0.07020530938773524
55.0,crank_nicolson,0.0,0.21428571428571427,-0.07020530938773524
55.0,crank_nicolson,0.0,0.2857142857142857,-0.07020530938773524
55.0,crank_nicolson,0.0,0.3571428571428571,-0.07020530938773524
55.0,crank_nicolson,0.0,0.42857142857142855,-0.07020530938773524
55.0,crank_nicolson,0.0,0.5,-0.07020530938773524
55.0,crank_nicolson,0.0,0.5714285714285714,-0.07020530938773524
55.0,crank_nicolson,0.0,0.6428571428571428,-0.07020530938773524
55.0,crank_nicolson,0.0,0.7142857142857142,-0.07020530938773524
55.0,crank_nicolson,0.0,0.7857142857142857,-0.07020530938773524
55.0,crank_nicolson,0.0,0.8571428571428571,-0.07020530938773524
55.0,crank_nicolson,0.0,0.9285714285714285,-0.07020530938773524
55.0,crank_nicolson,0.0,1.0,-0.07020530938773524
55.0,crank_nicolson,0.07142857142857142,0.0,-0.07020530938773524
55.0,crank_nicolson,0.07142857142857142,0.07142857142857142,0.019413829322183215
55.0,crank_nicolson,0.07142857142857142,0.14285714285714285,0.039161434441804345
55.0,crank_nicolson,0.07142857142857142,0.21428571428571427,0.059623580100504565
55.0,crank_nicolson,0.07142857142857142,0.2857142857142857,0.07956109991275642
55.0,crank_nicolson,0.07142857142857142,0.3571428571428571,0.09776629464596828
55.0,crank_nicolson,0.07142857142857142,0.42857142857142855,0.11162057253651034
55.0,crank_nicolson,0.07142857142857142,0.5,0.11707188924177236
55.0,crank_nicolson,0.07142857142857142,0.5714285714285714,0.1116205725365099
55.0,crank_nicolson,0.07142857142857142,0.6428571428571428,0.09776629464596796
55.0,crank_nicolson,0.07142857142857142,0.7142857142857142,0.07956109991275637
55.0,crank_nicolson,0.07142857142857142,0.7857142857142857,0.05962358010050455
55.0,crank_nicolson,0.07142857142857142,0.8571428571428571,0.03916143444180435
55.0,crank_nicolson,0.07142857142857142,0.9285714285714285,0.019413829322183225
55.0,crank_nicolson,0.07142857142857142,1.0,-0.07020530938773524
55.0,crank_nicolson,0.14285714285714285,0.0,-0.07020530938773524
55.0,crank_nicolson,0.14285714285714285,0.07142857142857142,0.03916143444180428
55.0,crank_nicolson,0.14285714285714285,0.14285714285714285,0.079413988314978
55.0,crank_nicolson,0.14285714285714285,0.21428571428571427,0.12037230356427349
55.0,crank_nicolson,0.14285714285714285,0.2857142857142857,0.16018890091273447
55.0,crank_nicolson,0.14285714285714285,0.3571428571428571,0.19656100745073551
55.0,crank_nicolson,0.14285714285714285,0.42857142857142855,0.22424935950975705
55.0,crank_nicolson,0.14285714285714285,0.5,0.23514511187749731
55.0,crank_nicolson,0.14285714285714285,0.5714285714285714,0.22424935950975658
55.0,crank_nicolson,0.14285714285714285,0.6428571428571428,0.19656100745073532
55.0,crank_nicolson,0.14285714285714285,0.7142857142857142,0.16018890091273438
55.0,crank_nicolson,0.14285714285714285,0.7857142857142857,0.12037230356427352
55.0,crank_nicolson,0.14285714285714285,0.8571428571428571,0.07941398831497803
55.0,crank_nicolson,0.14285714285714285,0.9285714285714285,0.03916143444180428
55.0,crank_nicolson,0.14285714285714285,1.0,-0.07020530938773524
55.0,crank_nicolson,0.21428571428571427,0.0,-0.07020530938773524
55.0,crank_nicolson,0.21428571428571427,0.07142857142857142,0.059623580100504406
55.0,crank_nicolson,0.21428571428571427,0.14285714285714285,0.1203723035642733
55.0,crank_nicolson,0.21428571428571427,0.21428571428571427,0.181613161785012
55.0,crank_nicolson,0.21428571428571427,0.2857142857142857,0.2411323000863916
55.0,crank_nicolson,0.21428571428571427,0.3571428571428571,0.2955475224657663
55.0,crank_nicolson,0.21428571428571427,0.42857142857142855,0.3369866683506564
55.0,crank_nicolson,0.21428571428571427,0.5,0.35329517826170287
55.0,crank_nicolson,0.21428571428571427,0.5714285714285714,0.3369866683506555
55.0,crank_nicolson,0.21428571428571427,0.6428571428571428,0.2955475224657662
55.0,crank_nicolson,0.21428571428571427,0.7142857142857142,0.24113230008639155
55.0,crank_nicolson,0.21428571428571427,0.7857142857142857,0.1816131617850121
55.0,crank_nicolson,0.21428571428571427,0.8571428571428571,0.12037230356427338
55.0,crank_nicolson,0.21428571428571427,0.9285714285714285,0.059623580100504434
55.0,crank_nicolson,0.21428571428571427,1.0,-0.07020530938773524
55.0,crank_nicolson,0.2857142857142857,0.0,-0.07020530938773524
55.0,crank_nicolson,0.2857142857142857,0.07142857142857142,0.07956109991275603
55.0,crank_nicolson,0.2857142857142857,0.14285714285714285,0.1601889009127345
55.0,crank_nicolson,0.2857142857142857,0.21428571428571427,0.24113230008639208
55.0,crank_nicolson,0.2857142857142857,0.2857142857142857,0.3198471328360902
55.0,crank_nicolson,0.2857142857142857,0.3571428571428571,0.39186706777222563
55.0,crank_nicolson,0.2857142857142857,0.42857142857142855,0.44672887554542856
55.0,crank_nicolson,0.2857142857142857,0.5,0.4683215126776518
55.0,crank_nicolson,0.2857142857142857,0.5714285714285714,0.4467288755454296
55.0,crank_nicolson,0.2857142857142857,0.6428571428571428,0.39186706777222596
55.0,crank_nicolson,0.2857142857142857,0.7142857142857142,0.3198471328360902
55.0,crank_nicolson,0.2857142857142857,0.7857142857142857,0.24113230008639222
55.0,crank_nicolson,0.2857142857142857,0.8571428571428571,0.1601889009127346
55.0,crank_nicolson,0.2857142857142857,0.9285714285714285,0.07956109991275612
55.0,crank_nicolson,0.2857142857142857,1.0,-0.07020530938773524
55.0,crank_nicolson,0.3571428571428571,0.0,-0.07020530938773524
55.0,crank_nicolson,0.3571428571428571,0.07142857142857142,0.09776629464596817
55.0,crank_nicolson,0.3571428571428571,0.14285714285714285,0.196561007450736
55.0,crank_nicolson,0.3571428571428571,0.21428571428571427,0.2955475224657677
55.0,crank_nicolson,0.3571428571428571,0.2857142857142857,0.3918670677722276
55.0,crank_nicolson,0.3571428571428571,0.3571428571428571,0.48004176310504953
55.0,crank_nicolson,0.3571428571428571,0.42857142857142855,0.5472225876432792
55.0,crank_nicolson,0.3571428571428571,0.5,0.5736650204178068
55.0,crank_nicolson,0.3571428571428571,0.5714285714285714,0.5472225876432812
55.0,crank_nicolson,0.3571428571428571,0.6428571428571428,0.48004176310504965
55.0,crank_nicolson,0.3571428571428571,0.7142857142857142,0.39186706777222785
55.0,crank_nicolson,0.3571428571428571,0.7857142857142857,0.29554752246576793
55.0,crank_nicolson,0.3571428571428571,0.8571428571428571,0.19656100745073618
55.0,crank_nicolson,0.3571428571428571,0.9285714285714285,0.09776629464596813
55.0,crank_nicolson,0.3571428571428571,1.0,-0.07020530938773524
55.0,crank_nicolson,0.42857142857142855,0.0,-0.07020530938773524
55.0,crank_nicolson,0.42857142857142855,0.07142857142857142,0.11162057253651028
55.0,crank_nicolson,0.42857142857142855,0.14285714285714285,0.22424935950975766
55.0,crank_nicolson,0.42857142857142855,0.21428571428571427,0.336986668350659
55.0,crank_nicolson,0.42857142857142855,0.2857142857142857,0.44672887554543134
55.0,crank_nicolson,0.42857142857142855,0.3571428571428571,0.5472225876432808
55.0,crank_nicolson,0.42857142857142855,0.42857142857142855,0.6237977521896627
55.0,crank_nicolson,0.42857142857142855,0.5,0.6539385884885586
55.0,crank_nicolson,0.42857142857142855,0.5714285714285714,0.6237977521896633
55.0,crank_nicolson,0.42857142857142855,0.6428571428571428,0.5472225876432814
55.0,crank_nicolson,0.42857142857142855,0.7142857142857142,0.44672887554543256
55.0,crank_nicolson,0.42857142857142855,0.7857142857142857,0.33698666835065993
55.0,crank_nicolson,0.42857142857142855,0.8571428571428571,0.22424935950975802
55.0,crank_nicolson,0.42857142857142855,0.9285714285714285,0.11162057253650993
55.0,crank_nicolson,0.42857142857142855,1.0,-0.07020530938773524
55.0,crank_nicolson,0.5,0.0,-0.07020530938773524
55.0,crank_nicolson,0.5,0.07142857142857142,0.11707188924177249
55.0,crank_nicolson,0.5,0.14285714285714285,0.23514511187749793
55.0,crank_nicolson,0.5,0.21428571428571427,0.35329517826170387
55.0,crank_nicolson,0.5,0.2857142857142857,0.46832151267764976
55.0,crank_nicolson,0.5,0.3571428571428571,0.5736650204178063
55.0,crank_nicolson,0.5,0.42857142857142855,0.6539385884885628
55.0,crank_nicolson,0.5,0.5,0.6855354177451568
55.0,crank_nicolson,0.5,0.5714285714285714,0.6539385884885581
55.0,crank_nicolson,0.5,0.6428571428571428,0.573665020417806
55.0,crank_nicolson,0.5,0.7142857142857142,0.4683215126776516
55.0,crank_nicolson,0.5,0.7857142857142857,0.3532951782617064
55.0,crank_nicolson,0.5,0.8571428571428571,0.2351451118774989
55.0,crank_nicolson,0.5,0.9285714285714285,0.11707188924177271
55.0,crank_nicolson,0.5,1.0,-0.07020530938773524
55.0,crank_nicolson,0.5714285714285714,0.0,-0.07020530938773524
55.0,crank_nicolson,0.5714285714285714,0.07142857142857142,0.11162057253651038
55.0,crank_nicolson,0.5714285714285714,0.14285714285714285,0.2242493595097577
55.0,crank_nicolson,0.5714285714285714,0.21428571428571427,0.3369866683506544
55.0,crank_nicolson,0.5714285714285714,0.2857142857142857,0.44672887554542684
55.0,crank_nicolson,0.5714285714285714,0.3571428571428571,0.5472225876432779
55.0,crank_nicolson,0.5714285714285714,0.42857142857142855,0.6237977521896633
55.0,crank_nicolson,0.5714285714285714,0.5,0.6539385884885601
55.0,crank_nicolson,0.5714285714285714,0.5714285714285714,0.6237977521896652
55.0,crank_nicolson,0.5714285714285714,0.6428571428571428,0.5472225876432826
55.0,crank_nicolson,0.5714285714285714,0.7142857142857142,0.44672887554543
55.0,crank_nicolson,0.5714285714285714,0.7857142857142857,0.3369866683506591
55.0,crank_nicolson,0.5714285714285714,0.8571428571428571,0.22424935950975994
55.0,crank_nicolson,0.5714285714285714,0.9285714285714285,0.11162057253651093
55.0,crank_nicolson,0.5714285714285714,1.0,-0.07020530938773524
55.0,crank_nicolson,0.6428571428571428,0.0,-0.07020530938773524
55.0,crank_nicolson,0.6428571428571428,0.07142857142857142,0.0977662946459678
55.0,crank_nicolson,0.6428571428571428,0.14285714285714285,0.19656100745073532
55.0,crank_nicolson,0.6428571428571428,0.21428571428571427,0.2955475224657654
55.0,crank_nicolson,0.6428571428571428,0.2857142857142857,0.3918670677722241
55.0,crank_nicolson,0.6428571428571428,0.3571428571428571,0.4800417631050464
55.0,crank_nicolson,0.6428571428571428,0.42857142857142855,0.5472225876432799
55.0,crank_nicolson,0.6428571428571428,0.5,0.5736650204178068
55.0,crank_nicolson,0.6428571428571428,0.5714285714285714,0.5472225876432835
55.0,crank_nicolson,0.6428571428571428,0.6428571428571428,0.4800417631050526
55.0,crank_nicolson,0.6428571428571428,0.7142857142857142,0.39186706777222735
55.0,crank_nicolson,0.6428571428571428,0.7857142857142857,0.29554752246576754
55.0,crank_nicolson,0.6428571428571428,0.8571428571428571,0.196561007450737
55.0,crank_nicolson,0.6428571428571428,0.9285714285714285,0.09776629464596831
55.0,crank_nicolson,0.6428571428571428,1.0,-0.07020530938773524
55.0,crank_nicolson,0.7142857142857142,0.0,-0.07020530938773524
55.0,crank_nicolson,0.7142857142857142,0.07142857142857142,0.07956109991275634
55.0,crank_nicolson,0.7142857142857142,0.14285714285714285,0.16018890091273436
55.0,crank_nicolson,0.7142857142857142,0.21428571428571427,0.24113230008639128
55.0,crank_nicolson,0.7142857142857142,0.2857142857142857,0.3198471328360891
55.0,crank_nicolson,0.7142857142857142,0.3571428571428571,0.39186706777222446
55.0,crank_nicolson,0.7142857142857142,0.42857142857142855,0.44672887554542956
55.0,crank_nicolson,0.7142857142857142,0.5,0.46832151267765326
55.0,crank_nicolson,0.7142857142857142,0.5714285714285714,0.4467288755454326
55.0,crank_nicolson,0.7142857142857142,0.6428571428571428,0.3918670677722282
55.0,crank_nicolson,0.7142857142857142,0.7142857142857142,0.3198471328360906
55.0,crank_nicolson,0.7142857142857142,0.7857142857142857,0.2411323000863921
55.0,crank_nicolson,0.7142857142857142,0.8571428571428571,0.1601889009127351
55.0,crank_nicolson,0.7142857142857142,0.9285714285714285,0.0795610999127567
55.0,crank_nicolson,0.7142857142857142,1.0,-0.07020530938773524
55.0,crank_nicolson,0.7857142857142857,0.0,-0.07020530938773524
55.0,crank_nicolson,0.7857142857142857,0.07142857142857142,0.05962358010050455
55.0,crank_nicolson,0.7857142857142857,0.14285714285714285,0.1203723035642735
55.0,crank_nicolson,0.7857142857142857,0.21428571428571427,0.18161316178501188
55.0,crank_nicolson,0.7857142857142857,0.2857142857142857,0.2411323000863915
55.0,crank_nicolson,0.7857142857142857,0.3571428571428571,0.2955475224657663
55.0,crank_nicolson,0.7857142857142857,0.42857142857142855,0.3369866683506571
55.0,crank_nicolson,0.7857142857142857,0.5,0.3532951782617058
55.0,crank_nicolson,0.7857142857142857,0.5714285714285714,0.33698666835065916
55.0,crank_nicolson,0.7857142857142857,0.6428571428571428,0.2955475224657684
55.0,crank_nicolson,0.7857142857142857,0.7142857142857142,0.2411323000863924
55.0,crank_nicolson,0.7857142857142857,0.7857142857142857,0.18161316178501233
55.0,crank_nicolson,0.7857142857142857,0.8571428571428571,0.12037230356427384
55.0,crank_nicolson,0.7857142857142857,0.9285714285714285,0.0596235801005047
55.0,crank_nicolson,0.7857142857142857,1.0,-0.07020530938773524
55.0,crank_nicolson,0.8571428571428571,0.0,-0.07020530938773524
55.0,crank_nicolson,0.8571428571428571,0.07142857142857142,0.03916143444180434
55.0,crank_nicolson,0.8571428571428571,0.14285714285714285,0.07941398831497802
55.0,crank_nicolson,0.8571428571428571,0.21428571428571427,0.12037230356427331
55.0,crank_nicolson,0.8571428571428571,0.2857142857142857,0.16018890091273436
55.0,crank_nicolson,0.8571428571428571,0.3571428571428571,0.19656100745073568
55.0,crank_nicolson,0.8571428571428571,0.42857142857142855,0.22424935950975736
55.0,crank_nicolson,0.8571428571428571,0.5,0.2351451118774986
55.0,crank_nicolson,0.8571428571428571,0.5714285714285714,0.22424935950975997
55.0,crank_nicolson,0.8571428571428571,0.6428571428571428,0.1965610074507373
55.0,crank_nicolson,0.8571428571428571,0.7142857142857142,0.16018890091273502
55.0,crank_nicolson,0.8571428571428571,0.7857142857142857,0.12037230356427354
55.0,crank_nicolson,0.8571428571428571,0.8571428571428571,0.07941398831497812
55.0,crank_nicolson,0.8571428571428571,0.9285714285714285,0.03916143444180439
55.0,crank_nicolson,0.8571428571428571,1.0,-0.07020530938773524
55.0,crank_nicolson,0.9285714285714285,0.0,-0.07020530938773524
55.0,crank_nicolson,0.9285714285714285,0.07142857142857142,0.01941382932218321
55.0,crank_nicolson,0.9285714285714285,0.14285714285714285,0.03916143444180428
55.0,crank_nicolson,0.9285714285714285,0.21428571428571427,0.05962358010050438
55.0,crank_nicolson,0.9285714285714285,0.2857142857142857,0.07956109991275598
55.0,crank_nicolson,0.9285714285714285,0.3571428571428571,0.09776629464596785
55.0,crank_nicolson,0.9285714285714285,0.42857142857142855,0.11162057253650973
55.0,crank_nicolson,0.9285714285714285,0.5,0.1170718892417726
55.0,crank_nicolson,0.9285714285714285,0.5714285714285714,0.1116205725365109
55.0,crank_nicolson,0.9285714285714285,0.6428571428571428,0.09776629464596842
55.0,crank_nicolson,0.9285714285714285,0.7142857142857142,0.07956109991275633
55.0,crank_nicolson,0.9285714285714285,0.7857142857142857,0.059623580100504524
55.0,crank_nicolson,0.9285714285714285,0.8571428571428571,0.03916143444180434
55.0,crank_nicolson,0.9285714285714285,0.9285714285714285,0.01941382932218324
55.0,crank_nicolson,0.9285714285714285,1.0,-0.07020530938773524
55.0,crank_nicolson,1.0,0.0,-0.07020530938773524
55.0,crank_nicolson,1.0,0.07142857142857142,-0.07020530938773524
55.0,crank_nicolson,1.0,0.14285714285714285,-0.07020530938773524
55.0,crank_nicolson,1.0,0.21428571428571427,-0.07020530938773524
55.0,crank_nicolson,1.0,0.2857142857142857,-0.07020530938773524
55.0,crank_nicolson,1.0,0.3571428571428571,-0.07020530938773524
55.0,crank_nicolson,1.0,0.42857142857142855,-0.07020530938773524
55.0,crank_nicolson,1.0,0.5,-0.07020530938773524
55.0,crank_nicolson,1.0,0.5714285714285714,-0.07020530938773524
55.0,crank_nicolson,1.0,0.6428571428571428,-0.07020530938773524
55.0,crank_nicolson,1.0,0.7142857142857142,-0.07020530938773524
55.0,crank_nicolson,1.0,0.7857142857142857,-0.07020530938773524
55.0,crank_nicolson,1.0,0.8571428571428571,-0.07020530938773524
55.0,crank_nicolson,1.0,0.9285714285714285,-0.07020530938773524
55.0,crank_nicolson,1.0,1.0,-0.07020530938773524
56.0,crank_nicolson,0.0,0.0,-0.032766214659776825
56.0,crank_nicolson,0.0,0.07142857142857142,-0.032766214659776825
56.0,crank_nicolson,0.0,0.14285714285714285,-0.032766214659776825
56.0,crank_nicolson,0.0,0.21428571428571427,-0.032766214659776825
56.0,crank_nicolson,0.0,0.2857142857142857,-0.032766214659776825
56.0,crank_nicolson,0.0,0.3571428571428571,-0.032766214659776825
56.0,crank_nicolson,0.0,0.42857142857142855,-0.032766214659776825
56.0,crank_nicolson,0.0,0.5,-0.032766214659776825
56.0,crank_nicolson,0.0,0.5714285714285714,-0.032766214659776825
56.0,crank_nicolson,0.0,0.6428571428571428,-0.032766214659776825
56.0,crank_nicolson,0.0,0.7142857142857142,-0.032766214659776825
56.0,crank_nicolson,0.0,0.7857142857142857,-0.032766214659776825
56.0,crank_nicolson,0.0,0.8571428571428571,-0.032766214659776825
56.0,crank_nicolson,0.0,0.9285714285714285,-0.032766214659776825
56.0,crank_nicolson,0.0,1.0,-0.032766214659776825
56.0,crank_nicolson,0.07142857142857142,0.0,-0.032766214659776825
56.0,crank_nicolson,0.07142857142857142,0.07142857142857142,0.01898336254296348
56.0,crank_nicolson,0.07142857142857142,0.14285714285714285,0.03896295821066536
56.0,crank_nicolson,0.07142857142857142,0.21428571428571427,0.05941029375251149
56.0,crank_nicolson,0.07142857142857142,0.2857142857142857,0.07933036901357073
56.0,crank_nicolson,0.07142857142857142,0.3571428571428571,0.09749917650751352
56.0,crank_nicolson,0.07142857142857142,0.42857142857142855,0.11129796508260854
56.0,crank_nicolson,0.07142857142857142,0.5,0.1167152756103357
56.0,crank_nicolson,0.07142857142857142,0.5714285714285714,0.1112979650826081
56.0,crank_nicolson,0.07142857142857142,0.6428571428571428,0.09749917650751322
56.0,crank_nicolson,0.07142857142857142,0.7142857142857142,0.07933036901357066
56.0,crank_nicolson,0.07142857142857142,0.7857142857142857,0.059410293752511466
56.0,crank_nicolson,0.07142857142857142,0.8571428571428571,0.038962958210665366
56.0,crank_nicolson,0.07142857142857142,0.9285714285714285,0.01898336254296349
56.0,crank_nicolson,0.07142857142857142,1.0,-0.032766214659776825
56.0,crank_nicolson,0.14285714285714285,0.0,-0.032766214659776825
56.0,crank_nicolson,0.14285714285714285,0.07142857142857142,0.0389629582106653
56.0,crank_nicolson,0.14285714285714285,0.14285714285714285,0.07943001509252799
56.0,crank_nicolson,0.14285714285714285,0.21428571428571427,0.1203617170052066
56.0,crank_nicolson,0.14285714285714285,0.2857142857142857,0.1601441288488855
56.0,crank_nicolson,0.14285714285714285,0.3571428571428571,0.19644278191162495
56.0,crank_nicolson,0.14285714285714285,0.42857142857142855,0.22401949874439314
56.0,crank_nicolson,0.14285714285714285,0.5,0.23484699752019858
56.0,crank_nicolson,0.14285714285714285,0.5714285714285714,0.22401949874439267
56.0,crank_nicolson,0.14285714285714285,0.6428571428571428,0.19644278191162484
56.0,crank_nicolson,0.14285714285714285,0.7142857142857142,0.1601441288488854
56.0,crank_nicolson,0.14285714285714285,0.7857142857142857,0.12036171700520665
56.0,crank_nicolson,0.14285714285714285,0.8571428571428571,0.079430015092528
56.0,crank_nicolson,0.14285714285714285,0.9285714285714285,0.0389629582106653
56.0,crank_nicolson,0.14285714285714285,1.0,-0.032766214659776825
56.0,crank_nicolson,0.21428571428571427,0.0,-0.032766214659776825
56.0,crank_nicolson,0.21428571428571427,0.07142857142857142,0.05941029375251131
56.0,crank_nicolson,0.21428571428571427,0.14285714285714285,0.1203617170052064
56.0,crank_nicolson,0.21428571428571427,0.21428571428571427,0.18156577917374278
56.0,crank_nicolson,0.21428571428571427,0.2857142857142857,0.24103129536390105
56.0,crank_nicolson,0.21428571428571427,0.3571428571428571,0.2953326837477244
56.0,crank_nicolson,0.21428571428571427,0.42857142857142855,0.33660170126974454
56.0,crank_nicolson,0.21428571428571427,0.5,0.3528068796613653
56.0,crank_nicolson,0.21428571428571427,0.5714285714285714,0.33660170126974354
56.0,crank_nicolson,0.21428571428571427,0.6428571428571428,0.29533268374772426
56.0,crank_nicolson,0.21428571428571427,0.7142857142857142,0.241031295363901
56.0,crank_nicolson,0.21428571428571427,0.7857142857142857,0.18156577917374292
56.0,crank_nicolson,0.21428571428571427,0.8571428571428571,0.12036171700520648
56.0,crank_nicolson,0.21428571428571427,0.9285714285714285,0.05941029375251134
56.0,crank_nicolson,0.21428571428571427,1.0,-0.032766214659776825
56.0,crank_nicolson,0.2857142857142857,0.0,-0.032766214659776825
56.0,crank_nicolson,0.2857142857142857,0.07142857142857142,0.07933036901357032
56.0,crank_nicolson,0.2857142857142857,0.14285714285714285,0.16014412884888551
56.0,crank_nicolson,0.2857142857142857,0.21428571428571427,0.24103129536390153
56.0,crank_nicolson,0.2857142857142857,0.2857142857142857,0.31966268978031115
56.0,crank_nicolson,0.2857142857142857,0.3571428571428571,0.3915194412042424
56.0,crank_nicolson,0.2857142857142857,0.42857142857142855,0.44614658944975544
56.0,crank_nicolson,0.2857142857142857,0.5,0.4675987535354901
56.0,crank_nicolson,0.2857142857142857,0.5714285714285714,0.4461465894497565
56.0,crank_nicolson,0.2857142857142857,0.6428571428571428,0.3915194412042427
56.0,crank_nicolson,0.2857142857142857,0.7142857142857142,0.31966268978031115
56.0,crank_nicolson,0.2857142857142857,0.7857142857142857,0.24103129536390167
56.0,crank_nicolson,0.2857142857142857,0.8571428571428571,0.16014412884888563
56.0,crank_nicolson,0.2857142857142857,0.9285714285714285,0.07933036901357042
56.0,crank_nicolson,0.2857142857142857,1.0,-0.032766214659776825
56.0,crank_nicolson,0.3571428571428571,0.0,-0.032766214659776825
56.0,crank_nicolson,0.3571428571428571,0.07142857142857142,0.09749917650751341
56.0,crank_nicolson,0.3571428571428571,0.14285714285714285,0.19644278191162548
56.0,crank_nicolson,0.3571428571428571,0.21428571428571427,0.29533268374772575
56.0,crank_nicolson,0.3571428571428571,0.2857142857142857,0.39151944120424437
56.0,crank_nicolson,0.3571428571428571,0.3571428571428571,0.47946570733111565
56.0,crank_nicolson,0.3571428571428571,0.42857142857142855,0.5463375391012585
56.0,crank_nicolson,0.3571428571428571,0.5,0.5725994860506042
56.0,crank_nicolson,0.3571428571428571,0.5714285714285714,0.5463375391012602
56.0,crank_nicolson,0.3571428571428571,0.6428571428571428,0.4794657073311156
56.0,crank_nicolson,0.3571428571428571,0.7142857142857142,0.3915194412042447
56.0,crank_nicolson,0.3571428571428571,0.7857142857142857,0.2953326837477261
56.0,crank_nicolson,0.3571428571428571,0.8571428571428571,0.1964427819116257
56.0,crank_nicolson,0.3571428571428571,0.9285714285714285,0.0974991765075134
56.0,crank_nicolson,0.3571428571428571,1.0,-0.032766214659776825
56.0,crank_nicolson,0.42857142857142855,0.0,-0.032766214659776825
56.0,crank_nicolson,0.42857142857142855,0.07142857142857142,0.11129796508260846
56.0,crank_nicolson,0.42857142857142855,0.14285714285714285,0.22401949874439372
56.0,crank_nicolson,0.42857142857142855,0.21428571428571427,0.336601701269747
56.0,crank_nicolson,0.42857142857142855,0.2857142857142857,0.4461465894497582
56.0,crank_nicolson,0.42857142857142855,0.3571428571428571,0.5463375391012599
56.0,crank_nicolson,0.42857142857142855,0.42857142857142855,0.6225283431812988
56.0,crank_nicolson,0.42857142857142855,0.5,0.6524508450656035
56.0,crank_nicolson,0.42857142857142855,0.5714285714285714,0.6225283431812992
56.0,crank_nicolson,0.42857142857142855,0.6428571428571428,0.5463375391012606
56.0,crank_nicolson,0.42857142857142855,0.7142857142857142,0.44614658944975943
56.0,crank_nicolson,0.42857142857142855,0.7857142857142857,0.3366017012697479
56.0,crank_nicolson,0.42857142857142855,0.8571428571428571,0.2240194987443941
56.0,crank_nicolson,0.42857142857142855,0.9285714285714285,0.11129796508260811
56.0,crank_nicolson,0.42857142857142855,1.0,-0.032766214659776825
56.0,crank_nicolson,0.5,0.0,-0.032766214659776825
56.0,crank_nicolson,0.5,0.07142857142857142,0.11671527561033583
56.0,crank_nicolson,0.5,0.14285714285714285,0.23484699752019922
56.0,crank_nicolson,0.5,0.21428571428571427,0.35280687966136637
56.0,crank_nicolson,0.5,0.2857142857142857,0.46759875353548797
56.0,crank_nicolson,0.5,0.3571428571428571,0.5725994860506036
56.0,crank_nicolson,0.5,0.42857142857142855,0.6524508450656077
56.0,crank_nicolson,0.5,0.5,0.6838112282117335
56.0,crank_nicolson,0.5,0.5714285714285714,0.6524508450656029
56.0,crank_nicolson,0.5,0.6428571428571428,0.5725994860506036
56.0,crank_nicolson,0.5,0.7142857142857142,0.46759875353548974
56.0,crank_nicolson,0.5,0.7857142857142857,0.3528068796613688
56.0,crank_nicolson,0.5,0.8571428571428571,0.23484699752020025
56.0,crank_nicolson,0.5,0.9285714285714285,0.11671527561033607
56.0,crank_nicolson,0.5,1.0,-0.032766214659776825
56.0,crank_nicolson,0.5714285714285714,0.0,-0.032766214659776825
56.0,crank_nicolson,0.5714285714285714,0.07142857142857142,0.1112979650826086
56.0,crank_nicolson,0.5714285714285714,0.14285714285714285,0.22401949874439375
56.0,crank_nicolson,0.5714285714285714,0.21428571428571427,0.33660170126974237
56.0,crank_nicolson,0.5714285714285714,0.2857142857142857,0.4461465894497538
56.0,crank_nicolson,0.5714285714285714,0.3571428571428571,0.5463375391012574
56.0,crank_nicolson,0.5714285714285714,0.42857142857142855,0.6225283431812993
56.0,crank_nicolson,0.5714285714285714,0.5,0.6524508450656048
56.0,crank_nicolson,0.5714285714285714,0.5714285714285714,0.6225283431813013
56.0,crank_nicolson,0.5714285714285714,0.6428571428571428,0.5463375391012617
56.0,crank_nicolson,0.5714285714285714,0.7142857142857142,0.4461465894497569
56.0,crank_nicolson,0.5714285714285714,0.7857142857142857,0.33660170126974714
56.0,crank_nicolson,0.5714285714285714,0.8571428571428571,0.22401949874439606
56.0,crank_nicolson,0.5714285714285714,0.9285714285714285,0.11129796508260914
56.0,crank_nicolson,0.5714285714285714,1.0,-0.032766214659776825
56.0,crank_nicolson,0.6428571428571428,0.0,-0.032766214659776825
56.0,crank_nicolson,0.6428571428571428,0.07142857142857142,0.09749917650751305
56.0,crank_nicolson,0.6428571428571428,0.14285714285714285,0.19644278191162481
56.0,crank_nicolson,0.6428571428571428,0.21428571428571427,0.2953326837477235
56.0,crank_nicolson,0.6428571428571428,0.2857142857142857,0.39151944120424076
56.0,crank_nicolson,0.6428571428571428,0.3571428571428571,0.4794657073311125
56.0,crank_nicolson,0.6428571428571428,0.42857142857142855,0.546337539101259
56.0,crank_nicolson,0.6428571428571428,0.5,0.5725994860506043
56.0,crank_nicolson,0.6428571428571428,0.5714285714285714,0.5463375391012628
56.0,crank_nicolson,0.6428571428571428,0.6428571428571428,0.4794657073311186
56.0,crank_nicolson,0.6428571428571428,0.7142857142857142,0.3915194412042442
56.0,crank_nicolson,0.6428571428571428,0.7857142857142857,0.2953326837477257
56.0,crank_nicolson,0.6428571428571428,0.8571428571428571,0.19644278191162656
56.0,crank_nicolson,0.6428571428571428,0.9285714285714285,0.09749917650751358
56.0,crank_nicolson,0.6428571428571428,1.0,-0.032766214659776825
56.0,crank_nicolson,0.7142857142857142,0.0,-0.032766214659776825
56.0,crank_nicolson,0.7142857142857142,0.07142857142857142,0.07933036901357063
56.0,crank_nicolson,0.7142857142857142,0.14285714285714285,0.16014412884888538
56.0,crank_nicolson,0.7142857142857142,0.21428571428571427,0.24103129536390072
56.0,crank_nicolson,0.7142857142857142,0.2857142857142857,0.31966268978031004
56.0,crank_nicolson,0.7142857142857142,0.3571428571428571,0.3915194412042412
56.0,crank_nicolson,0.7142857142857142,0.42857142857142855,0.4461465894497565
56.0,crank_nicolson,0.7142857142857142,0.5,0.4675987535354914
56.0,crank_nicolson,0.7142857142857142,0.5714285714285714,0.4461465894497595
56.0,crank_nicolson,0.7142857142857142,0.6428571428571428,0.39151944120424487
56.0,crank_nicolson,0.7142857142857142,0.7142857142857142,0.3196626897803117
56.0,crank_nicolson,0.7142857142857142,0.7857142857142857,0.24103129536390158
56.0,crank_nicolson,0.7142857142857142,0.8571428571428571,0.16014412884888612
56.0,crank_nicolson,0.7142857142857142,0.9285714285714285,0.07933036901357102
56.0,crank_nicolson,0.7142857142857142,1.0,-0.032766214659776825
56.0,crank_nicolson,0.7857142857142857,0.0,-0.032766214659776825
56.0,crank_nicolson,0.7857142857142857,0.07142857142857142,0.059410293752511466
56.0,crank_nicolson,0.7857142857142857,0.14285714285714285,0.12036171700520663
56.0,crank_nicolson,0.7857142857142857,0.21428571428571427,0.1815657791737427
56.0,crank_nicolson,0.7857142857142857,0.2857142857142857,0.24103129536390097
56.0,crank_nicolson,0.7857142857142857,0.3571428571428571,0.29533268374772437
56.0,crank_nicolson,0.7857142857142857,0.42857142857142855,0.3366017012697451
56.0,crank_nicolson,0.7857142857142857,0.5,0.35280687966136814
56.0,crank_nicolson,0.7857142857142857,0.5714285714285714,0.3366017012697472
56.0,crank_nicolson,0.7857142857142857,0.6428571428571428,0.2953326837477265
56.0,crank_nicolson,0.7857142857142857,0.7142857142857142,0.2410312953639019
56.0,crank_nicolson,0.7857142857142857,0.7857142857142857,0.18156577917374314
56.0,crank_nicolson,0.7857142857142857,0.8571428571428571,0.12036171700520695
56.0,crank_nicolson,0.7857142857142857,0.9285714285714285,0.05941029375251162
56.0,crank_nicolson,0.7857142857142857,1.0,-0.032766214659776825
56.0,crank_nicolson,0.8571428571428571,0.0,-0.032766214659776825
56.0,crank_nicolson,0.8571428571428571,0.07142857142857142,0.03896295821066535
56.0,crank_nicolson,0.8571428571428571,0.14285714285714285,0.079430015092528
56.0,crank_nicolson,0.8571428571428571,0.21428571428571427,0.12036171700520641
56.0,crank_nicolson,0.8571428571428571,0.2857142857142857,0.1601441288488854
56.0,crank_nicolson,0.8571428571428571,0.3571428571428571,0.19644278191162517
56.0,crank_nicolson,0.8571428571428571,0.42857142857142855,0.22401949874439345
56.0,crank_nicolson,0.8571428571428571,0.5,0.23484699752019988
56.0,crank_nicolson,0.8571428571428571,0.5714285714285714,0.22401949874439608
56.0,crank_nicolson,0.8571428571428571,0.6428571428571428,0.19644278191162678
56.0,crank_nicolson,0.8571428571428571,0.7142857142857142,0.1601441288488861
56.0,crank_nicolson,0.8571428571428571,0.7857142857142857,0.12036171700520666
56.0,crank_nicolson,0.8571428571428571,0.8571428571428571,0.07943001509252812
56.0,crank_nicolson,0.8571428571428571,0.9285714285714285,0.0389629582106654
56.0,crank_nicolson,0.8571428571428571,1.0,-0.032766214659776825
56.0,crank_nicolson,0.9285714285714285,0.0,-0.032766214659776825
56.0,crank_nicolson,0.9285714285714285,0.07142857142857142,0.018983362542963476
56.0,crank_nicolson,0.9285714285714285,0.14285714285714285,0.0389629582106653
56.0,crank_nicolson,0.9285714285714285,0.21428571428571427,0.05941029375251129
56.0,crank_nicolson,0.9285714285714285,0.2857142857142857,0.07933036901357028
56.0,crank_nicolson,0.9285714285714285,0.3571428571428571,0.0974991765075131
56.0,crank_nicolson,0.9285714285714285,0.42857142857142855,0.1112979650826079
56.0,crank_nicolson,0.9285714285714285,0.5,0.11671527561033596
56.0,crank_nicolson,0.9285714285714285,0.5714285714285714,0.11129796508260911
56.0,crank_nicolson,0.9285714285714285,0.6428571428571428,0.09749917650751369
56.0,crank_nicolson,0.9285714285714285,0.7142857142857142,0.0793303690135706
56.0,crank_nicolson,0.9285714285714285,0.7857142857142857,0.05941029375251144
56.0,crank_nicolson,0.9285714285714285,0.8571428571428571,0.03896295821066535
56.0,crank_nicolson,0.9285714285714285,0.9285714285714285,0.018983362542963504
56.0,crank_nicolson,0.9285714285714285,1.0,-0.032766214659776825
56.0,crank_nicolson,1.0,0.0,-0.032766214659776825
56.0,crank_nicolson,1.0,0.07142857142857142,-0.032766214659776825
56.0,crank_nicolson,1.0,0.14285714285714285,-0.032766214659776825
56.0,crank_nicolson,1.0,0.21428571428571427,-0.032766214659776825
56.0,crank_nicolson,1.0,0.2857142857142857,-0.032766214659776825
56.0,crank_nicolson,1.0,0.3571428571428571,-0.032766214659776825
56.0,crank_nicolson,1.0,0.42857142857142855,-0.032766214659776825
56.0,crank_nicolson,1.0,0.5,-0.032766214659776825
56.0,crank_nicolson,1.0,0.5714285714285714,-0.032766214659776825
56.0,crank_nicolson,1.0,0.6428571428571428,-0.032766214659776825
56.0,crank_nicolson,1.0,0.7142857142857142,-0.032766214659776825
56.0,crank_nicolson,1.0,0.7857142857142857,-0.032766214659776825
56.0,crank_nicolson,1.0,0.8571428571428571,-0.032766214659776825
56.0,crank_nicolson,1.0,0.9285714285714285,-0.032766214659776825
56.0,crank_nicolson,1.0,1.0,-0.032766214659776825
57.0,crank_nicolson,0.0,0.0,-0.14635149481321186
57.0,crank_nicolson,0.0,0.07142857142857142,-0.14635149481321186
57.0,crank_nicolson,0.0,0.14285714285714285,-0.14635149481321186
57.0,crank_nicolson,0.0,0.21428571428571427,-0.14635149481321186
57.0,crank_nicolson,0.0,0.2857142857142857,-0.14635149481321186
57.0,crank_nicolson,0.0,0.3571428571428571,-0.14635149481321186
57.0,crank_nicolson,0.0,0.42857142857142855,-0.14635149481321186
57.0,crank_nicolson,0.0,0.5,-0.14635149481321186
57.0,crank_nicolson,0.0,0.5714285714285714,-0.14635149481321186
57.0,crank_nicolson,0.0,0.6428571428571428,-0.14635149481321186
57.0,crank_nicolson,0.0,0.7142857142857142,-0.14635149481321186
57.0,crank_nicolson,0.0,0.7857142857142857,-0.14635149481321186
57.0,crank_nicolson,0.0,0.8571428571428571,-0.14635149481321186
57.0,crank_nicolson,0.0,0.9285714285714285,-0.14635149481321186
57.0,crank_nicolson,0.0,1.0,-0.14635149481321186
57.0,crank_nicolson,0.07142857142857142,0.0,-0.14635149481321186
57.0,crank_nicolson,0.07142857142857142,0.07142857142857142,0.01656739493413893
57.0,crank_nicolson,0.07142857142857142,0.14285714285714285,0.03775759035443749
57.0,crank_nicolson,0.07142857142857142,0.21428571428571427,0.05819048234355825
57.0,crank_nicolson,0.07142857142857142,0.2857142857142857,0.07807518793536596
57.0,crank_nicolson,0.07142857142857142,0.3571428571428571,0.09617119946732963
57.0,crank_nicolson,0.07142857142857142,0.42857142857142855,0.1098606332541709
57.0,crank_nicolson,0.07142857142857142,0.5,0.11521178757975589
57.0,crank_nicolson,0.07142857142857142,0.5714285714285714,0.10986063325417045
57.0,crank_nicolson,0.07142857142857142,0.6428571428571428,0.09617119946732934
57.0,crank_nicolson,0.07142857142857142,0.7142857142857142,0.07807518793536587
57.0,crank_nicolson,0.07142857142857142,0.7857142857142857,0.05819048234355824
57.0,crank_nicolson,0.07142857142857142,0.8571428571428571,0.037757590354437494
57.0,crank_nicolson,0.07142857142857142,0.9285714285714285,0.01656739493413894
57.0,crank_nicolson,0.07142857142857142,1.0,-0.14635149481321186
57.0,crank_nicolson,0.14285714285714285,0.0,-0.14635149481321186
57.0,crank_nicolson,0.14285714285714285,0.07142857142857142,0.03775759035443743
57.0,crank_nicolson,0.14285714285714285,0.14285714285714285,0.0794309710619966
57.0,crank_nicolson,0.14285714285714285,0.21428571428571427,0.12032457742921657
57.0,crank_nicolson,0.14285714285714285,0.2857142857142857,0.16003738350737343
57.0,crank_nicolson,0.14285714285714285,0.3571428571428571,0.1961890613939262
57.0,crank_nicolson,0.14285714285714285,0.42857142857142855,0.22354572924736116
57.0,crank_nicolson,0.14285714285714285,0.5,0.2342404217298013
57.0,crank_nicolson,0.14285714285714285,0.5714285714285714,0.22354572924736063
57.0,crank_nicolson,0.14285714285714285,0.6428571428571428,0.19618906139392608
57.0,crank_nicolson,0.14285714285714285,0.7142857142857142,0.16003738350737337
57.0,crank_nicolson,0.14285714285714285,0.7857142857142857,0.12032457742921661
57.0,crank_nicolson,0.14285714285714285,0.8571428571428571,0.07943097106199662
57.0,crank_nicolson,0.14285714285714285,0.9285714285714285,0.03775759035443743
57.0,crank_nicolson,0.14285714285714285,1.0,-0.14635149481321186
57.0,crank_nicolson,0.21428571428571427,0.0,-0.14635149481321186
57.0,crank_nicolson,0.21428571428571427,0.07142857142857142,0.05819048234355808
57.0,crank_nicolson,0.21428571428571427,0.14285714285714285,0.12032457742921635
57.0,crank_nicolson,0.21428571428571427,0.21428571428571427,0.18146930409031217
57.0,crank_nicolson,0.21428571428571427,0.2857142857142857,0.2408255531257831
57.0,crank_nicolson,0.21428571428571427,0.3571428571428571,0.294899101160687
57.0,crank_nicolson,0.21428571428571427,0.42857142857142855,0.33583262342710596
57.0,crank_nicolson,0.21428571428571427,0.5,0.3518366645183408
57.0,crank_nicolson,0.21428571428571427,0.5714285714285714,0.3358326234271049
57.0,crank_nicolson,0.21428571428571427,0.6428571428571428,0.29489910116068685
57.0,crank_nicolson,0.21428571428571427,0.7142857142857142,0.240825553125783
57.0,crank_nicolson,0.21428571428571427,0.7857142857142857,0.1814693040903123
57.0,crank_nicolson,0.21428571428571427,0.8571428571428571,0.12032457742921641
57.0,crank_nicolson,0.21428571428571427,0.9285714285714285,0.05819048234355809
57.0,crank_nicolson,0.21428571428571427,1.0,-0.14635149481321186
57.0,crank_nicolson,0.2857142857142857,0.0,-0.14635149481321186
57.0,crank_nicolson,0.2857142857142857,0.07142857142857142,0.07807518793536551
57.0,crank_nicolson,0.2857142857142857,0.14285714285714285,0.16003738350737348
57.0,crank_nicolson,0.2857142857142857,0.21428571428571427,0.24082555312578366
57.0,crank_nicolson,0.2857142857142857,0.2857142857142857,0.31928730961308527
57.0,crank_nicolson,0.2857142857142857,0.3571428571428571,0.3908174349588627
57.0,crank_nicolson,0.2857142857142857,0.42857142857142855,0.4449816095380635
57.0,crank_nicolson,0.2857142857142857,0.5,0.4661602028938477
57.0,crank_nicolson,0.2857142857142857,0.5714285714285714,0.4449816095380644
57.0,crank_nicolson,0.2857142857142857,0.6428571428571428,0.39081743495886295
57.0,crank_nicolson,0.2857142857142857,0.7142857142857142,0.3192873096130852
57.0,crank_nicolson,0.2857142857142857,0.7857142857142857,0.24082555312578371
57.0,crank_nicolson,0.2857142857142857,0.8571428571428571,0.16003738350737365
57.0,crank_nicolson,0.2857142857142857,0.9285714285714285,0.07807518793536562
57.0,crank_nicolson,0.2857142857142857,1.0,-0.14635149481321186
57.0,crank_nicolson,0.3571428571428571,0.0,-0.14635149481321186
57.0,crank_nicolson,0.3571428571428571,0.07142857142857142,0.0961711994673296
57.0,crank_nicolson,0.3571428571428571,0.14285714285714285,0.19618906139392678
57.0,crank_nicolson,0.3571428571428571,0.21428571428571427,0.29489910116068846
57.0,crank_nicolson,0.3571428571428571,0.2857142857142857,0.3908174349588646
57.0,crank_nicolson,0.3571428571428571,0.3571428571428571,0.4783071633131989
57.0,crank_nicolson,0.3571428571428571,0.42857142857142855,0.5445694847503388
57.0,crank_nicolson,0.3571428571428571,0.5,0.5704798742272162
57.0,crank_nicolson,0.3571428571428571,0.5714285714285714,0.5445694847503408
57.0,crank_nicolson,0.3571428571428571,0.6428571428571428,0.4783071633131987
57.0,crank_nicolson,0.3571428571428571,0.7142857142857142,0.39081743495886506
57.0,crank_nicolson,0.3571428571428571,0.7857142857142857,0.29489910116068874
57.0,crank_nicolson,0.3571428571428571,0.8571428571428571,0.19618906139392708
57.0,crank_nicolson,0.3571428571428571,0.9285714285714285,0.09617119946732952
57.0,crank_nicolson,0.3571428571428571,1.0,-0.14635149481321186
57.0,crank_nicolson,0.42857142857142855,0.0,-0.14635149481321186
57.0,crank_nicolson,0.42857142857142855,0.07142857142857142,0.10986063325417086
57.0,crank_nicolson,0.42857142857142855,0.14285714285714285,0.22354572924736174
57.0,crank_nicolson,0.42857142857142855,0.21428571428571427,0.33583262342710846
57.0,crank_nicolson,0.42857142857142855,0.2857142857142857,0.4449816095380662
57.0,crank_nicolson,0.42857142857142855,0.3571428571428571,0.5445694847503404
57.0,crank_nicolson,0.42857142857142855,0.42857142857142855,0.6200031676236262
57.0,crank_nicolson,0.42857142857142855,0.5,0.6495006511783351
57.0,crank_nicolson,0.42857142857142855,0.5714285714285714,0.6200031676236265
57.0,crank_nicolson,0.42857142857142855,0.6428571428571428,0.5445694847503413
57.0,crank_nicolson,0.42857142857142855,0.7142857142857142,0.44498160953806754
57.0,crank_nicolson,0.42857142857142855,0.7857142857142857,0.3358326234271095
57.0,crank_nicolson,0.42857142857142855,0.8571428571428571,0.22354572924736213
57.0,crank_nicolson,0.42857142857142855,0.9285714285714285,0.10986063325417049
57.0,crank_nicolson,0.42857142857142855,1.0,-0.14635149481321186
57.0,crank_nicolson,0.5,0.0,-0.14635149481321186
57.0,crank_nicolson,0.5,0.07142857142857142,0.11521178757975603
57.0,crank_nicolson,0.5,0.14285714285714285,0.23424042172980197
57.0,crank_nicolson,0.5,0.21428571428571427,0.3518366645183418
57.0,crank_nicolson,0.5,0.2857142857142857,0.4661602028938454
57.0,crank_nicolson,0.5,0.3571428571428571,0.570479874227216
57.0,crank_nicolson,0.5,0.42857142857142855,0.6495006511783392
57.0,crank_nicolson,0.5,0.5,0.6804011078899018
57.0,crank_nicolson,0.5,0.5714285714285714,0.6495006511783348
57.0,crank_nicolson,0.5,0.6428571428571428,0.570479874227216
57.0,crank_nicolson,0.5,0.7142857142857142,0.4661602028938474
57.0,crank_nicolson,0.5,0.7857142857142857,0.3518366645183441
57.0,crank_nicolson,0.5,0.8571428571428571,0.23424042172980306
57.0,crank_nicolson,0.5,0.9285714285714285,0.11521178757975628
57.0,crank_nicolson,0.5,1.0,-0.14635149481321186
57.0,crank_nicolson,0.5714285714285714,0.0,-0.14635149481321186
57.0,crank_nicolson,0.5714285714285714,0.07142857142857142,0.10986063325417095
57.0,crank_nicolson,0.5714285714285714,0.14285714285714285,0.22354572924736166
57.0,crank_nicolson,0.5714285714285714,0.21428571428571427,0.33583262342710385
57.0,crank_nicolson,0.5714285714285714,0.2857142857142857,0.4449816095380618
57.0,crank_nicolson,0.5714285714285714,0.3571428571428571,0.5445694847503377
57.0,crank_nicolson,0.5714285714285714,0.42857142857142855,0.6200031676236264
57.0,crank_nicolson,0.5714285714285714,0.5,0.6495006511783362
57.0,crank_nicolson,0.5714285714285714,0.5714285714285714,0.6200031676236287
57.0,crank_nicolson,0.5714285714285714,0.6428571428571428,0.544569484750342
57.0,crank_nicolson,0.5714285714285714,0.7142857142857142,0.44498160953806504
57.0,crank_nicolson,0.5714285714285714,0.7857142857142857,0.33583262342710873
57.0,crank_nicolson,0.5714285714285714,0.8571428571428571,0.22354572924736413
57.0,crank_nicolson,0.5714285714285714,0.9285714285714285,0.10986063325417152
57.0,crank_nicolson,0.5714285714285714,1.0,-0.14635149481321186
57.0,crank_nicolson,0.6428571428571428,0.0,-0.14635149481321186
57.0,crank_nicolson,0.6428571428571428,0.07142857142857142,0.09617119946732915
57.0,crank_nicolson,0.6428571428571428,0.14285714285714285,0.19618906139392597
57.0,crank_nicolson,0.6428571428571428,0.21428571428571427,0.2948991011606861
57.0,crank_nicolson,0.6428571428571428,0.2857142857142857,0.390817434958861
57.0,crank_nicolson,0.6428571428571428,0.3571428571428571,0.47830716331319567
57.0,crank_nicolson,0.6428571428571428,0.42857142857142855,0.5445694847503395
57.0,crank_nicolson,0.6428571428571428,0.5,0.5704798742272167
57.0,crank_nicolson,0.6428571428571428,0.5714285714285714,0.5445694847503432
57.0,crank_nicolson,0.6428571428571428,0.6428571428571428,0.47830716331320183
57.0,crank_nicolson,0.6428571428571428,0.7142857142857142,0.39081743495886445
57.0,crank_nicolson,0.6428571428571428,0.7857142857142857,0.2948991011606883
57.0,crank_nicolson,0.6428571428571428,0.8571428571428571,0.1961890613939278
57.0,crank_nicolson,0.6428571428571428,0.9285714285714285,0.0961711994673297
57.0,crank_nicolson,0.6428571428571428,1.0,-0.14635149481321186
57.0,crank_nicolson,0.7142857142857142,0.0,-0.14635149481321186
57.0,crank_nicolson,0.7142857142857142,0.07142857142857142,0.07807518793536582
57.0,crank_nicolson,0.7142857142857142,0.14285714285714285,0.1600373835073733
57.0,crank_nicolson,0.7142857142857142,0.21428571428571427,0.24082555312578263
57.0,crank_nicolson,0.7142857142857142,0.2857142857142857,0.31928730961308405
57.0,crank_nicolson,0.7142857142857142,0.3571428571428571,0.3908174349588613
57.0,crank_nicolson,0.7142857142857142,0.42857142857142855,0.44498160953806437
57.0,crank_nicolson,0.7142857142857142,0.5,0.46616020289384885
57.0,crank_nicolson,0.7142857142857142,0.5714285714285714,0.44498160953806765
57.0,crank_nicolson,0.7142857142857142,0.6428571428571428,0.3908174349588652
57.0,crank_nicolson,0.7142857142857142,0.7142857142857142,0.31928730961308577
57.0,crank_nicolson,0.7142857142857142,0.7857142857142857,0.24082555312578355
57.0,crank_nicolson,0.7142857142857142,0.8571428571428571,0.16003738350737412
57.0,crank_nicolson,0.7142857142857142,0.9285714285714285,0.07807518793536619
57.0,crank_nicolson,0.7142857142857142,1.0,-0.14635149481321186
57.0,crank_nicolson,0.7857142857142857,0.0,-0.14635149481321186
57.0,crank_nicolson,0.7857142857142857,0.07142857142857142,0.05819048234355824
57.0,crank_nicolson,0.7857142857142857,0.14285714285714285,0.1203245774292166
57.0,crank_nicolson,0.7857142857142857,0.21428571428571427,0.18146930409031212
57.0,crank_nicolson,0.7857142857142857,0.2857142857142857,0.24082555312578305
57.0,crank_nicolson,0.7857142857142857,0.3571428571428571,0.29489910116068696
57.0,crank_nicolson,0.7857142857142857,0.42857142857142855,0.3358326234271067
57.0,crank_nicolson,0.7857142857142857,0.5,0.3518366645183432
57.0,crank_nicolson,0.7857142857142857,0.5714285714285714,0.33583262342710885
57.0,crank_nicolson,0.7857142857142857,0.6428571428571428,0.29489910116068907
57.0,crank_nicolson,0.7857142857142857,0.7142857142857142,0.24082555312578396
57.0,crank_nicolson,0.7857142857142857,0.7857142857142857,0.1814693040903125
57.0,crank_nicolson,0.7857142857142857,0.8571428571428571,0.12032457742921689
57.0,crank_nicolson,0.7857142857142857,0.9285714285714285,0.05819048234355839
57.0,crank_nicolson,0.7857142857142857,1.0,-0.14635149481321186
57.0,crank_nicolson,0.8571428571428571,0.0,-0.14635149481321186
57.0,crank_nicolson,0.8571428571428571,0.07142857142857142,0.03775759035443748
57.0,crank_nicolson,0.8571428571428571,0.14285714285714285,0.07943097106199662
57.0,crank_nicolson,0.8571428571428571,0.21428571428571427,0.12032457742921636
57.0,crank_nicolson,0.8571428571428571,0.2857142857142857,0.16003738350737334
57.0,crank_nicolson,0.8571428571428571,0.3571428571428571,0.19618906139392644
57.0,crank_nicolson,0.8571428571428571,0.42857142857142855,0.22354572924736146
57.0,crank_nicolson,0.8571428571428571,0.5,0.2342404217298027
57.0,crank_nicolson,0.8571428571428571,0.5714285714285714,0.22354572924736418
57.0,crank_nicolson,0.8571428571428571,0.6428571428571428,0.196189061393928
57.0,crank_nicolson,0.8571428571428571,0.7142857142857142,0.1600373835073741
57.0,crank_nicolson,0.8571428571428571,0.7857142857142857,0.1203245774292166
57.0,crank_nicolson,0.8571428571428571,0.8571428571428571,0.07943097106199674
57.0,crank_nicolson,0.8571428571428571,0.9285714285714285,0.037757590354437535
57.0,crank_nicolson,0.8571428571428571,1.0,-0.14635149481321186
57.0,crank_nicolson,0.9285714285714285,0.0,-0.14635149481321186
57.0,crank_nicolson,0.9285714285714285,0.07142857142857142,0.01656739493413892
57.0,crank_nicolson,0.9285714285714285,0.14285714285714285,0.03775759035443743
57.0,crank_nicolson,0.9285714285714285,0.21428571428571427,0.058190482343558045
57.0,crank_nicolson,0.9285714285714285,0.2857142857142857,0.07807518793536547
57.0,crank_nicolson,0.9285714285714285,0.3571428571428571,0.09617119946732923
57.0,crank_nicolson,0.9285714285714285,0.42857142857142855,0.10986063325417031
57.0,crank_nicolson,0.9285714285714285,0.5,0.11521178757975616
57.0,crank_nicolson,0.9285714285714285,0.5714285714285714,0.1098606332541715
57.0,crank_nicolson,0.9285714285714285,0.6428571428571428,0.09617119946732984
57.0,crank_nicolson,0.9285714285714285,0.7142857142857142,0.0780751879353658
57.0,crank_nicolson,0.9285714285714285,0.7857142857142857,0.0581904823435582
57.0,crank_nicolson,0.9285714285714285,0.8571428571428571,0.03775759035443749
57.0,crank_nicolson,0.9285714285714285,0.9285714285714285,0.016567394934138953
57.0,crank_nicolson,0.9285714285714285,1.0,-0.14635149481321186
57.0,crank_nicolson,1.0,0.0,-0.14635149481321186
57.0,crank_nicolson,1.0,0.07142857142857142,-0.14635149481321186
57.0,crank_nicolson,1.0,0.14285714285714285,-0.14635149481321186
57.0,crank_nicolson,1.0,0.21428571428571427,-0.14635149481321186
57.0,crank_nicolson,1.0,0.2857142857142857,-0.14635149481321186
57.0,crank_nicolson,1.0,0.3571428571428571,-0.14635149481321186
57.0,crank_nicolson,1.0,0.42857142857142855,-0.14635149481321186
57.0,crank_nicolson,1.0,0.5,-0.14635149481321186
57.0,crank_nicolson,1.0,0.5714285714285714,-0.14635149481321186
57.0,crank_nicolson,1.0,0.6428571428571428,-0.14635149481321186
57.0,crank_nicolson,1.0,0.7142857142857142,-0.14635149481321186
57.0,crank_nicolson,1.0,0.7857142857142857,-0.14635149481321186
57.0,crank_nicolson,1.0,0.8571428571428571,-0.14635149481321186
57.0,crank_nicolson,1.0,0.9285714285714285,-0.14635149481321186
57.0,crank_nicolson,1.0,1.0,-0.14635149481321186
58.0,crank_nicolson,0.0,0.0,0.026105527217988936
58.0,crank_nicolson,0.0,0.07142857142857142,0.026105527217988936
58.0,crank_nicolson,0.0,0.14285714285714285,0.026105527217988936
58.0,crank_nicolson,0.0,0.21428571428571427,0.026105527217988936
58.0,crank_nicolson,0.0,0.2857142857142857,0.026105527217988936
58.0,crank_nicolson,0.0,0.3571428571428571,0.026105527217988936
58.0,crank_nicolson,0.0,0.42857142857142855,0.026105527217988936
58.0,crank_nicolson,0.0,0.5,0.026105527217988936
58.0,crank_nicolson,0.0,0.5714285714285714,0.026105527217988936
58.0,crank_nicolson,0.0,0.6428571428571428,0.026105527217988936
58.0,crank_nicolson,0.0,0.7142857142857142,0.026105527217988936
58.0,crank_nicolson,0.0,0.7857142857142857,0.026105527217988936
58.0,crank_nicolson,0.0,0.8571428571428571,0.026105527217988936
58.0,crank_nicolson,0.0,0.9285714285714285,0.026105527217988936
58.0,crank_nicolson,0.0,1.0,0.026105527217988936
58.0,crank_nicolson,0.07142857142857142,0.0,0.026105527217988936
58.0,crank_nicolson,0.07142857142857142,0.07142857142857142,0.017541359205749226
58.0,crank_nicolson,0.07142857142857142,0.14285714285714285,0.03821940664621907
58.0,crank_nicolson,0.07142857142857142,0.21428571428571427,0.058650682727214715
58.0,crank_nicolson,0.07142857142857142,0.2857142857142857,0.07849985168208008
58.0,crank_nicolson,0.07142857142857142,0.3571428571428571,0.09652307865923813
58.0,crank_nicolson,0.07142857142857142,0.42857142857142855,0.11010527910787049
58.0,crank_nicolson,0.07142857142857142,0.5,0.11539263559207917
58.0,crank_nicolson,0.07142857142857142,0.5714285714285714,0.11010527910787002
58.0,crank_nicolson,0.07142857142857142,0.6428571428571428,0.0965230786592379
58.0,crank_nicolson,0.07142857142857142,0.7142857142857142,0.07849985168208
58.0,crank_nicolson,0.07142857142857142,0.7857142857142857,0.0586506827272147
58.0,crank_nicolson,0.07142857142857142,0.8571428571428571,0.038219406646219076
58.0,crank_nicolson,0.07142857142857142,0.9285714285714285,0.017541359205749233
58.0,crank_nicolson,0.07142857142857142,1.0,0.026105527217988936
58.0,crank_nicolson,0.14285714285714285,0.0,0.026105527217988936
58.0,crank_nicolson,0.14285714285714285,0.07142857142857142,0.03821940664621902
58.0,crank_nicolson,0.14285714285714285,0.14285714285714285,0.07940156116529651
58.0,crank_nicolson,0.14285714285714285,0.21428571428571427,0.12027113802916989
58.0,crank_nicolson,0.14285714285714285,0.2857142857142857,0.15991323752046754
58.0,crank_nicolson,0.14285714285714285,0.3571428571428571,0.1959179166653802
58.0,crank_nicolson,0.14285714285714285,0.42857142857142855,0.22305874371762247
58.0,crank_nicolson,0.14285714285714285,0.5,0.23362533174477446
58.0,crank_nicolson,0.14285714285714285,0.5714285714285714,0.223058743717622
58.0,crank_nicolson,0.14285714285714285,0.6428571428571428,0.19591791666538014
58.0,crank_nicolson,0.14285714285714285,0.7142857142857142,0.15991323752046752
58.0,crank_nicolson,0.14285714285714285,0.7857142857142857,0.12027113802916994
58.0,crank_nicolson,0.14285714285714285,0.8571428571428571,0.07940156116529651
58.0,crank_nicolson,0.14285714285714285,0.9285714285714285,0.03821940664621903
58.0,crank_nicolson,0.14285714285714285,1.0,0.026105527217988936
58.0,crank_nicolson,0.21428571428571427,0.0,0.026105527217988936
58.0,crank_nicolson,0.21428571428571427,0.07142857142857142,0.05865068272721453
58.0,crank_nicolson,0.21428571428571427,0.14285714285714285,0.12027113802916965
58.0,crank_nicolson,0.21428571428571427,0.21428571428571427,0.1813695168001849
58.0,crank_nicolson,0.21428571428571427,0.2857142857142857,0.24061436932878297
58.0,crank_nicolson,0.21428571428571427,0.3571428571428571,0.2944599453119406
58.0,crank_nicolson,0.21428571428571427,0.42857142857142855,0.3350641955280769
58.0,crank_nicolson,0.21428571428571427,0.5,0.35087411979081884
58.0,crank_nicolson,0.21428571428571427,0.5714285714285714,0.33506419552807565
58.0,crank_nicolson,0.21428571428571427,0.6428571428571428,0.29445994531194053
58.0,crank_nicolson,0.21428571428571427,0.7142857142857142,0.24061436932878288
58.0,crank_nicolson,0.21428571428571427,0.7857142857142857,0.18136951680018504
58.0,crank_nicolson,0.21428571428571427,0.8571428571428571,0.12027113802916974
58.0,crank_nicolson,0.21428571428571427,0.9285714285714285,0.05865068272721455
58.0,crank_nicolson,0.21428571428571427,1.0,0.026105527217988936
58.0,crank_nicolson,0.2857142857142857,0.0,0.026105527217988936
58.0,crank_nicolson,0.2857142857142857,0.07142857142857142,0.07849985168207968
58.0,crank_nicolson,0.2857142857142857,0.14285714285714285,0.1599132375204676
58.0,crank_nicolson,0.2857142857142857,0.21428571428571427,0.24061436932878344
58.0,crank_nicolson,0.2857142857142857,0.2857142857142857,0.3189034106813352
58.0,crank_nicolson,0.2857142857142857,0.3571428571428571,0.39010671206251657
58.0,crank_nicolson,0.2857142857142857,0.42857142857142855,0.443816220256526
58.0,crank_nicolson,0.2857142857142857,0.5,0.46473061766101365
58.0,crank_nicolson,0.2857142857142857,0.5714285714285714,0.4438162202565268
58.0,crank_nicolson,0.2857142857142857,0.6428571428571428,0.39010671206251696
58.0,crank_nicolson,0.2857142857142857,0.7142857142857142,0.3189034106813353
58.0,crank_nicolson,0.2857142857142857,0.7857142857142857,0.2406143693287835
58.0,crank_nicolson,0.2857142857142857,0.8571428571428571,0.15991323752046777
58.0,crank_nicolson,0.2857142857142857,0.9285714285714285,0.07849985168207975
58.0,crank_nicolson,0.2857142857142857,1.0,0.026105527217988936
58.0,crank_nicolson,0.3571428571428571,0.0,0.026105527217988936
58.0,crank_nicolson,0.3571428571428571,0.07142857142857142,0.09652307865923815
58.0,crank_nicolson,0.3571428571428571,0.14285714285714285,0.19591791666538075
58.0,crank_nicolson,0.3571428571428571,0.21428571428571427,0.29445994531194214
58.0,crank_nicolson,0.3571428571428571,0.2857142857142857,0.39010671206251857
58.0,crank_nicolson,0.3571428571428571,0.3571428571428571,0.47714052917852595
58.0,crank_nicolson,0.3571428571428571,0.42857142857142855,0.5428044502835924
58.0,crank_nicolson,0.3571428571428571,0.5,0.5683752582075324
58.0,crank_nicolson,0.3571428571428571,0.5714285714285714,0.5428044502835943
58.0,crank_nicolson,0.3571428571428571,0.6428571428571428,0.4771405291785258
58.0,crank_nicolson,0.3571428571428571,0.7142857142857142,0.39010671206251896
58.0,crank_nicolson,0.3571428571428571,0.7857142857142857,0.2944599453119425
58.0,crank_nicolson,0.3571428571428571,0.8571428571428571,0.19591791666538105
58.0,crank_nicolson,0.3571428571428571,0.9285714285714285,0.09652307865923809
58.0,crank_nicolson,0.3571428571428571,1.0,0.026105527217988936
58.0,crank_nicolson,0.42857142857142855,0.0,0.026105527217988936
58.0,crank_nicolson,0.42857142857142855,0.07142857142857142,0.11010527910787048
58.0,crank_nicolson,0.42857142857142855,0.14285714285714285,0.22305874371762316
58.0,crank_nicolson,0.42857142857142855,0.21428571428571427,0.3350641955280794
58.0,crank_nicolson,0.42857142857142855,0.2857142857142857,0.4438162202565287
58.0,crank_nicolson,0.42857142857142855,0.3571428571428571,0.5428044502835936
58.0,crank_nicolson,0.42857142857142855,0.42857142857142855,0.6174961746649564
58.0,crank_nicolson,0.42857142857142855,0.5,0.6465834590398851
58.0,crank_nicolson,0.42857142857142855,0.5714285714285714,0.6174961746649569
58.0,crank_nicolson,0.42857142857142855,0.6428571428571428,0.5428044502835944
58.0,crank_nicolson,0.42857142857142855,0.7142857142857142,0.44381622025653
58.0,crank_nicolson,0.42857142857142855,0.7857142857142857,0.3350641955280804
58.0,crank_nicolson,0.42857142857142855,0.8571428571428571,0.2230587437176235
58.0,crank_nicolson,0.42857142857142855,0.9285714285714285,0.11010527910787007
58.0,crank_nicolson,0.42857142857142855,1.0,0.026105527217988936
58.0,crank_nicolson,0.5,0.0,0.026105527217988936
58.0,crank_nicolson,0.5,0.07142857142857142,0.11539263559207932
58.0,crank_nicolson,0.5,0.14285714285714285,0.2336253317447751
58.0,crank_nicolson,0.5,0.21428571428571427,0.3508741197908198
58.0,crank_nicolson,0.5,0.2857142857142857,0.4647306176610113
58.0,crank_nicolson,0.5,0.3571428571428571,0.5683752582075321
58.0,crank_nicolson,0.5,0.42857142857142855,0.6465834590398896
58.0,crank_nicolson,0.5,0.5,0.6770404622278642
58.0,crank_nicolson,0.5,0.5714285714285714,0.6465834590398849
58.0,crank_nicolson,0.5,0.6428571428571428,0.5683752582075321
58.0,crank_nicolson,0.5,0.7142857142857142,0.4647306176610136
58.0,crank_nicolson,0.5,0.7857142857142857,0.350874119790822
58.0,crank_nicolson,0.5,0.8571428571428571,0.2336253317447762
58.0,crank_nicolson,0.5,0.9285714285714285,0.11539263559207956
58.0,crank_nicolson,0.5,1.0,0.026105527217988936
58.0,crank_nicolson,0.5714285714285714,0.0,0.026105527217988936
58.0,crank_nicolson,0.5714285714285714,0.07142857142857142,0.11010527910787055
58.0,crank_nicolson,0.5714285714285714,0.14285714285714285,0.22305874371762302
58.0,crank_nicolson,0.5714285714285714,0.21428571428571427,0.33506419552807465
58.0,crank_nicolson,0.5714285714285714,0.2857142857142857,0.4438162202565243
58.0,crank_nicolson,0.5714285714285714,0.3571428571428571,0.542804450283591
58.0,crank_nicolson,0.5714285714285714,0.42857142857142855,0.6174961746649568
58.0,crank_nicolson,0.5714285714285714,0.5,0.6465834590398865
58.0,crank_nicolson,0.5714285714285714,0.5714285714285714,0.6174961746649592
58.0,crank_nicolson,0.5714285714285714,0.6428571428571428,0.5428044502835957
58.0,crank_nicolson,0.5714285714285714,0.7142857142857142,0.4438162202565273
58.0,crank_nicolson,0.5714285714285714,0.7857142857142857,0.3350641955280797
58.0,crank_nicolson,0.5714285714285714,0.8571428571428571,0.22305874371762552
58.0,crank_nicolson,0.5714285714285714,0.9285714285714285,0.11010527910787112
58.0,crank_nicolson,0.5714285714285714,1.0,0.026105527217988936
58.0,crank_nicolson,0.6428571428571428,0.0,0.026105527217988936
58.0,crank_nicolson,0.6428571428571428,0.07142857142857142,0.09652307865923769
58.0,crank_nicolson,0.6428571428571428,0.14285714285714285,0.19591791666538
58.0,crank_nicolson,0.6428571428571428,0.21428571428571427,0.2944599453119398
58.0,crank_nicolson,0.6428571428571428,0.2857142857142857,0.390106712062515
58.0,crank_nicolson,0.6428571428571428,0.3571428571428571,0.47714052917852273
58.0,crank_nicolson,0.6428571428571428,0.42857142857142855,0.5428044502835928
58.0,crank_nicolson,0.6428571428571428,0.5,0.5683752582075329
58.0,crank_nicolson,0.6428571428571428,0.5714285714285714,0.5428044502835963
58.0,crank_nicolson,0.6428571428571428,0.6428571428571428,0.47714052917852884
58.0,crank_nicolson,0.6428571428571428,0.7142857142857142,0.39010671206251846
58.0,crank_nicolson,0.6428571428571428,0.7857142857142857,0.29445994531194203
58.0,crank_nicolson,0.6428571428571428,0.8571428571428571,0.19591791666538177
58.0,crank_nicolson,0.6428571428571428,0.9285714285714285,0.09652307865923827
58.0,crank_nicolson,0.6428571428571428,1.0,0.026105527217988936
58.0,crank_nicolson,0.7142857142857142,0.0,0.026105527217988936
58.0,crank_nicolson,0.7142857142857142,0.07142857142857142,0.07849985168207994
58.0,crank_nicolson,0.7142857142857142,0.14285714285714285,0.15991323752046743
58.0,crank_nicolson,0.7142857142857142,0.21428571428571427,0.2406143693287825
58.0,crank_nicolson,0.7142857142857142,0.2857142857142857,0.3189034106813341
58.0,crank_nicolson,0.7142857142857142,0.3571428571428571,0.3901067120625151
58.0,crank_nicolson,0.7142857142857142,0.42857142857142855,0.44381622025652673
58.0,crank_nicolson,0.7142857142857142,0.5,0.46473061766101503
58.0,crank_nicolson,0.7142857142857142,0.5714285714285714,0.4438162202565303
58.0,crank_nicolson,0.7142857142857142,0.6428571428571428,0.3901067120625192
58.0,crank_nicolson,0.7142857142857142,0.7142857142857142,0.31890341068133576
58.0,crank_nicolson,0.7142857142857142,0.7857142857142857,0.24061436932878338
58.0,crank_nicolson,0.7142857142857142,0.8571428571428571,0.15991323752046824
58.0,crank_nicolson,0.7142857142857142,0.9285714285714285,0.07849985168208032
58.0,crank_nicolson,0.7142857142857142,1.0,0.026105527217988936
58.0,crank_nicolson,0.7857142857142857,0.0,0.026105527217988936
58.0,crank_nicolson,0.7857142857142857,0.07142857142857142,0.0586506827272147
58.0,crank_nicolson,0.7857142857142857,0.14285714285714285,0.12027113802916992
58.0,crank_nicolson,0.7857142857142857,0.21428571428571427,0.18136951680018482
58.0,crank_nicolson,0.7857142857142857,0.2857142857142857,0.24061436932878277
58.0,crank_nicolson,0.7857142857142857,0.3571428571428571,0.29445994531194086
58.0,crank_nicolson,0.7857142857142857,0.42857142857142855,0.33506419552807754
58.0,crank_nicolson,0.7857142857142857,0.5,0.3508741197908212
58.0,crank_nicolson,0.7857142857142857,0.5714285714285714,0.3350641955280797
58.0,crank_nicolson,0.7857142857142857,0.6428571428571428,0.29445994531194286
58.0,crank_nicolson,0.7857142857142857,0.7142857142857142,0.24061436932878374
58.0,crank_nicolson,0.7857142857142857,0.7857142857142857,0.18136951680018523
58.0,crank_nicolson,0.7857142857142857,0.8571428571428571,0.12027113802917022
58.0,crank_nicolson,0.7857142857142857,0.9285714285714285,0.058650682727214846
58.0,crank_nicolson,0.7857142857142857,1.0,0.026105527217988936
58.0,crank_nicolson,0.8571428571428571,0.0,0.026105527217988936
58.0,crank_nicolson,0.8571428571428571,0.07142857142857142,0.03821940664621906
58.0,crank_nicolson,0.8571428571428571,0.14285714285714285,0.07940156116529651
58.0,crank_nicolson,0.8571428571428571,0.21428571428571427,0.12027113802916968
58.0,crank_nicolson,0.8571428571428571,0.2857142857142857,0.15991323752046746
58.0,crank_nicolson,0.8571428571428571,0.3571428571428571,0.19591791666538041
58.0,crank_nicolson,0.8571428571428571,0.42857142857142855,0.22305874371762277
58.0,crank_nicolson,0.8571428571428571,0.5,0.2336253317447758
58.0,crank_nicolson,0.8571428571428571,0.5714285714285714,0.22305874371762557
58.0,crank_nicolson,0.8571428571428571,0.6428571428571428,0.195917916665382
58.0,crank_nicolson,0.8571428571428571,0.7142857142857142,0.15991323752046815
58.0,crank_nicolson,0.8571428571428571,0.7857142857142857,0.12027113802916992
58.0,crank_nicolson,0.8571428571428571,0.8571428571428571,0.07940156116529662
58.0,crank_nicolson,0.8571428571428571,0.9285714285714285,0.03821940664621914
58.0,crank_nicolson,0.8571428571428571,1.0,0.026105527217988936
58.0,crank_nicolson,0.9285714285714285,0.0,0.026105527217988936
58.0,crank_nicolson,0.9285714285714285,0.07142857142857142,0.01754135920574922
58.0,crank_nicolson,0.9285714285714285,0.14285714285714285,0.03821940664621903
58.0,crank_nicolson,0.9285714285714285,0.21428571428571427,0.05865068272721449
58.0,crank_nicolson,0.9285714285714285,0.2857142857142857,0.07849985168207961
58.0,crank_nicolson,0.9285714285714285,0.3571428571428571,0.09652307865923782
58.0,crank_nicolson,0.9285714285714285,0.42857142857142855,0.11010527910786994
58.0,crank_nicolson,0.9285714285714285,0.5,0.11539263559207946
58.0,crank_nicolson,0.9285714285714285,0.5714285714285714,0.11010527910787112
58.0,crank_nicolson,0.9285714285714285,0.6428571428571428,0.09652307865923843
58.0,crank_nicolson,0.9285714285714285,0.7142857142857142,0.07849985168207996
58.0,crank_nicolson,0.9285714285714285,0.7857142857142857,0.05865068272721466
58.0,crank_nicolson,0.9285714285714285,0.8571428571428571,0.03821940664621909
58.0,crank_nicolson,0.9285714285714285,0.9285714285714285,0.01754135920574925
58.0,crank_nicolson,0.9285714285714285,1.0,0.026105527217988936
58.0,crank_nicolson,1.0,0.0,0.026105527217988936
58.0,crank_nicolson,1.0,0.07142857142857142,0.026105527217988936
58.0,crank_nicolson,1.0,0.14285714285714285,0.026105527217988936
58.0,crank_nicolson,1.0,0.21428571428571427,0.026105527217988936
58.0,crank_nicolson,1.0,0.2857142857142857,0.026105527217988936
58.0,crank_nicolson,1.0,0.3571428571428571,0.026105527217988936
58.0,crank_nicolson,1.0,0.42857142857142855,0.026105527217988936
58.0,crank_nicolson,1.0,0.5,0.026105527217988936
58.0,crank_nicolson,1.0,0.5714285714285714,0.026105527217988936
58.0,crank_nicolson,1.0,0.6428571428571428,0.026105527217988936
58.0,crank_nicolson,1.0,0.7142857142857142,0.026105527217988936
58.0,crank_nicolson,1.0,0.7857142857142857,0.026105527217988936
58.0,crank_nicolson,1.0,0.8571428571428571,0.026105527217988936
58.0,crank_nicolson,1.0,0.9285714285714285,0.026105527217988936
58.0,crank_nicolson,1.0,1.0,0.026105527217988936
59.0,crank_nicolson,0.0,0.0,0.000511345664246089
59.0,crank_nicolson,0.0,0.07142857142857142,0.000511345664246089
59.0,crank_nicolson,0.0,0.14285714285714285,0.000511345664246089
59.0,crank_nicolson,0.0,0.21428571428571427,0.000511345664246089
59.0,crank_nicolson,0.0,0.2857142857142857,0.000511345664246089
59.0,crank_nicolson,0.0,0.3571428571428571,0.000511345664246089
59.0,crank_nicolson,0.0,0.42857142857142855,0.000511345664246089
59.0,crank_nicolson,0.0,0.5,0.000511345664246089
59.0,crank_nicolson,0.0,0.5714285714285714,0.000511345664246089
59.0,crank_nicolson,0.0,0.6428571428571428,0.000511345664246089
59.0,crank_nicolson,0.0,0.7142857142857142,0.000511345664246089
59.0,crank_nicolson,0.0,0.7857142857142857,0.000511345664246089
59.0,crank_nicolson,0.0,0.8571428571428571,0.000511345664246089
59.0,crank_nicolson,0.0,0.9285714285714285,0.000511345664246089
59.0,crank_nicolson,0.0,1.0,0.000511345664246089
59.0,crank_nicolson,0.07142857142857142,0.0,0.000511345664246089
59.0,crank_nicolson,0.07142857142857142,0.07142857142857142,0.01763232659485105
59.0,crank_nicolson,0.07142857142857142,0.14285714285714285,0.03825980221974237
59.0,crank_nicolson,0.07142857142857142,0.21428571428571427,0.05868614150360454
59.0,crank_nicolson,0.07142857142857142,0.2857142857142857,0.07851746915737384
59.0,crank_nicolson,0.07142857142857142,0.3571428571428571,0.09650432393738866
59.0,crank_nicolson,0.07142857142857142,0.42857142857142855,0.11003368700237745
59.0,crank_nicolson,0.07142857142857142,0.5,0.11528998754861007
59.0,crank_nicolson,0.07142857142857142,0.5714285714285714,0.11003368700237696
59.0,crank_nicolson,0.07142857142857142,0.6428571428571428,0.09650432393738845
59.0,crank_nicolson,0.07142857142857142,0.7142857142857142,0.07851746915737376
59.0,crank_nicolson,0.07142857142857142,0.7857142857142857,0.05868614150360452
59.0,crank_nicolson,0.07142857142857142,0.8571428571428571,0.03825980221974238
59.0,crank_nicolson,0.07142857142857142,0.9285714285714285,0.017632326594851058
59.0,crank_nicolson,0.07142857142857142,1.0,0.000511345664246089
59.0,crank_nicolson,0.14285714285714285,0.0,0.000511345664246089
59.0,crank_nicolson,0.14285714285714285,0.07142857142857142,0.038259802219742324
59.0,crank_nicolson,0.14285714285714285,0.14285714285714285,0.07939344908824959
59.0,crank_nicolson,0.14285714285714285,0.21428571428571427,0.12024726338353921
59.0,crank_nicolson,0.14285714285714285,0.2857142857142857,0.15985361768406625
59.0,crank_nicolson,0.14285714285714285,0.3571428571428571,0.19578481467482958
59.0,crank_nicolson,0.14285714285714285,0.42857142857142855,0.2228192668887279
59.0,crank_nicolson,0.14285714285714285,0.5,0.233323483199607
59.0,crank_nicolson,0.14285714285714285,0.5714285714285714,0.22281926688872739
59.0,crank_nicolson,0.14285714285714285,0.6428571428571428,0.1957848146748296
59.0,crank_nicolson,0.14285714285714285,0.7142857142857142,0.15985361768406622
59.0,crank_nicolson,0.14285714285714285,0.7857142857142857,0.12024726338353925
59.0,crank_nicolson,0.14285714285714285,0.8571428571428571,0.07939344908824959
59.0,crank_nicolson,0.14285714285714285,0.9285714285714285,0.03825980221974233
59.0,crank_nicolson,0.14285714285714285,1.0,0.000511345664246089
59.0,crank_nicolson,0.21428571428571427,0.0,0.000511345664246089
59.0,crank_nicolson,0.21428571428571427,0.07142857142857142,0.05868614150360435
59.0,crank_nicolson,0.21428571428571427,0.14285714285714285,0.12024726338353897
59.0,crank_nicolson,0.21428571428571427,0.21428571428571427,0.18131835529129053
59.0,crank_nicolson,0.21428571428571427,0.2857142857142857,0.2405067415251126
59.0,crank_nicolson,0.21428571428571427,0.3571428571428571,0.29423831920684645
59.0,crank_nicolson,0.21428571428571427,0.42857142857142855,0.33468022023520805
59.0,crank_nicolson,0.21428571428571427,0.5,0.35039559543311927
59.0,crank_nicolson,0.21428571428571427,0.5714285714285714,0.3346802202352069
59.0,crank_nicolson,0.21428571428571427,0.6428571428571428,0.2942383192068464
59.0,crank_nicolson,0.21428571428571427,0.7142857142857142,0.2405067415251125
59.0,crank_nicolson,0.21428571428571427,0.7857142857142857,0.18131835529129067
59.0,crank_nicolson,0.21428571428571427,0.8571428571428571,0.12024726338353905
59.0,crank_nicolson,0.21428571428571427,0.9285714285714285,0.05868614150360437
59.0,crank_nicolson,0.21428571428571427,1.0,0.000511345664246089
59.0,crank_nicolson,0.2857142857142857,0.0,0.000511345664246089
59.0,crank_nicolson,0.2857142857142857,0.07142857142857142,0.07851746915737344
59.0,crank_nicolson,0.2857142857142857,0.14285714285714285,0.15985361768406633
59.0,crank_nicolson,0.2857142857142857,0.21428571428571427,0.240506741525113
59.0,crank_nicolson,0.2857142857142857,0.2857142857142857,0.3187083155301789
59.0,crank_nicolson,0.2857142857142857,0.3571428571428571,0.38974818555455415
59.0,crank_nicolson,0.2857142857142857,0.42857142857142855,0.4432334183046907
59.0,crank_nicolson,0.2857142857142857,0.5,0.464019070238271
59.0,crank_nicolson,0.2857142857142857,0.5714285714285714,0.44323341830469154
59.0,crank_nicolson,0.2857142857142857,0.6428571428571428,0.38974818555455454
59.0,crank_nicolson,0.2857142857142857,0.7142857142857142,0.31870831553017903
59.0,crank_nicolson,0.2857142857142857,0.7857142857142857,0.24050674152511306
59.0,crank_nicolson,0.2857142857142857,0.8571428571428571,0.1598536176840665
59.0,crank_nicolson,0.2857142857142857,0.9285714285714285,0.07851746915737351
59.0,crank_nicolson,0.2857142857142857,1.0,0.000511345664246089
59.0,crank_nicolson,0.3571428571428571,0.0,0.000511345664246089
59.0,crank_nicolson,0.3571428571428571,0.07142857142857142,0.0965043239373887
59.0,crank_nicolson,0.3571428571428571,0.14285714285714285,0.19578481467483014
59.0,crank_nicolson,0.3571428571428571,0.21428571428571427,0.2942383192068479
59.0,crank_nicolson,0.3571428571428571,0.2857142857142857,0.3897481855545561
59.0,crank_nicolson,0.3571428571428571,0.3571428571428571,0.4765543547808193
59.0,crank_nicolson,0.3571428571428571,0.42857142857142855,0.5419231701814029
59.0,crank_nicolson,0.3571428571428571,0.5,0.567328473515862
59.0,crank_nicolson,0.3571428571428571,0.5714285714285714,0.5419231701814048
59.0,crank_nicolson,0.3571428571428571,0.6428571428571428,0.47655435478081903
59.0,crank_nicolson,0.3571428571428571,0.7142857142857142,0.38974818555455665
59.0,crank_nicolson,0.3571428571428571,0.7857142857142857,0.29423831920684823
59.0,crank_nicolson,0.3571428571428571,0.8571428571428571,0.19578481467483042
59.0,crank_nicolson,0.3571428571428571,0.9285714285714285,0.09650432393738864
59.0,crank_nicolson,0.3571428571428571,1.0,0.000511345664246089
59.0,crank_nicolson,0.42857142857142855,0.0,0.000511345664246089
59.0,crank_nicolson,0.42857142857142855,0.07142857142857142,0.11003368700237745
59.0,crank_nicolson,0.42857142857142855,0.14285714285714285,0.2228192668887286
59.0,crank_nicolson,0.42857142857142855,0.21428571428571427,0.3346802202352105
59.0,crank_nicolson,0.42857142857142855,0.2857142857142857,0.4432334183046934
59.0,crank_nicolson,0.42857142857142855,0.3571428571428571,0.5419231701814043
59.0,crank_nicolson,0.42857142857142855,0.42857142857142855,0.6162494878535307
59.0,crank_nicolson,0.42857142857142855,0.5,0.6451369757927456
59.0,crank_nicolson,0.42857142857142855,0.5714285714285714,0.6162494878535313
59.0,crank_nicolson,0.42857142857142855,0.6428571428571428,0.5419231701814049
59.0,crank_nicolson,0.42857142857142855,0.7142857142857142,0.4432334183046947
59.0,crank_nicolson,0.42857142857142855,0.7857142857142857,0.3346802202352116
59.0,crank_nicolson,0.42857142857142855,0.8571428571428571,0.22281926688872888
59.0,crank_nicolson,0.42857142857142855,0.9285714285714285,0.11003368700237705
59.0,crank_nicolson,0.42857142857142855,1.0,0.000511345664246089
59.0,crank_nicolson,0.5,0.0,0.000511345664246089
59.0,crank_nicolson,0.5,0.07142857142857142,0.11528998754861022
59.0,crank_nicolson,0.5,0.14285714285714285,0.2333234831996076
59.0,crank_nicolson,0.5,0.21428571428571427,0.35039559543312015
59.0,crank_nicolson,0.5,0.2857142857142857,0.46401907023826844
59.0,crank_nicolson,0.5,0.3571428571428571,0.5673284735158616
59.0,crank_nicolson,0.5,0.42857142857142855,0.6451369757927501
59.0,crank_nicolson,0.5,0.5,0.6753781404431042
59.0,crank_nicolson,0.5,0.5714285714285714,0.6451369757927454
59.0,crank_nicolson,0.5,0.6428571428571428,0.5673284735158618
59.0,crank_nicolson,0.5,0.7142857142857142,0.4640190702382708
59.0,crank_nicolson,0.5,0.7857142857142857,0.3503955954331225
59.0,crank_nicolson,0.5,0.8571428571428571,0.23332348319960877
59.0,crank_nicolson,0.5,0.9285714285714285,0.11528998754861049
59.0,crank_nicolson,0.5,1.0,0.000511345664246089
59.0,crank_nicolson,0.5714285714285714,0.0,0.000511345664246089
59.0,crank_nicolson,0.5714285714285714,0.07142857142857142,0.11003368700237752
59.0,crank_nicolson,0.5714285714285714,0.14285714285714285,0.22281926688872844
59.0,crank_nicolson,0.5714285714285714,0.21428571428571427,0.3346802202352058
59.0,crank_nicolson,0.5714285714285714,0.2857142857142857,0.44323341830468915
59.0,crank_nicolson,0.5714285714285714,0.3571428571428571,0.5419231701814017
59.0,crank_nicolson,0.5714285714285714,0.42857142857142855,0.6162494878535312
59.0,crank_nicolson,0.5714285714285714,0.5,0.645136975792747
59.0,crank_nicolson,0.5714285714285714,0.5714285714285714,0.6162494878535335
59.0,crank_nicolson,0.5714285714285714,0.6428571428571428,0.5419231701814061
59.0,crank_nicolson,0.5714285714285714,0.7142857142857142,0.4432334183046921
59.0,crank_nicolson,0.5714285714285714,0.7857142857142857,0.3346802202352108
59.0,crank_nicolson,0.5714285714285714,0.8571428571428571,0.22281926688873094
59.0,crank_nicolson,0.5714285714285714,0.9285714285714285,0.11003368700237807
59.0,crank_nicolson,0.5714285714285714,1.0,0.000511345664246089
59.0,crank_nicolson,0.6428571428571428,0.0,0.000511345664246089
59.0,crank_nicolson,0.6428571428571428,0.07142857142857142,0.09650432393738821
59.0,crank_nicolson,0.6428571428571428,0.14285714285714285,0.1957848146748295
59.0,crank_nicolson,0.6428571428571428,0.21428571428571427,0.2942383192068457
59.0,crank_nicolson,0.6428571428571428,0.2857142857142857,0.3897481855545526
59.0,crank_nicolson,0.6428571428571428,0.3571428571428571,0.47655435478081604
59.0,crank_nicolson,0.6428571428571428,0.42857142857142855,0.5419231701814032
59.0,crank_nicolson,0.6428571428571428,0.5,0.5673284735158624
59.0,crank_nicolson,0.6428571428571428,0.5714285714285714,0.5419231701814066
59.0,crank_nicolson,0.6428571428571428,0.6428571428571428,0.47655435478082203
59.0,crank_nicolson,0.6428571428571428,0.7142857142857142,0.38974818555455604
59.0,crank_nicolson,0.6428571428571428,0.7857142857142857,0.2942383192068479
59.0,crank_nicolson,0.6428571428571428,0.8571428571428571,0.1957848146748312
59.0,crank_nicolson,0.6428571428571428,0.9285714285714285,0.09650432393738882
59.0,crank_nicolson,0.6428571428571428,1.0,0.000511345664246089
59.0,crank_nicolson,0.7142857142857142,0.0,0.000511345664246089
59.0,crank_nicolson,0.7142857142857142,0.07142857142857142,0.0785174691573737
59.0,crank_nicolson,0.7142857142857142,0.14285714285714285,0.15985361768406614
59.0,crank_nicolson,0.7142857142857142,0.21428571428571427,0.2405067415251121
59.0,crank_nicolson,0.7142857142857142,0.2857142857142857,0.3187083155301778
59.0,crank_nicolson,0.7142857142857142,0.3571428571428571,0.38974818555455276
59.0,crank_nicolson,0.7142857142857142,0.42857142857142855,0.44323341830469154
59.0,crank_nicolson,0.7142857142857142,0.5,0.46401907023827227
59.0,crank_nicolson,0.7142857142857142,0.5714285714285714,0.44323341830469504
59.0,crank_nicolson,0.7142857142857142,0.6428571428571428,0.3897481855545568
59.0,crank_nicolson,0.7142857142857142,0.7142857142857142,0.3187083155301795
59.0,crank_nicolson,0.7142857142857142,0.7857142857142857,0.240506741525113
59.0,crank_nicolson,0.7142857142857142,0.8571428571428571,0.15985361768406692
59.0,crank_nicolson,0.7142857142857142,0.9285714285714285,0.07851746915737409
59.0,crank_nicolson,0.7142857142857142,1.0,0.000511345664246089
59.0,crank_nicolson,0.7857142857142857,0.0,0.000511345664246089
59.0,crank_nicolson,0.7857142857142857,0.07142857142857142,0.05868614150360452
59.0,crank_nicolson,0.7857142857142857,0.14285714285714285,0.12024726338353922
59.0,crank_nicolson,0.7857142857142857,0.21428571428571427,0.18131835529129048
59.0,crank_nicolson,0.7857142857142857,0.2857142857142857,0.24050674152511237
59.0,crank_nicolson,0.7857142857142857,0.3571428571428571,0.29423831920684657
59.0,crank_nicolson,0.7857142857142857,0.42857142857142855,0.33468022023520866
59.0,crank_nicolson,0.7857142857142857,0.5,0.3503955954331217
59.0,crank_nicolson,0.7857142857142857,0.5714285714285714,0.33468022023521093
59.0,crank_nicolson,0.7857142857142857,0.6428571428571428,0.2942383192068486
59.0,crank_nicolson,0.7857142857142857,0.7142857142857142,0.2405067415251133
59.0,crank_nicolson,0.7857142857142857,0.7857142857142857,0.18131835529129087
59.0,crank_nicolson,0.7857142857142857,0.8571428571428571,0.12024726338353954
59.0,crank_nicolson,0.7857142857142857,0.9285714285714285,0.05868614150360467
59.0,crank_nicolson,0.7857142857142857,1.0,0.000511345664246089
59.0,crank_nicolson,0.8571428571428571,0.0,0.000511345664246089
59.0,crank_nicolson,0.8571428571428571,0.07142857142857142,0.038259802219742366
59.0,crank_nicolson,0.8571428571428571,0.14285714285714285,0.07939344908824959
59.0,crank_nicolson,0.8571428571428571,0.21428571428571427,0.12024726338353899
59.0,crank_nicolson,0.8571428571428571,0.2857142857142857,0.1598536176840662
59.0,crank_nicolson,0.8571428571428571,0.3571428571428571,0.19578481467482983
59.0,crank_nicolson,0.8571428571428571,0.42857142857142855,0.22281926688872822
59.0,crank_nicolson,0.8571428571428571,0.5,0.23332348319960836
59.0,crank_nicolson,0.8571428571428571,0.5714285714285714,0.222819266888731
59.0,crank_nicolson,0.8571428571428571,0.6428571428571428,0.19578481467483141
59.0,crank_nicolson,0.8571428571428571,0.7142857142857142,0.15985361768406683
59.0,crank_nicolson,0.8571428571428571,0.7857142857142857,0.12024726338353925
59.0,crank_nicolson,0.8571428571428571,0.8571428571428571,0.07939344908824972
59.0,crank_nicolson,0.8571428571428571,0.9285714285714285,0.038259802219742435
59.0,crank_nicolson,0.8571428571428571,1.0,0.000511345664246089
59.0,crank_nicolson,0.9285714285714285,0.0,0.000511345664246089
59.0,crank_nicolson,0.9285714285714285,0.07142857142857142,0.017632326594851044
59.0,crank_nicolson,0.9285714285714285,0.14285714285714285,0.03825980221974233
59.0,crank_nicolson,0.9285714285714285,0.21428571428571427,0.05868614150360431
59.0,crank_nicolson,0.9285714285714285,0.2857142857142857,0.07851746915737337
59.0,crank_nicolson,0.9285714285714285,0.3571428571428571,0.0965043239373884
59.0,crank_nicolson,0.9285714285714285,0.42857142857142855,0.1100336870023769
59.0,crank_nicolson,0.9285714285714285,0.5,0.1152899875486104
59.0,crank_nicolson,0.9285714285714285,0.5714285714285714,0.11003368700237809
59.0,crank_nicolson,0.9285714285714285,0.6428571428571428,0.09650432393738902
59.0,crank_nicolson,0.9285714285714285,0.7142857142857142,0.07851746915737372
59.0,crank_nicolson,0.9285714285714285,0.7857142857142857,0.05868614150360448
59.0,crank_nicolson,0.9285714285714285,0.8571428571428571,0.038259802219742386
59.0,crank_nicolson,0.9285714285714285,0.9285714285714285,0.017632326594851075
59.0,crank_nicolson,0.9285714285714285,1.0,0.000511345664246089
59.0,crank_nicolson,1.0,0.0,0.000511345664246089
59.0,crank_nicolson,1.0,0.07142857142857142,0.000511345664246089
59.0,crank_nicolson,1.0,0.14285714285714285,0.000511345664246089
59.0,crank_nicolson,1.0,0.21428571428571427,0.000511345664246089
59.0,crank_nicolson,1.0,0.2857142857142857,0.000511345664246089
59.0,crank_nicolson,1.0,0.3571428571428571,0.000511345664246089
59.0,crank_nicolson,1.0,0.42857142857142855,0.000511345664246089
59.0,crank_nicolson,1.0,0.5,0.000511345664246089
59.0,crank_nicolson,1.0,0.5714285714285714,0.000511345664246089
59.0,crank_nicolson,1.0,0.6428571428571428,0.000511345664246089
59.0,crank_nicolson,1.0,0.7142857142857142,0.000511345664246089
59.0,crank_nicolson,1.0,0.7857142857142857,0.000511345664246089
59.0,crank_nicolson,1.0,0.8571428571428571,0.000511345664246089
59.0,crank_nicolson,1.0,0.9285714285714285,0.000511345664246089
59.0,crank_nicolson,1.0,1.0,0.000511345664246089
60.0,crank_nicolson,0.0,0.0,-0.023458713337514692
60.0,crank_nicolson,0.0,0.07142857142857142,-0.023458713337514692
60.0,crank_nicolson,0.0,0.14285714285714285,-0.023458713337514692
60.0,crank_nicolson,0.0,0.21428571428571427,-0.023458713337514692
60.0,crank_nicolson,0.0,0.2857142857142857,-0.023458713337514692
60.0,crank_nicolson,0.0,0.3571428571428571,-0.023458713337514692
60.0,crank_nicolson,0.0,0.42857142857142855,-0.023458713337514692
60.0,crank_nicolson,0.0,0.5,-0.023458713337514692
60.0,crank_nicolson,0.0,0.5714285714285714,-0.023458713337514692
60.0,crank_nicolson,0.0,0.6428571428571428,-0.023458713337514692
60.0,crank_nicolson,0.0,0.7142857142857142,-0.023458713337514692
60.0,crank_nicolson,0.0,0.7857142857142857,-0.023458713337514692
60.0,crank_nicolson,0.0,0.8571428571428571,-0.023458713337514692
60.0,crank_nicolson,0.0,0.9285714285714285,-0.023458713337514692
60.0,crank_nicolson,0.0,1.0,-0.023458713337514692
60.0,crank_nicolson,0.07142857142857142,0.0,-0.023458713337514692
60.0,crank_nicolson,0.07142857142857142,0.07142857142857142,0.017397859987578312
60.0,crank_nicolson,0.07142857142857142,0.14285714285714285,0.038136614518931584
60.0,crank_nicolson,0.07142857142857142,0.21428571428571427,0.05855823883923629
60.0,crank_nicolson,0.07142857142857142,0.2857142857142857,0.0783716491477978
60.0,crank_nicolson,0.07142857142857142,0.3571428571428571,0.0963221524900291
60.0,crank_nicolson,0.07142857142857142,0.42857142857142855,0.10979918910008717
60.0,crank_nicolson,0.07142857142857142,0.5,0.11502497476905012
60.0,crank_nicolson,0.07142857142857142,0.5714285714285714,0.1097991891000867
60.0,crank_nicolson,0.07142857142857142,0.6428571428571428,0.09632215249002889
60.0,crank_nicolson,0.07142857142857142,0.7142857142857142,0.07837164914779773
60.0,crank_nicolson,0.07142857142857142,0.7857142857142857,0.05855823883923628
60.0,crank_nicolson,0.07142857142857142,0.8571428571428571,0.03813661451893159
60.0,crank_nicolson,0.07142857142857142,0.9285714285714285,0.01739785998757832
60.0,crank_nicolson,0.07142857142857142,1.0,-0.023458713337514692
60.0,crank_nicolson,0.14285714285714285,0.0,-0.023458713337514692
60.0,crank_nicolson,0.14285714285714285,0.07142857142857142,0.03813661451893153
60.0,crank_nicolson,0.14285714285714285,0.14285714285714285,0.07938401692938162
60.0,crank_nicolson,0.14285714285714285,0.21428571428571427,0.12022243851086094
60.0,crank_nicolson,0.14285714285714285,0.2857142857142857,0.15979277208629636
60.0,crank_nicolson,0.14285714285714285,0.3571428571428571,0.1956505112129125
60.0,crank_nicolson,0.14285714285714285,0.42857142857142855,0.22257960174977195
60.0,crank_nicolson,0.14285714285714285,0.5,0.23302252489733544
60.0,crank_nicolson,0.14285714285714285,0.5714285714285714,0.22257960174977137
60.0,crank_nicolson,0.14285714285714285,0.6428571428571428,0.19565051121291255
60.0,crank_nicolson,0.14285714285714285,0.7142857142857142,0.15979277208629636
60.0,crank_nicolson,0.14285714285714285,0.7857142857142857,0.12022243851086101
60.0,crank_nicolson,0.14285714285714285,0.8571428571428571,0.07938401692938162
60.0,crank_nicolson,0.14285714285714285,0.9285714285714285,0.03813661451893154
60.0,crank_nicolson,0.14285714285714285,1.0,-0.023458713337514692
60.0,crank_nicolson,0.21428571428571427,0.0,-0.023458713337514692
60.0,crank_nicolson,0.21428571428571427,0.07142857142857142,0.05855823883923611
60.0,crank_nicolson,0.21428571428571427,0.14285714285714285,0.1202224385108607
60.0,crank_nicolson,0.21428571428571427,0.21428571428571427,0.18126638557994174
60.0,crank_nicolson,0.21428571428571427,0.2857142857142857,0.24039778485171873
60.0,crank_nicolson,0.21428571428571427,0.3571428571428571,0.29401537453719373
60.0,crank_nicolson,0.21428571428571427,0.42857142857142855,0.3342964260819797
60.0,crank_nicolson,0.21428571428571427,0.5,0.34991886279793505
60.0,crank_nicolson,0.21428571428571427,0.5714285714285714,0.33429642608197857
60.0,crank_nicolson,0.21428571428571427,0.6428571428571428,0.2940153745371936
60.0,crank_nicolson,0.21428571428571427,0.7142857142857142,0.24039778485171864
60.0,crank_nicolson,0.21428571428571427,0.7857142857142857,0.18126638557994182
60.0,crank_nicolson,0.21428571428571427,0.8571428571428571,0.12022243851086081
60.0,crank_nicolson,0.21428571428571427,0.9285714285714285,0.05855823883923613
60.0,crank_nicolson,0.21428571428571427,1.0,-0.023458713337514692
60.0,crank_nicolson,0.2857142857142857,0.0,-0.023458713337514692
60.0,crank_nicolson,0.2857142857142857,0.07142857142857142,0.0783716491477974
60.0,crank_nicolson,0.2857142857142857,0.14285714285714285,0.15979277208629641
60.0,crank_nicolson,0.2857142857142857,0.21428571428571427,0.2403977848517192
60.0,crank_nicolson,0.2857142857142857,0.2857142857142857,0.31851115032566346
60.0,crank_nicolson,0.2857142857142857,0.3571428571428571,0.3893876035974707
60.0,crank_nicolson,0.2857142857142857,0.42857142857142855,0.4426505688044271
60.0,crank_nicolson,0.2857142857142857,0.5,0.46330962790034547
60.0,crank_nicolson,0.2857142857142857,0.5714285714285714,0.44265056880442794
60.0,crank_nicolson,0.2857142857142857,0.6428571428571428,0.3893876035974711
60.0,crank_nicolson,0.2857142857142857,0.7142857142857142,0.31851115032566363
60.0,crank_nicolson,0.2857142857142857,0.7857142857142857,0.2403977848517193
60.0,crank_nicolson,0.2857142857142857,0.8571428571428571,0.15979277208629664
60.0,crank_nicolson,0.2857142857142857,0.9285714285714285,0.07837164914779748
60.0,crank_nicolson,0.2857142857142857,1.0,-0.023458713337514692
60.0,crank_nicolson,0.3571428571428571,0.0,-0.023458713337514692
60.0,crank_nicolson,0.3571428571428571,0.07142857142857142,0.09632215249002907
60.0,crank_nicolson,0.3571428571428571,0.14285714285714285,0.1956505112129131
60.0,crank_nicolson,0.3571428571428571,0.21428571428571427,0.2940153745371952
60.0,crank_nicolson,0.3571428571428571,0.2857142857142857,0.3893876035974726
60.0,crank_nicolson,0.3571428571428571,0.3571428571428571,0.4759663664811899
60.0,crank_nicolson,0.3571428571428571,0.42857142857142855,0.5410427673965844
60.0,crank_nicolson,0.3571428571428571,0.5,0.5662853200908003
60.0,crank_nicolson,0.3571428571428571,0.5714285714285714,0.5410427673965862
60.0,crank_nicolson,0.3571428571428571,0.6428571428571428,0.47596636648118956
60.0,crank_nicolson,0.3571428571428571,0.7142857142857142,0.3893876035974732
60.0,crank_nicolson,0.3571428571428571,0.7857142857142857,0.2940153745371955
60.0,crank_nicolson,0.3571428571428571,0.8571428571428571,0.19565051121291335
60.0,crank_nicolson,0.3571428571428571,0.9285714285714285,0.09632215249002904
60.0,crank_nicolson,0.3571428571428571,1.0,-0.023458713337514692
60.0,crank_nicolson,0.42857142857142855,0.0,-0.023458713337514692
60.0,crank_nicolson,0.42857142857142855,0.07142857142857142,0.10979918910008718
60.0,crank_nicolson,0.42857142857142855,0.14285714285714285,0.22257960174977262
60.0,crank_nicolson,0.42857142857142855,0.21428571428571427,0.3342964260819822
60.0,crank_nicolson,0.42857142857142855,0.2857142857142857,0.4426505688044298
60.0,crank_nicolson,0.42857142857142855,0.3571428571428571,0.541042767396586
60.0,crank_nicolson,0.42857142857142855,0.42857142857142855,0.6150073331660545
60.0,crank_nicolson,0.42857142857142855,0.5,0.6436984316957902
60.0,crank_nicolson,0.42857142857142855,0.5714285714285714,0.6150073331660547
60.0,crank_nicolson,0.42857142857142855,0.6428571428571428,0.5410427673965859
60.0,crank_nicolson,0.42857142857142855,0.7142857142857142,0.44265056880443104
60.0,crank_nicolson,0.42857142857142855,0.7857142857142857,0.33429642608198334
60.0,crank_nicolson,0.42857142857142855,0.8571428571428571,0.22257960174977287
60.0,crank_nicolson,0.42857142857142855,0.9285714285714285,0.10979918910008678
60.0,crank_nicolson,0.42857142857142855,1.0,-0.023458713337514692
60.0,crank_nicolson,0.5,0.0,-0.023458713337514692
60.0,crank_nicolson,0.5,0.07142857142857142,0.11502497476905026
60.0,crank_nicolson,0.5,0.14285714285714285,0.23302252489733608
60.0,crank_nicolson,0.5,0.21428571428571427,0.34991886279793605
60.0,crank_nicolson,0.5,0.2857142857142857,0.4633096279003429
60.0,crank_nicolson,0.5,0.3571428571428571,0.5662853200907999
60.0,crank_nicolson,0.5,0.42857142857142855,0.6436984316957943
60.0,crank_nicolson,0.5,0.5,0.6737275373544747
60.0,crank_nicolson,0.5,0.5714285714285714,0.6436984316957898
60.0,crank_nicolson,0.5,0.6428571428571428,0.5662853200908005
60.0,crank_nicolson,0.5,0.7142857142857142,0.4633096279003453
60.0,crank_nicolson,0.5,0.7857142857142857,0.34991886279793843
60.0,crank_nicolson,0.5,0.8571428571428571,0.23302252489733727
60.0,crank_nicolson,0.5,0.9285714285714285,0.11502497476905052
60.0,crank_nicolson,0.5,1.0,-0.023458713337514692
60.0,crank_nicolson,0.5714285714285714,0.0,-0.023458713337514692
60.0,crank_nicolson,0.5714285714285714,0.07142857142857142,0.10979918910008726
60.0,crank_nicolson,0.5714285714285714,0.14285714285714285,0.22257960174977243
60.0,crank_nicolson,0.5714285714285714,0.21428571428571427,0.3342964260819775
60.0,crank_nicolson,0.5714285714285714,0.2857142857142857,0.44265056880442566
60.0,crank_nicolson,0.5714285714285714,0.3571428571428571,0.5410427673965827
60.0,crank_nicolson,0.5714285714285714,0.42857142857142855,0.6150073331660548
60.0,crank_nicolson,0.5714285714285714,0.5,0.6436984316957917
60.0,crank_nicolson,0.5714285714285714,0.5714285714285714,0.6150073331660572
60.0,crank_nicolson,0.5714285714285714,0.6428571428571428,0.5410427673965874
60.0,crank_nicolson,0.5714285714285714,0.7142857142857142,0.44265056880442866
60.0,crank_nicolson,0.5714285714285714,0.7857142857142857,0.3342964260819826
60.0,crank_nicolson,0.5714285714285714,0.8571428571428571,0.22257960174977487
60.0,crank_nicolson,0.5714285714285714,0.9285714285714285,0.10979918910008782
60.0,crank_nicolson,0.5714285714285714,1.0,-0.023458713337514692
60.0,crank_nicolson,0.6428571428571428,0.0,-0.023458713337514692
60.0,crank_nicolson,0.6428571428571428,0.07142857142857142,0.09632215249002864
60.0,crank_nicolson,0.6428571428571428,0.14285714285714285,0.19565051121291246
60.0,crank_nicolson,0.6428571428571428,0.21428571428571427,0.294015374537193
60.0,crank_nicolson,0.6428571428571428,0.2857142857142857,0.38938760359746916
60.0,crank_nicolson,0.6428571428571428,0.3571428571428571,0.47596636648118656
60.0,crank_nicolson,0.6428571428571428,0.42857142857142855,0.5410427673965844
60.0,crank_nicolson,0.6428571428571428,0.5,0.5662853200908006
60.0,crank_nicolson,0.6428571428571428,0.5714285714285714,0.541042767396588
60.0,crank_nicolson,0.6428571428571428,0.6428571428571428,0.4759663664811926
60.0,crank_nicolson,0.6428571428571428,0.7142857142857142,0.3893876035974726
60.0,crank_nicolson,0.6428571428571428,0.7857142857142857,0.29401537453719523
60.0,crank_nicolson,0.6428571428571428,0.8571428571428571,0.1956505112129142
60.0,crank_nicolson,0.6428571428571428,0.9285714285714285,0.09632215249002926
60.0,crank_nicolson,0.6428571428571428,1.0,-0.023458713337514692
60.0,crank_nicolson,0.7142857142857142,0.0,-0.023458713337514692
60.0,crank_nicolson,0.7142857142857142,0.07142857142857142,0.07837164914779769
60.0,crank_nicolson,0.7142857142857142,0.14285714285714285,0.15979277208629628
60.0,crank_nicolson,0.7142857142857142,0.21428571428571427,0.24039778485171825
60.0,crank_nicolson,0.7142857142857142,0.2857142857142857,0.3185111503256623
60.0,crank_nicolson,0.7142857142857142,0.3571428571428571,0.3893876035974692
60.0,crank_nicolson,0.7142857142857142,0.42857142857142855,0.44265056880442777
60.0,crank_nicolson,0.7142857142857142,0.5,0.46330962790034685
60.0,crank_nicolson,0.7142857142857142,0.5714285714285714,0.44265056880443154
60.0,crank_nicolson,0.7142857142857142,0.6428571428571428,0.3893876035974733
60.0,crank_nicolson,0.7142857142857142,0.7142857142857142,0.31851115032566407
60.0,crank_nicolson,0.7142857142857142,0.7857142857142857,0.24039778485171917
60.0,crank_nicolson,0.7142857142857142,0.8571428571428571,0.15979277208629708
60.0,crank_nicolson,0.7142857142857142,0.9285714285714285,0.07837164914779807
60.0,crank_nicolson,0.7142857142857142,1.0,-0.023458713337514692
60.0,crank_nicolson,0.7857142857142857,0.0,-0.023458713337514692
60.0,crank_nicolson,0.7857142857142857,0.07142857142857142,0.058558238839236276
60.0,crank_nicolson,0.7857142857142857,0.14285714285714285,0.12022243851086097
60.0,crank_nicolson,0.7857142857142857,0.21428571428571427,0.18126638557994165
60.0,crank_nicolson,0.7857142857142857,0.2857142857142857,0.2403977848517186
60.0,crank_nicolson,0.7857142857142857,0.3571428571428571,0.2940153745371938
60.0,crank_nicolson,0.7857142857142857,0.42857142857142855,0.3342964260819804
60.0,crank_nicolson,0.7857142857142857,0.5,0.34991886279793766
60.0,crank_nicolson,0.7857142857142857,0.5714285714285714,0.3342964260819827
60.0,crank_nicolson,0.7857142857142857,0.6428571428571428,0.2940153745371959
60.0,crank_nicolson,0.7857142857142857,0.7142857142857142,0.24039778485171953
60.0,crank_nicolson,0.7857142857142857,0.7857142857142857,0.1812663855799421
60.0,crank_nicolson,0.7857142857142857,0.8571428571428571,0.12022243851086126
60.0,crank_nicolson,0.7857142857142857,0.9285714285714285,0.05855823883923642
60.0,crank_nicolson,0.7857142857142857,1.0,-0.023458713337514692
60.0,crank_nicolson,0.8571428571428571,0.0,-0.023458713337514692
60.0,crank_nicolson,0.8571428571428571,0.07142857142857142,0.03813661451893158
60.0,crank_nicolson,0.8571428571428571,0.14285714285714285,0.07938401692938162
60.0,crank_nicolson,0.8571428571428571,0.21428571428571427,0.12022243851086072
60.0,crank_nicolson,0.8571428571428571,0.2857142857142857,0.15979277208629628
60.0,crank_nicolson,0.8571428571428571,0.3571428571428571,0.1956505112129128
60.0,crank_nicolson,0.8571428571428571,0.42857142857142855,0.2225796017497723
60.0,crank_nicolson,0.8571428571428571,0.5,0.23302252489733688
60.0,crank_nicolson,0.8571428571428571,0.5714285714285714,0.22257960174977495
60.0,crank_nicolson,0.8571428571428571,0.6428571428571428,0.19565051121291438
60.0,crank_nicolson,0.8571428571428571,0.7142857142857142,0.15979277208629697
60.0,crank_nicolson,0.8571428571428571,0.7857142857142857,0.12022243851086098
60.0,crank_nicolson,0.8571428571428571,0.8571428571428571,0.07938401692938174
60.0,crank_nicolson,0.8571428571428571,0.9285714285714285,0.038136614518931654
60.0,crank_nicolson,0.8571428571428571,1.0,-0.023458713337514692
60.0,crank_nicolson,0.9285714285714285,0.0,-0.023458713337514692
60.0,crank_nicolson,0.9285714285714285,0.07142857142857142,0.017397859987578305
60.0,crank_nicolson,0.9285714285714285,0.14285714285714285,0.03813661451893154
60.0,crank_nicolson,0.9285714285714285,0.21428571428571427,0.058558238839236075
60.0,crank_nicolson,0.9285714285714285,0.2857142857142857,0.07837164914779733
60.0,crank_nicolson,0.9285714285714285,0.3571428571428571,0.09632215249002879
60.0,crank_nicolson,0.9285714285714285,0.42857142857142855,0.10979918910008661
60.0,crank_nicolson,0.9285714285714285,0.5,0.11502497476905042
60.0,crank_nicolson,0.9285714285714285,0.5714285714285714,0.10979918910008782
60.0,crank_nicolson,0.9285714285714285,0.6428571428571428,0.09632215249002943
60.0,crank_nicolson,0.9285714285714285,0.7142857142857142,0.07837164914779769
60.0,crank_nicolson,0.9285714285714285,0.7857142857142857,0.058558238839236235
60.0,crank_nicolson,0.9285714285714285,0.8571428571428571,0.0381366145189316
60.0,crank_nicolson,0.9285714285714285,0.9285714285714285,0.01739785998757834
60.0,crank_nicolson,0.9285714285714285,1.0,-0.023458713337514692
60.0,crank_nicolson,1.0,0.0,-0.023458713337514692
60.0,crank_nicolson,1.0,0.07142857142857142,-0.023458713337514692
60.0,crank_nicolson,1.0,0.14285714285714285,-0.023458713337514692
60.0,crank_nicolson,1.0,0.21428571428571427,-0.023458713337514692
60.0,crank_nicolson,1.0,0.2857142857142857,-0.023458713337514692
60.0,crank_nicolson,1.0,0.3571428571428571,-0.023458713337514692
60.0,crank_nicolson,1.0,0.42857142857142855,-0.023458713337514692
60.0,crank_nicolson,1.0,0.5,-0.023458713337514692
60.0,crank_nicolson,1.0,0.5714285714285714,-0.023458713337514692
60.0,crank_nicolson,1.0,0.6428571428571428,-0.023458713337514692
60.0,crank_nicolson,1.0,0.7142857142857142,-0.023458713337514692
60.0,crank_nicolson,1.0,0.7857142857142857,-0.023458713337514692
60.0,crank_nicolson,1.0,0.8571428571428571,-0.023458713337514692
60.0,crank_nicolson,1.0,0.9285714285714285,-0.023458713337514692
60.0,crank_nicolson,1.0,1.0,-0.023458713337514692
